#Zeit[s]		Temperatur		Druck		Absorbtion	ohne LED	Blau	IR		Latitude		Longitude		Messpunkte: 100/s	LEDZeit: 10/s
54086005	2412	16.6689	1273	1026.89	0.028866	1312	0.0961172	0.0109158	0.0147985	51.725	9.96375
54086010	2410	16.4266	1279	1031.73	0.0772656	1309	0.0958974	0.0109158	0.0147985	51.725	9.96375
54086015	2411	16.5477	1276	1029.31	0.0530664	1312	0.0961172	0.0109158	0.0147985	51.725	9.96375
54086020	2410	16.4266	1266	1021.24	-0.0275995	1308	0.0958242	0.0109158	0.0147985	51.725	9.96375
54086025	2412	16.6689	1276	1029.31	0.0530664	1307	0.0957509	0.0109158	0.0147985	51.725	9.96375
54086030	2410	16.4266	1274	1027.69	0.0369336	1299	0.0951648	0.0109158	0.0147985	51.725	9.96375
54086035	2412	16.6689	1270	1024.47	0.00466675	1302	0.0953846	0.0109158	0.0147985	51.725	9.96375
54086040	2411	16.5477	1282	1034.15	0.101467	1298	0.0950916	0.0109158	0.0147985	51.725	9.96375
54086045	2412	16.6689	1288	1038.99	0.149867	1296	0.0949451	0.0109158	0.0147985	51.725	9.96375
54086050	2408	16.1843	1280	1032.53	0.0853345	1290	0.0949451	0.0109158	0.0945055	51.725	9.96375
54086055	2449	21.152	1275	1028.5	0.045	1648	0.0949451	0.0109158	0.120733	51.725	9.96375
54086060	2448	21.0308	1271	1025.27	0.0127332	1643	0.0949451	0.0109158	0.120366	51.725	9.96375
54086065	2451	21.3944	1282	1034.15	0.101467	1637	0.0949451	0.0109158	0.119927	51.725	9.96375
54086070	2449	21.152	1271	1025.27	0.0127332	1628	0.0949451	0.0109158	0.119267	51.725	9.96375
54086075	2451	21.3944	1279	1031.73	0.0772656	1621	0.0949451	0.0109158	0.118755	51.725	9.96375
54086080	2450	21.2731	1286	1037.37	0.133734	1616	0.0949451	0.0109158	0.118388	51.725	9.96375
54086085	2450	21.2731	1283	1034.95	0.109534	1612	0.0949451	0.0109158	0.118095	51.725	9.96375
54086090	2450	21.2731	1276	1029.31	0.0530664	1603	0.0949451	0.0109158	0.117436	51.725	9.96375
54086095	2449	21.152	1283	1034.95	0.109534	1598	0.0949451	0.0109158	0.11707	51.725	9.96375
54086100	2447	20.9096	1277	1030.11	0.0611328	1594	0.116777	0.0109158	0.11707	51.725	9.96375
54086105	2411	16.5477	1278	1030.92	0.0691992	1224	0.0896703	0.0109158	0.11707	51.725	9.96375
54086110	2410	16.4266	1267	1022.05	-0.0195331	1226	0.0898169	0.0109158	0.11707	51.725	9.96375
54086115	2414	16.9111	1275	1028.5	0.045	1222	0.0895238	0.0109158	0.11707	51.725	9.96375
54086120	2408	16.1843	1272	1026.08	0.0207996	1224	0.0896703	0.0109158	0.11707	51.725	9.96375
54086125	2410	16.4266	1283	1034.95	0.109534	1224	0.0896703	0.0109158	0.11707	51.725	9.96375
54086130	2408	16.1843	1277	1030.11	0.0611328	1225	0.0897436	0.0109158	0.11707	51.725	9.96375
54086135	2412	16.6689	1277	1030.11	0.0611328	1228	0.0899634	0.0109158	0.11707	51.725	9.96375
54086140	2410	16.4266	1281	1033.34	0.0934009	1231	0.0901832	0.0109158	0.11707	51.725	9.96375
54086145	2411	16.5477	1284	1035.76	0.1176	1238	0.090696	0.0109158	0.11707	51.725	9.96375
54086150	2410	16.4266	1268	1022.85	-0.0114667	1251	0.090696	0.0916484	0.11707	51.725	9.96375
54086155	2428	18.6073	1277	1030.11	0.0611328	1312	0.090696	0.0961172	0.11707	51.725	9.96375
54086160	2426	18.365	1283	1034.95	0.109534	1322	0.090696	0.0968498	0.11707	51.725	9.96375
54086165	2426	18.365	1276	1029.31	0.0530664	1335	0.090696	0.0978022	0.11707	51.725	9.96375
54086170	2427	18.4861	1272	1026.08	0.0207996	1355	0.090696	0.0992674	0.11707	51.725	9.96375
54086175	2428	18.6073	1284	1035.76	0.1176	1373	0.090696	0.100586	0.11707	51.725	9.96375
54086180	2428	18.6073	1286	1037.37	0.133734	1388	0.090696	0.101685	0.11707	51.725	9.96375
54086185	2426	18.365	1276	1029.31	0.0530664	1398	0.090696	0.102418	0.11707	51.725	9.96375
54086190	2429	18.7284	1281	1033.34	0.0934009	1416	0.090696	0.103736	0.11707	51.725	9.96375
54086195	2425	18.2438	1283	1034.95	0.109534	1420	0.090696	0.104029	0.11707	51.725	9.96375
54086200	2426	18.365	1282	1034.15	0.101467	1423	0.104249	0.104029	0.11707	51.725	9.96375
54086205	2410	16.4266	1279	1031.73	0.0772656	1381	0.101172	0.104029	0.11707	51.725	9.96375
54086210	2411	16.5477	1281	1033.34	0.0934009	1390	0.101832	0.104029	0.11707	51.725	9.96375
54086215	2408	16.1843	1274	1027.69	0.0369336	1397	0.102344	0.104029	0.11707	51.725	9.96375
54086220	2410	16.4266	1261	1017.21	-0.0679327	1405	0.10293	0.104029	0.11707	51.725	9.96375
54086225	2410	16.4266	1265	1020.43	-0.0356665	1406	0.103004	0.104029	0.11707	51.725	9.96375
54086230	2410	16.4266	1288	1038.99	0.149867	1427	0.104542	0.104029	0.11707	51.725	9.96375
54086235	2409	16.3055	1276	1029.31	0.0530664	1436	0.105201	0.104029	0.11707	51.725	9.96375
54086240	2410	16.4266	1275	1028.5	0.045	1449	0.106154	0.104029	0.11707	51.725	9.96375
54086245	2410	16.4266	1276	1029.31	0.0530664	1456	0.106667	0.104029	0.11707	51.725	9.96375
54086250	2407	16.0632	1288	1038.99	0.149867	1484	0.106667	0.104029	0.108718	51.725	9.96375
54086255	2447	20.9096	1275	1028.5	0.045	1856	0.106667	0.104029	0.135971	51.725	9.96375
54086260	2448	21.0308	1269	1023.66	-0.00339966	1866	0.106667	0.104029	0.136703	51.725	9.96377
54086265	2447	20.9096	1428	1151.92	1.2792	1874	0.106667	0.104029	0.137289	51.725	9.96377
54086270	2446	20.7884	1220	984.133	-0.398666	1885	0.106667	0.104029	0.138095	51.725	9.96377
54086275	2448	21.0308	1277	1030.11	0.0611328	1888	0.106667	0.104029	0.138315	51.725	9.96377
54086280	2449	21.152	1275	1028.5	0.045	1890	0.106667	0.104029	0.138462	51.725	9.96377
54086285	2448	21.0308	1276	1029.31	0.0530664	1709	0.106667	0.104029	0.125201	51.725	9.96377
54086290	2448	21.0308	1282	1034.15	0.101467	1888	0.106667	0.104029	0.138315	51.725	9.96377
54086295	2447	20.9096	1279	1031.73	0.0772656	1889	0.106667	0.104029	0.138388	51.725	9.96377
54086300	2447	20.9096	1270	1024.47	0.00466675	1884	0.138022	0.104029	0.138388	51.725	9.96377
54086305	2409	16.3055	1281	1033.34	0.0934009	1523	0.111575	0.104029	0.138388	51.725	9.96377
54086310	2410	16.4266	1290	1040.6	0.166	1515	0.110989	0.104029	0.138388	51.725	9.96377
54086315	2409	16.3055	1276	1029.31	0.0530664	1512	0.110769	0.104029	0.138388	51.725	9.96377
54086320	2409	16.3055	1281	1033.34	0.0934009	1484	0.108718	0.104029	0.138388	51.725	9.96377
54086325	2408	16.1843	1281	1033.34	0.0934009	1474	0.107985	0.104029	0.138388	51.725	9.96377
54086330	2410	16.4266	1278	1030.92	0.0691992	1470	0.107692	0.104029	0.138388	51.725	9.96377
54086335	2412	16.6689	1282	1034.15	0.101467	1466	0.107399	0.104029	0.138388	51.725	9.96377
54086340	2408	16.1843	1283	1034.95	0.109534	1463	0.107179	0.104029	0.138388	51.725	9.96377
54086345	2408	16.1843	1273	1026.89	0.028866	1446	0.105934	0.104029	0.138388	51.725	9.96377
54086350	2412	16.6689	1279	1031.73	0.0772656	1440	0.105495	0.104029	0.138388	51.725	9.96377
54086355	2411	16.5477	1282	1034.15	0.101467	1436	0.105201	0.104029	0.138388	51.725	9.96377
54086360	2408	16.1843	1288	1038.99	0.149867	1431	0.104835	0.104029	0.138388	51.725	9.96377
54086365	2408	16.1843	1279	1031.73	0.0772656	1424	0.104835	0.104322	0.138388	51.725	9.96377
54086370	2421	17.7592	1278	1030.92	0.0691992	1461	0.104835	0.107033	0.138388	51.725	9.96377
54086375	2425	18.2438	1283	1034.95	0.109534	1458	0.104835	0.106813	0.138388	51.725	9.96377
54086380	2424	18.1226	1281	1033.34	0.0934009	1453	0.104835	0.106447	0.138388	51.725	9.96377
54086385	2425	18.2438	1284	1035.76	0.1176	1443	0.104835	0.105714	0.138388	51.725	9.96377
54086390	2425	18.2438	1282	1034.15	0.101467	1440	0.104835	0.105495	0.138388	51.725	9.96377
54086395	2425	18.2438	1283	1034.95	0.109534	1435	0.104835	0.105128	0.138388	51.725	9.96377
54086400	2425	18.2438	1276	1029.31	0.0530664	1433	0.104835	0.104982	0.138388	51.725	9.96377
54086405	2425	18.2438	1280	1032.53	0.0853345	1421	0.104835	0.104103	0.138388	51.725	9.96377
54086410	2428	18.6073	1285	1036.57	0.125666	1420	0.104835	0.104029	0.138388	51.725	9.96377
54086415	2426	18.365	1292	1042.21	0.182134	1417	0.10381	0.104029	0.138388	51.725	9.96377
54086420	2408	16.1843	1277	1030.11	0.0611328	1364	0.0999267	0.104029	0.138388	51.725	9.96377
54086425	2408	16.1843	1280	1032.53	0.0853345	1360	0.0996337	0.104029	0.138388	51.725	9.96377
54086430	2410	16.4266	1284	1035.76	0.1176	1354	0.0991941	0.104029	0.138388	51.725	9.96377
54086435	2410	16.4266	1284	1035.76	0.1176	1348	0.0987546	0.104029	0.138388	51.725	9.96377
54086440	2409	16.3055	1278	1030.92	0.0691992	1351	0.0989744	0.104029	0.138388	51.725	9.96377
54086445	2410	16.4266	1278	1030.92	0.0691992	1341	0.0982418	0.104029	0.138388	51.725	9.96377
54086450	2406	15.9421	1282	1034.15	0.101467	1338	0.098022	0.104029	0.138388	51.725	9.96377
54086455	2409	16.3055	1281	1033.34	0.0934009	1333	0.0976557	0.104029	0.138388	51.725	9.96377
54086460	2406	15.9421	1288	1038.99	0.149867	1330	0.0974359	0.104029	0.138388	51.725	9.96377
54086465	2409	16.3055	1278	1030.92	0.0691992	1322	0.0974359	0.104029	0.0968498	51.725	9.96377
54086470	2448	21.0308	1277	1030.11	0.0611328	1687	0.0974359	0.104029	0.12359	51.725	9.96377
54086475	2446	20.7884	1285	1036.57	0.125666	1677	0.0974359	0.104029	0.122857	51.725	9.96377
54086480	2445	20.6672	1284	1035.76	0.1176	1676	0.0974359	0.104029	0.122784	51.725	9.96377
54086485	2448	21.0308	1269	1023.66	-0.00339966	1675	0.0974359	0.104029	0.122711	51.725	9.96377
54086490	2448	21.0308	1265	1020.43	-0.0356665	1674	0.0974359	0.104029	0.122637	51.725	9.96377
54086495	2445	20.6672	1277	1030.11	0.0611328	1672	0.0974359	0.104029	0.122491	51.725	9.96377
54086500	2446	20.7884	1283	1034.95	0.109534	1670	0.0974359	0.104029	0.122344	51.725	9.96377
54086505	2447	20.9096	1278	1030.92	0.0691992	1668	0.0974359	0.104029	0.122198	51.725	9.96377
54086510	2447	20.9096	1271	1025.27	0.0127332	1670	0.0974359	0.104029	0.122344	51.725	9.96377
54086515	2446	20.7884	1268	1022.85	-0.0114667	1672	0.122491	0.104029	0.122344	51.725	9.96377
54086520	2410	16.4266	1282	1034.15	0.101467	1312	0.0961172	0.104029	0.122344	51.725	9.96377
54086525	2409	16.3055	1278	1030.92	0.0691992	1316	0.0964103	0.104029	0.122344	51.725	9.96377
54086530	2408	16.1843	1285	1036.57	0.125666	1317	0.0964835	0.104029	0.122344	51.725	9.96377
54086535	2408	16.1843	1275	1028.5	0.045	1318	0.0965568	0.104029	0.122344	51.725	9.96377
54086540	2406	15.9421	1270	1024.47	0.00466675	1320	0.0967033	0.104029	0.122344	51.725	9.96377
54086545	2409	16.3055	1285	1036.57	0.125666	1328	0.0972894	0.104029	0.122344	51.725	9.96377
54086550	2408	16.1843	1283	1034.95	0.109534	1328	0.0972894	0.104029	0.122344	51.725	9.96377
54086555	2412	16.6689	1276	1029.31	0.0530664	1334	0.0977289	0.104029	0.122344	51.725	9.96377
54086560	2414	16.9111	1277	1030.11	0.0611328	1338	0.098022	0.104029	0.122344	51.725	9.96377
54086565	2408	16.1843	1277	1030.11	0.0611328	1342	0.098022	0.098315	0.122344	51.725	9.96377
54086570	2424	18.1226	1278	1030.92	0.0691992	1399	0.098022	0.102491	0.122344	51.725	9.96377
54086575	2425	18.2438	1283	1034.95	0.109534	1399	0.098022	0.102491	0.122344	51.725	9.96377
54086580	2425	18.2438	1284	1035.76	0.1176	1402	0.098022	0.102711	0.122344	51.725	9.96377
54086585	2425	18.2438	1275	1028.5	0.045	1412	0.098022	0.103443	0.122344	51.725	9.96377
54086590	2424	18.1226	1279	1031.73	0.0772656	1416	0.098022	0.103736	0.122344	51.725	9.96377
54086595	2426	18.365	1274	1027.69	0.0369336	1422	0.098022	0.104176	0.122344	51.725	9.96377
54086600	2424	18.1226	1273	1026.89	0.028866	1423	0.098022	0.104249	0.122344	51.725	9.96377
54086605	2425	18.2438	1283	1034.95	0.109534	1430	0.098022	0.104762	0.122344	51.725	9.96377
54086610	2426	18.365	1281	1033.34	0.0934009	1431	0.098022	0.104835	0.122344	51.725	9.96377
54086615	2424	18.1226	1281	1033.34	0.0934009	1438	0.105348	0.104835	0.122344	51.725	9.96377
54086620	2407	16.0632	1277	1030.11	0.0611328	1393	0.102051	0.104835	0.122344	51.725	9.96377
54086625	2409	16.3055	1279	1031.73	0.0772656	1402	0.102711	0.104835	0.122344	51.725	9.96377
54086630	2409	16.3055	1273	1026.89	0.028866	1401	0.102637	0.104835	0.122344	51.725	9.96377
54086635	2408	16.1843	1281	1033.34	0.0934009	1405	0.10293	0.104835	0.122344	51.725	9.96377
54086640	2407	16.0632	1283	1034.95	0.109534	1405	0.10293	0.104835	0.122344	51.725	9.96377
54086645	2410	16.4266	1278	1030.92	0.0691992	1412	0.103443	0.104835	0.122344	51.725	9.96377
54086650	2409	16.3055	1274	1027.69	0.0369336	1410	0.103297	0.104835	0.122344	51.725	9.96377
54086655	2408	16.1843	1274	1027.69	0.0369336	1414	0.10359	0.104835	0.122344	51.725	9.96377
54086660	2405	15.8209	1286	1037.37	0.133734	1413	0.103516	0.104835	0.122344	51.725	9.96377
54086665	2410	16.4266	1280	1032.53	0.0853345	1410	0.103516	0.104835	0.103297	51.725	9.96377
54086670	2446	20.7884	1278	1030.92	0.0691992	1771	0.103516	0.104835	0.129744	51.725	9.96377
54086675	2445	20.6672	1278	1030.92	0.0691992	1768	0.103516	0.104835	0.129524	51.725	9.96377
54086680	2444	20.546	1285	1036.57	0.125666	1765	0.103516	0.104835	0.129304	51.725	9.96377
54086685	2444	20.546	1284	1035.76	0.1176	1761	0.103516	0.104835	0.129011	51.725	9.96377
54086690	2447	20.9096	1278	1030.92	0.0691992	1756	0.103516	0.104835	0.128645	51.725	9.96377
54086695	2445	20.6672	1272	1026.08	0.0207996	1754	0.103516	0.104835	0.128498	51.725	9.96377
54086700	2445	20.6672	1278	1030.92	0.0691992	1751	0.103516	0.104835	0.128278	51.725	9.96377
54086705	2444	20.546	1274	1027.69	0.0369336	1745	0.103516	0.104835	0.127839	51.725	9.96377
54086710	2446	20.7884	1280	1032.53	0.0853345	1747	0.103516	0.104835	0.127985	51.725	9.96377
54086715	2447	20.9096	1272	1026.08	0.0207996	1744	0.127766	0.104835	0.127985	51.725	9.96377
54086720	2409	16.3055	1279	1031.73	0.0772656	1380	0.101099	0.104835	0.127985	51.725	9.96377
54086725	2411	16.5477	1271	1025.27	0.0127332	1377	0.100879	0.104835	0.127985	51.725	9.96377
54086730	2408	16.1843	1275	1028.5	0.045	1376	0.100806	0.104835	0.127985	51.725	9.96377
54086735	2410	16.4266	1276	1029.31	0.0530664	1374	0.100659	0.104835	0.127985	51.725	9.96377
54086740	2407	16.0632	1298	1047.05	0.230532	1371	0.10044	0.104835	0.127985	51.725	9.96377
54086745	2408	16.1843	1272	1026.08	0.0207996	1372	0.100513	0.104835	0.127985	51.725	9.96377
54086750	2409	16.3055	1116	900.24	-1.2376	1367	0.100147	0.104835	0.127985	51.725	9.96377
54086755	2409	16.3055	1330	1072.87	0.488667	1370	0.100366	0.104835	0.127985	51.725	9.96377
54086760	2413	16.79	1275	1028.5	0.045	1371	0.10044	0.104835	0.127985	51.725	9.96377
54086765	2405	15.8209	1283	1034.95	0.109534	1419	0.10044	0.103956	0.127985	51.725	9.96377
54086770	2424	18.1226	1282	1034.15	0.101467	1500	0.10044	0.10989	0.127985	51.725	9.96377
54086775	2425	18.2438	1289	1039.79	0.157933	1521	0.10044	0.111429	0.127985	51.725	9.96377
54086780	2426	18.365	1282	1034.15	0.101467	1542	0.10044	0.112967	0.127985	51.725	9.96377
54086785	2424	18.1226	1274	1027.69	0.0369336	1574	0.10044	0.115311	0.127985	51.725	9.96377
54086790	2426	18.365	1267	1022.05	-0.0195331	1563	0.10044	0.114505	0.127985	51.725	9.96377
54086795	2424	18.1226	1278	1030.92	0.0691992	1570	0.10044	0.115018	0.127985	51.725	9.96377
54086800	2425	18.2438	1284	1035.76	0.1176	1581	0.10044	0.115824	0.127985	51.725	9.96377
54086805	2428	18.6073	1284	1035.76	0.1176	1598	0.10044	0.11707	0.127985	51.725	9.96377
54086810	2428	18.6073	1280	1032.53	0.0853345	1620	0.10044	0.118681	0.127985	51.725	9.96377
54086815	2424	18.1226	1277	1030.11	0.0611328	1624	0.10044	0.118974	0.127985	51.725	9.96377
54086820	2424	18.1226	1277	1030.11	0.0611328	1612	0.10044	0.118095	0.127985	51.725	9.96377
54086825	2426	18.365	1277	1030.11	0.0611328	1571	0.10044	0.115092	0.127985	51.725	9.96377
54086830	2424	18.1226	1275	1028.5	0.045	1530	0.10044	0.112088	0.127985	51.725	9.96377
54086835	2424	18.1226	1266	1021.24	-0.0275995	1541	0.112894	0.112088	0.127985	51.725	9.96377
54086840	2406	15.9421	1279	1031.73	0.0772656	1440	0.105495	0.112088	0.127985	51.725	9.96377
54086845	2408	16.1843	1274	1027.69	0.0369336	1381	0.101172	0.112088	0.127985	51.725	9.96377
54086850	2407	16.0632	1279	1031.73	0.0772656	1355	0.0992674	0.112088	0.127985	51.725	9.96377
54086855	2409	16.3055	1280	1032.53	0.0853345	1353	0.0991209	0.112088	0.127985	51.725	9.96377
54086860	2408	16.1843	1282	1034.15	0.101467	1348	0.0987546	0.112088	0.127985	51.725	9.96377
54086865	2408	16.1843	1280	1032.53	0.0853345	1350	0.0989011	0.112088	0.127985	51.725	9.96377
54086870	2410	16.4266	1279	1031.73	0.0772656	1350	0.0989011	0.112088	0.127985	51.725	9.96377
54086875	2410	16.4266	1275	1028.5	0.045	1349	0.0988278	0.112088	0.127985	51.725	9.96377
54086880	2409	16.3055	1276	1029.31	0.0530664	1352	0.0990476	0.112088	0.127985	51.725	9.96377
54086885	2406	15.9421	1277	1030.11	0.0611328	1351	0.0990476	0.112088	0.0989744	51.725	9.96377
54086890	2446	20.7884	1278	1030.92	0.0691992	1714	0.0990476	0.112088	0.125568	51.725	9.96377
54086895	2444	20.546	1264	1019.63	-0.0437329	1716	0.0990476	0.112088	0.125714	51.725	9.96377
54086900	2445	20.6672	1274	1027.69	0.0369336	1718	0.0990476	0.112088	0.125861	51.725	9.96377
54086905	2444	20.546	1271	1025.27	0.0127332	1723	0.0990476	0.112088	0.126227	51.725	9.96377
54086910	2446	20.7884	1284	1035.76	0.1176	1728	0.0990476	0.112088	0.126593	51.725	9.96377
54086915	2445	20.6672	1277	1030.11	0.0611328	1730	0.0990476	0.112088	0.12674	51.725	9.96377
54086920	2444	20.546	1284	1035.76	0.1176	1732	0.0990476	0.112088	0.126886	51.725	9.96377
54086925	2446	20.7884	1278	1030.92	0.0691992	1737	0.0990476	0.112088	0.127253	51.725	9.96377
54086930	2445	20.6672	1289	1039.79	0.157933	1741	0.0990476	0.112088	0.127546	51.725	9.96377
54086935	2441	20.1825	1281	1033.34	0.0934009	1741	0.127546	0.112088	0.127546	51.725	9.96377
54086940	2408	16.1843	1276	1029.31	0.0530664	1386	0.101538	0.112088	0.127546	51.725	9.96377
54086945	2410	16.4266	1274	1027.69	0.0369336	1386	0.101538	0.112088	0.127546	51.725	9.96377
54086950	2410	16.4266	1265	1020.43	-0.0356665	1390	0.101832	0.112088	0.127546	51.725	9.96377
54086955	2409	16.3055	1266	1021.24	-0.0275995	1393	0.102051	0.112088	0.127546	51.725	9.96377
54086960	2408	16.1843	1275	1028.5	0.045	1393	0.102051	0.112088	0.127546	51.725	9.96377
54086965	2409	16.3055	1276	1029.31	0.0530664	1390	0.101832	0.112088	0.127546	51.725	9.96377
54086970	2408	16.1843	1285	1036.57	0.125666	1392	0.101978	0.112088	0.127546	51.725	9.96377
54086975	2414	16.9111	1280	1032.53	0.0853345	1395	0.102198	0.112088	0.127546	51.725	9.96377
54086980	2419	17.5169	1280	1032.53	0.0853345	1394	0.102125	0.112088	0.127546	51.725	9.96377
54086985	2420	17.638	1284	1035.76	0.1176	1397	0.102125	0.102344	0.127546	51.725	9.96377
54086990	2436	19.5766	1286	1037.37	0.133734	1450	0.102125	0.106227	0.127546	51.725	9.96377
54086995	2441	20.1825	1274	1027.69	0.0369336	1449	0.102125	0.106154	0.127546	51.725	9.96377
54087000	2445	20.6672	1266	1021.24	-0.0275995	1448	0.102125	0.106081	0.127546	51.725	9.96377
54087005	2444	20.546	1278	1030.92	0.0691992	1449	0.102125	0.106154	0.127546	51.725	9.96377
54087010	2446	20.7884	1275	1028.5	0.045	1453	0.102125	0.106447	0.127546	51.725	9.96377
54087015	2446	20.7884	1286	1037.37	0.133734	1458	0.102125	0.106813	0.127546	51.725	9.96377
54087020	2449	21.152	1287	1038.18	0.141801	1460	0.102125	0.10696	0.127546	51.725	9.96377
54087025	2446	20.7884	1281	1033.34	0.0934009	1467	0.102125	0.107473	0.127546	51.725	9.96377
54087030	2448	21.0308	1281	1033.34	0.0934009	1480	0.102125	0.108425	0.127546	51.725	9.96377
54087035	2448	21.0308	1276	1029.31	0.0530664	1480	0.108425	0.108425	0.127546	51.725	9.96377
54087040	2434	19.3343	1277	1030.11	0.0611328	1439	0.105421	0.108425	0.127546	51.725	9.96377
54087045	2434	19.3343	1280	1032.53	0.0853345	1444	0.105788	0.108425	0.127546	51.725	9.96377
54087050	2434	19.3343	1286	1037.37	0.133734	1457	0.10674	0.108425	0.127546	51.725	9.96377
54087055	2436	19.5766	1292	1042.21	0.182134	1457	0.10674	0.108425	0.127546	51.725	9.96377
54087060	2439	19.9401	1286	1037.37	0.133734	1464	0.107253	0.108425	0.127546	51.725	9.96377
54087065	2436	19.5766	1292	1042.21	0.182134	1469	0.107619	0.108425	0.127546	51.725	9.96377
54087070	2436	19.5766	1285	1036.57	0.125666	1483	0.108645	0.108425	0.127546	51.725	9.96377
54087075	2436	19.5766	1291	1041.41	0.174066	1490	0.109158	0.108425	0.127546	51.725	9.96377
54087080	2436	19.5766	1292	1042.21	0.182134	1494	0.109451	0.108425	0.127546	51.725	9.96377
54087085	2437	19.6978	1296	1045.44	0.214399	1499	0.109451	0.108425	0.109817	51.725	9.96377
54087090	2473	24.0609	1274	1027.69	0.0369336	1876	0.109451	0.108425	0.137436	51.725	9.96377
54087095	2472	23.9397	1287	1038.18	0.141801	1880	0.109451	0.108425	0.137729	51.725	9.96377
54087100	2476	24.4246	1293	1043.02	0.1902	1878	0.109451	0.108425	0.137582	51.725	9.96377
54087105	2473	24.0609	1290	1040.6	0.166	1869	0.109451	0.108425	0.136923	51.725	9.96377
54087110	2475	24.3034	1290	1040.6	0.166	744	0.109451	0.108425	0.0545055	51.725	9.96377
54087115	2476	24.4246	1294	1043.83	0.198267	450	0.109451	0.108425	0.032967	51.725	9.96377
54087120	2474	24.1822	1289	1039.79	0.157933	702	0.109451	0.108425	0.0514286	51.725	9.96377
54087125	2476	24.4246	1295	1044.63	0.206333	759	0.109451	0.108425	0.0556044	51.725	9.96377
54087130	2475	24.3034	1284	1035.76	0.1176	664	0.109451	0.108425	0.0486447	51.725	9.96377
54087135	2476	24.4246	1306	1053.51	0.295067	705	0.0516484	0.108425	0.0486447	51.725	9.96377
54087140	2440	20.0613	1296	1045.44	0.214399	611	0.0447619	0.108425	0.0486447	51.725	9.96377
54087145	2442	20.3037	1301	1049.47	0.254734	560	0.0410256	0.108425	0.0486447	51.725	9.96377
54087150	2441	20.1825	1297	1046.25	0.222466	504	0.0369231	0.108425	0.0486447	51.725	9.96377
54087155	2440	20.0613	1301	1049.47	0.254734	474	0.0347253	0.108425	0.0486447	51.725	9.96377
54087160	2437	19.6978	1299	1047.86	0.2386	441	0.0323077	0.108425	0.0486447	51.725	9.96377
54087165	2438	19.8189	1296	1045.44	0.214399	423	0.030989	0.108425	0.0486447	51.725	9.96377
54087170	2440	20.0613	1303	1051.09	0.270867	396	0.029011	0.108425	0.0486447	51.725	9.96377
54087175	2441	20.1825	1294	1043.83	0.198267	386	0.0282784	0.108425	0.0486447	51.725	9.96377
54087180	2440	20.0613	1297	1046.25	0.222466	379	0.0277656	0.108425	0.0486447	51.725	9.96377
54087185	2439	19.9401	1300	1048.67	0.246667	364	0.0277656	0.0266667	0.0486447	51.725	9.96377
54087190	2454	21.7579	1300	1048.67	0.246667	400	0.0277656	0.029304	0.0486447	51.725	9.96377
54087195	2454	21.7579	1308	1055.12	0.3112	392	0.0277656	0.0287179	0.0486447	51.725	9.96377
54087200	2457	22.1215	1307	1054.31	0.303134	384	0.0277656	0.0281319	0.0486447	51.725	9.96377
54087205	2453	21.6367	1301	1049.47	0.254734	381	0.0277656	0.0279121	0.0486447	51.725	9.96377
54087210	2457	22.1215	1306	1053.51	0.295067	367	0.0277656	0.0268864	0.0486447	51.725	9.96377
54087215	2455	21.8791	1310	1056.73	0.327333	363	0.0277656	0.0265934	0.0486447	51.725	9.96377
54087220	2457	22.1215	1301	1049.47	0.254734	203	0.0277656	0.0148718	0.0486447	51.725	9.96377
54087225	2457	22.1215	1277	1030.11	0.0611328	355	0.0277656	0.0260073	0.0486447	51.725	9.96377
54087230	2454	21.7579	1309	1055.93	0.319266	345	0.0277656	0.0252747	0.0486447	51.725	9.96377
54087235	2454	21.7579	1305	1052.7	0.287001	344	0.0252015	0.0252747	0.0486447	51.725	9.96377
54087240	2438	19.8189	1317	1062.38	0.3838	291	0.0213187	0.0252747	0.0486447	51.725	9.96377
54087245	2438	19.8189	1316	1061.57	0.375732	294	0.0215385	0.0252747	0.0486447	51.725	9.96377
54087250	2440	20.0613	1320	1064.8	0.408	292	0.0213919	0.0252747	0.0486447	51.725	9.96377
54087255	2439	19.9401	1302	1050.28	0.2628	288	0.0210989	0.0252747	0.0486447	51.725	9.96377
54087260	2437	19.6978	1312	1058.35	0.343467	287	0.0210256	0.0252747	0.0486447	51.725	9.96377
54087265	2443	20.4249	1310	1056.73	0.327333	290	0.0212454	0.0252747	0.0486447	51.725	9.96377
54087270	2441	20.1825	1322	1066.41	0.424133	272	0.0199267	0.0252747	0.0486447	51.725	9.96377
54087275	2438	19.8189	1317	1062.38	0.3838	266	0.0194872	0.0252747	0.0486447	51.725	9.96377
54087280	2442	20.3037	1319	1063.99	0.399933	264	0.0193407	0.0252747	0.0486447	51.725	9.96377
54087285	2440	20.0613	1323	1067.22	0.432201	261	0.0191209	0.0252747	0.0486447	51.725	9.96377
54087290	2440	20.0613	1335	1076.9	0.529	260	0.0190476	0.0252747	0.0486447	51.725	9.96377
54087295	2440	20.0613	1323	1067.22	0.432201	263	0.0192674	0.0252747	0.0486447	51.725	9.96377
54087300	2438	19.8189	1313	1059.15	0.351533	257	0.0188278	0.0252747	0.0486447	51.725	9.96377
54087305	2441	20.1825	1312	1058.35	0.343467	248	0.0181685	0.0252747	0.0486447	51.725	9.96377
54087310	2438	19.8189	1320	1064.8	0.408	246	0.018022	0.0252747	0.0486447	51.725	9.96377
54087315	2437	19.6978	1330	1072.87	0.488667	243	0.018022	0.0252747	0.0178022	51.725	9.96377
54087320	2474	24.1822	1329	1072.06	0.480601	346	0.018022	0.0252747	0.025348	51.725	9.96377
54087325	2477	24.5459	1329	1072.06	0.480601	337	0.018022	0.0252747	0.0246886	51.725	9.96377
54087330	2479	24.7883	1328	1071.25	0.472533	334	0.018022	0.0252747	0.0244689	51.725	9.96377
54087335	2473	24.0609	1332	1074.48	0.5048	329	0.018022	0.0252747	0.0241026	51.725	9.96377
54087340	2476	24.4246	1338	1079.32	0.553199	325	0.018022	0.0252747	0.0238095	51.725	9.96377
54087345	2475	24.3034	1321	1065.61	0.416067	319	0.018022	0.0252747	0.02337	51.725	9.96377
54087350	2474	24.1822	1336	1077.71	0.537067	315	0.018022	0.0252747	0.0230769	51.725	9.96377
54087355	2476	24.4246	1334	1076.09	0.520933	315	0.018022	0.0252747	0.0230769	51.725	9.96377
54087360	2477	24.5459	1327	1070.45	0.464467	310	0.018022	0.0252747	0.0227106	51.725	9.96377
54087365	2476	24.4246	1321	1065.61	0.416067	306	0.0224176	0.0252747	0.0227106	51.725	9.96377
54087370	2444	20.546	1327	1070.45	0.464467	195	0.0142857	0.0252747	0.0227106	51.725	9.96377
54087375	2439	19.9401	1335	1076.9	0.529	196	0.014359	0.0252747	0.0227106	51.725	9.96377
54087380	2440	20.0613	1322	1066.41	0.424133	196	0.014359	0.0252747	0.0227106	51.725	9.96377
54087385	2444	20.546	1330	1072.87	0.488667	191	0.0139927	0.0252747	0.0227106	51.725	9.96377
54087390	2439	19.9401	1332	1074.48	0.5048	188	0.0137729	0.0252747	0.0227106	51.725	9.96377
54087395	2440	20.0613	1335	1076.9	0.529	187	0.0136996	0.0252747	0.0227106	51.725	9.96377
54087400	2442	20.3037	1334	1076.09	0.520933	188	0.0137729	0.0252747	0.0227106	51.725	9.96377
54087405	2441	20.1825	1331	1073.67	0.496733	188	0.0137729	0.0252747	0.0227106	51.725	9.96377
54087410	2438	19.8189	1322	1066.41	0.424133	185	0.0135531	0.0252747	0.0227106	51.725	9.96377
54087415	2436	19.5766	1337	1078.51	0.545133	184	0.0135531	0.0134799	0.0227106	51.725	9.96377
54087420	2456	22.0003	1334	1076.09	0.520933	234	0.0135531	0.0171429	0.0227106	51.725	9.96377
54087425	2457	22.1215	1330	1072.87	0.488667	234	0.0135531	0.0171429	0.0227106	51.725	9.96377
54087430	2456	22.0003	1326	1069.64	0.4564	234	0.0135531	0.0171429	0.0227106	51.725	9.96377
54087435	2459	22.3639	1333	1075.29	0.512866	236	0.0135531	0.0172894	0.0227106	51.725	9.96377
54087440	2453	21.6367	1332	1074.48	0.5048	236	0.0135531	0.0172894	0.0227106	51.725	9.96377
54087445	2455	21.8791	1332	1074.48	0.5048	238	0.0135531	0.0174359	0.0227106	51.725	9.96377
54087450	2457	22.1215	1337	1078.51	0.545133	235	0.0135531	0.0172161	0.0227106	51.725	9.96377
54087455	2456	22.0003	1336	1077.71	0.537067	235	0.0135531	0.0172161	0.0227106	51.725	9.96377
54087460	2455	21.8791	1332	1074.48	0.5048	234	0.0135531	0.0171429	0.0227106	51.725	9.96377
54087465	2456	22.0003	1323	1067.22	0.432201	235	0.0172161	0.0171429	0.0227106	51.725	9.96377
54087470	2441	20.1825	1330	1072.87	0.488667	185	0.0135531	0.0171429	0.0227106	51.725	9.96377
54087475	2441	20.1825	1338	1079.32	0.553199	184	0.0134799	0.0171429	0.0227106	51.725	9.96377
54087480	2435	19.4554	1334	1076.09	0.520933	181	0.0132601	0.0171429	0.0227106	51.725	9.96377
54087485	2441	20.1825	1334	1076.09	0.520933	184	0.0134799	0.0171429	0.0227106	51.725	9.96377
54087490	2440	20.0613	1340	1080.93	0.569333	181	0.0132601	0.0171429	0.0227106	51.725	9.96377
54087495	2438	19.8189	1330	1072.87	0.488667	184	0.0134799	0.0171429	0.0227106	51.725	9.96377
54087500	2437	19.6978	1340	1080.93	0.569333	179	0.0131136	0.0171429	0.0227106	51.725	9.96377
54087505	2439	19.9401	1349	1088.19	0.641934	178	0.0130403	0.0171429	0.0227106	51.725	9.96377
54087510	2441	20.1825	1342	1082.55	0.585468	174	0.0127473	0.0171429	0.0227106	51.725	9.96377
54087515	2437	19.6978	1332	1074.48	0.5048	173	0.0127473	0.0171429	0.012674	51.725	9.96377
54087520	2474	24.1822	1345	1084.97	0.609667	281	0.0127473	0.0171429	0.0205861	51.725	9.96377
54087525	2474	24.1822	1342	1082.55	0.585468	276	0.0127473	0.0171429	0.0202198	51.725	9.96377
54087530	2480	24.9095	1329	1072.06	0.480601	272	0.0127473	0.0171429	0.0199267	51.725	9.96377
54087535	2477	24.5459	1346	1085.77	0.617733	272	0.0127473	0.0171429	0.0199267	51.725	9.96377
54087540	2477	24.5459	1339	1080.13	0.561266	270	0.0127473	0.0171429	0.0197802	51.725	9.96377
54087545	2474	24.1822	1354	1092.23	0.682267	266	0.0127473	0.0171429	0.0194872	51.725	9.96377
54087550	2474	24.1822	1344	1084.16	0.6016	267	0.0127473	0.0171429	0.0195604	51.725	9.96377
54087555	2475	24.3034	1349	1088.19	0.641934	262	0.0127473	0.0171429	0.0191941	51.725	9.96377
54087560	2476	24.4246	1341	1081.74	0.5774	261	0.0127473	0.0171429	0.0191209	51.725	9.96377
54087565	2477	24.5459	1328	1071.25	0.472533	261	0.0191209	0.0171429	0.0191209	51.725	9.96377
54087570	2441	20.1825	1346	1085.77	0.617733	150	0.010989	0.0171429	0.0191209	51.725	9.96377
54087575	2440	20.0613	1338	1079.32	0.553199	152	0.0111355	0.0171429	0.0191209	51.725	9.96377
54087580	2439	19.9401	1349	1088.19	0.641934	148	0.0108425	0.0171429	0.0191209	51.725	9.96377
54087585	2442	20.3037	1336	1077.71	0.537067	148	0.0108425	0.0171429	0.0191209	51.725	9.96377
54087590	2436	19.5766	1351	1089.81	0.658066	149	0.0109158	0.0171429	0.0191209	51.725	9.96377
54087595	2438	19.8189	1342	1082.55	0.585468	147	0.0107692	0.0171429	0.0191209	51.725	9.96377
54087600	2440	20.0613	1348	1087.39	0.633867	148	0.0108425	0.0171429	0.0191209	51.725	9.96377
54087605	2438	19.8189	1336	1077.71	0.537067	147	0.0107692	0.0171429	0.0191209	51.725	9.96377
54087610	2440	20.0613	1348	1087.39	0.633867	146	0.010696	0.0171429	0.0191209	51.725	9.96377
54087615	2441	20.1825	1344	1084.16	0.6016	142	0.010696	0.0104029	0.0191209	51.725	9.96377
54087620	2454	21.7579	1346	1085.77	0.617733	194	0.010696	0.0142125	0.0191209	51.725	9.96377
54087625	2455	21.8791	1350	1089	0.65	192	0.010696	0.0140659	0.0191209	51.725	9.96377
54087630	2456	22.0003	1351	1089.81	0.658066	190	0.010696	0.0139194	0.0191209	51.725	9.96377
54087635	2452	21.5156	1349	1088.19	0.641934	193	0.010696	0.0141392	0.0191209	51.725	9.96377
54087640	2456	22.0003	1353	1091.42	0.674199	190	0.010696	0.0139194	0.0191209	51.725	9.96377
54087645	2454	21.7579	1358	1095.45	0.714532	192	0.010696	0.0140659	0.0191209	51.725	9.96377
54087650	2455	21.8791	1342	1082.55	0.585468	185	0.010696	0.0135531	0.0191209	51.725	9.96377
54087655	2456	22.0003	1356	1093.84	0.6984	184	0.010696	0.0134799	0.0191209	51.725	9.96377
54087660	2453	21.6367	1354	1092.23	0.682267	186	0.010696	0.0136264	0.0191209	51.725	9.96377
54087665	2457	22.1215	1352	1090.61	0.666133	184	0.0134799	0.0136264	0.0191209	51.725	9.96377
54087670	2445	20.6672	1352	1090.61	0.666133	136	0.00996337	0.0136264	0.0191209	51.725	9.96377
54087675	2439	19.9401	1349	1088.19	0.641934	132	0.00967033	0.0136264	0.0191209	51.725	9.96377
54087680	2439	19.9401	1357	1094.65	0.706466	130	0.00952381	0.0136264	0.0191209	51.725	9.96377
54087685	2439	19.9401	1391	1122.07	0.980734	132	0.00967033	0.0136264	0.0191209	51.725	9.96377
54087690	2439	19.9401	1357	1094.65	0.706466	131	0.00959707	0.0136264	0.0191209	51.725	9.96377
54087695	2441	20.1825	1354	1092.23	0.682267	134	0.00981685	0.0136264	0.0191209	51.725	9.96377
54087700	2437	19.6978	1216	980.907	-0.430933	131	0.00959707	0.0136264	0.0191209	51.725	9.96377
54087705	2440	20.0613	1312	1058.35	0.343467	131	0.00959707	0.0136264	0.0191209	51.725	9.96377
54087710	2440	20.0613	1344	1084.16	0.6016	126	0.00923077	0.0136264	0.0191209	51.725	9.96377
54087715	2443	20.4249	1356	1093.84	0.6984	126	0.00923077	0.0136264	0.00923077	51.725	9.96377
54087720	2474	24.1822	1362	1098.68	0.746801	241	0.00923077	0.0136264	0.0176557	51.725	9.96377
54087725	2472	23.9397	1362	1098.68	0.746801	233	0.00923077	0.0136264	0.0170696	51.725	9.96377
54087730	2476	24.4246	1370	1105.13	0.811333	233	0.00923077	0.0136264	0.0170696	51.725	9.96377
54087735	2475	24.3034	1362	1098.68	0.746801	233	0.00923077	0.0136264	0.0170696	51.725	9.96377
54087740	2474	24.1822	1350	1089	0.65	232	0.00923077	0.0136264	0.0169963	51.725	9.96377
54087745	2478	24.6671	1359	1096.26	0.722599	233	0.00923077	0.0136264	0.0170696	51.725	9.96377
54087750	2473	24.0609	1365	1101.1	0.771	232	0.00923077	0.0136264	0.0169963	51.725	9.96377
54087755	2474	24.1822	1366	1101.91	0.779067	232	0.00923077	0.0136264	0.0169963	51.725	9.96377
54087760	2476	24.4246	1360	1097.07	0.730668	233	0.00923077	0.0136264	0.0170696	51.725	9.96377
54087765	2477	24.5459	1359	1096.26	0.722599	230	0.00923077	0.0136264	0.0168498	51.725	9.96377
54087770	2478	24.6671	1357	1094.65	0.706466	231	0.00923077	0.0136264	0.0169231	51.725	9.96377
54087775	2474	24.1822	1367	1102.71	0.787134	229	0.00923077	0.0136264	0.0167766	51.725	9.96377
54087780	2474	24.1822	1368	1103.52	0.7952	230	0.00923077	0.0136264	0.0168498	51.725	9.96377
54087785	2476	24.4246	1374	1108.36	0.8436	230	0.0168498	0.0136264	0.0168498	51.725	9.96377
54087790	2440	20.0613	1359	1096.26	0.722599	120	0.00879121	0.0136264	0.0168498	51.725	9.96377
54087795	2434	19.3343	1371	1105.94	0.819399	123	0.00901099	0.0136264	0.0168498	51.725	9.96377
54087800	2439	19.9401	1368	1103.52	0.7952	125	0.00915751	0.0136264	0.0168498	51.725	9.96377
54087805	2439	19.9401	1365	1101.1	0.771	123	0.00901099	0.0136264	0.0168498	51.725	9.96377
54087810	2439	19.9401	1361	1097.87	0.738734	122	0.00893773	0.0136264	0.0168498	51.725	9.96377
54087815	2439	19.9401	1370	1105.13	0.811333	121	0.00886447	0.0136264	0.0168498	51.725	9.96377
54087820	2439	19.9401	1371	1105.94	0.819399	123	0.00901099	0.0136264	0.0168498	51.725	9.96377
54087825	2441	20.1825	1380	1113.2	0.892001	125	0.00915751	0.0136264	0.0168498	51.725	9.96377
54087830	2438	19.8189	1369	1104.33	0.803267	124	0.00908425	0.0136264	0.0168498	51.725	9.96377
54087835	2440	20.0613	1367	1102.71	0.787134	124	0.00908425	0.00908425	0.0168498	51.725	9.96377
54087840	2456	22.0003	1376	1109.97	0.859733	172	0.00908425	0.0126007	0.0168498	51.725	9.96377
54087845	2456	22.0003	1376	1109.97	0.859733	176	0.00908425	0.0128938	0.0168498	51.725	9.96377
54087850	2455	21.8791	1378	1111.59	0.875867	176	0.00908425	0.0128938	0.0168498	51.725	9.96377
54087855	2453	21.6367	1385	1117.23	0.932334	177	0.00908425	0.012967	0.0168498	51.725	9.96377
54087860	2458	22.2427	1371	1105.94	0.819399	179	0.00908425	0.0131136	0.0168498	51.725	9.96377
54087865	2454	21.7579	1373	1107.55	0.835533	180	0.00908425	0.0131868	0.0168498	51.725	9.96377
54087870	2454	21.7579	1369	1104.33	0.803267	180	0.00908425	0.0131868	0.0168498	51.725	9.96377
54087875	2455	21.8791	1368	1103.52	0.7952	178	0.00908425	0.0130403	0.0168498	51.725	9.96377
54087880	2453	21.6367	1383	1115.62	0.9162	180	0.00908425	0.0131868	0.0168498	51.725	9.96377
54087885	2455	21.8791	1381	1114.01	0.900067	182	0.0133333	0.0131868	0.0168498	51.725	9.96377
54087890	2439	19.9401	1376	1109.97	0.859733	133	0.00974359	0.0131868	0.0168498	51.725	9.96377
54087895	2443	20.4249	1382	1114.81	0.908134	135	0.00989011	0.0131868	0.0168498	51.725	9.96377
54087900	2436	19.5766	1381	1114.01	0.900067	137	0.0100366	0.0131868	0.0168498	51.725	9.96377
54087905	2440	20.0613	1366	1101.91	0.779067	139	0.0101831	0.0131868	0.0168498	51.725	9.96377
54087910	2438	19.8189	1375	1109.17	0.851666	140	0.0102564	0.0131868	0.0168498	51.725	9.96377
54087915	2436	19.5766	1379	1112.39	0.883934	136	0.00996337	0.0131868	0.0168498	51.725	9.96377
54087920	2435	19.4554	1382	1114.81	0.908134	139	0.0101831	0.0131868	0.0168498	51.725	9.96377
54087925	2436	19.5766	1380	1113.2	0.892001	139	0.0101831	0.0131868	0.0168498	51.725	9.96377
54087930	2437	19.6978	1384	1116.43	0.924266	141	0.0103297	0.0131868	0.0168498	51.725	9.96377
54087935	2439	19.9401	1390	1121.27	0.972666	142	0.0103297	0.0131868	0.0104029	51.725	9.96377
54087940	2472	23.9397	1376	1109.97	0.859733	250	0.0103297	0.0131868	0.018315	51.725	9.96377
54087945	2472	23.9397	1382	1114.81	0.908134	252	0.0103297	0.0131868	0.0184615	51.725	9.96377
54087950	2476	24.4246	1378	1111.59	0.875867	249	0.0103297	0.0131868	0.0182418	51.725	9.96377
54087955	2476	24.4246	1372	1106.75	0.827467	252	0.0103297	0.0131868	0.0184615	51.725	9.96377
54087960	2475	24.3034	1385	1117.23	0.932334	253	0.0103297	0.0131868	0.0185348	51.725	9.96377
54087965	2476	24.4246	1377	1110.78	0.867799	251	0.0103297	0.0131868	0.0183883	51.725	9.96377
54087970	2471	23.8185	1377	1110.78	0.867799	255	0.0103297	0.0131868	0.0186813	51.725	9.96377
54087975	2474	24.1822	1384	1116.43	0.924266	253	0.0103297	0.0131868	0.0185348	51.725	9.96377
54087980	2474	24.1822	1391	1122.07	0.980734	254	0.0103297	0.0131868	0.0186081	51.725	9.96377
54087985	2475	24.3034	1388	1119.65	0.956533	259	0.0189744	0.0131868	0.0186081	51.725	9.96377
54087990	2439	19.9401	1386	1118.04	0.9404	146	0.010696	0.0131868	0.0186081	51.725	9.96377
54087995	2438	19.8189	1390	1121.27	0.972666	151	0.0110623	0.0131868	0.0186081	51.725	9.96377
54088000	2438	19.8189	1386	1118.04	0.9404	153	0.0112088	0.0131868	0.0186081	51.725	9.96377
54088005	2442	20.3037	1386	1118.04	0.9404	152	0.0111355	0.0131868	0.0186081	51.725	9.96377
54088010	2441	20.1825	1390	1121.27	0.972666	154	0.0112821	0.0131868	0.0186081	51.725	9.96377
54088015	2436	19.5766	1389	1120.46	0.9646	159	0.0116484	0.0131868	0.0186081	51.725	9.96377
54088020	2436	19.5766	1393	1123.69	0.996866	155	0.0113553	0.0131868	0.0186081	51.725	9.96377
54088025	2436	19.5766	1390	1121.27	0.972666	156	0.0114286	0.0131868	0.0186081	51.725	9.96377
54088030	2436	19.5766	1388	1119.65	0.956533	158	0.0115751	0.0131868	0.0186081	51.725	9.96377
54088035	2438	19.8189	1388	1119.65	0.956533	156	0.0115751	0.0114286	0.0186081	51.725	9.96377
54088040	2453	21.6367	1395	1125.3	1.013	208	0.0115751	0.0152381	0.0186081	51.725	9.96377
54088045	2453	21.6367	1391	1122.07	0.980734	204	0.0115751	0.0149451	0.0186081	51.725	9.96377
54088050	2456	22.0003	1390	1121.27	0.972666	210	0.0115751	0.0153846	0.0186081	51.725	9.96377
54088055	2453	21.6367	1382	1114.81	0.908134	207	0.0115751	0.0151648	0.0186081	51.725	9.96377
54088060	2456	22.0003	1390	1121.27	0.972666	209	0.0115751	0.0153114	0.0186081	51.725	9.96377
54088065	2456	22.0003	1387	1118.85	0.948467	209	0.0115751	0.0153114	0.0186081	51.725	9.96377
54088070	2452	21.5156	1388	1119.65	0.956533	209	0.0115751	0.0153114	0.0186081	51.725	9.96377
54088075	2452	21.5156	1380	1113.2	0.892001	212	0.0115751	0.0155311	0.0186081	51.725	9.96377
54088080	2454	21.7579	1392	1122.88	0.9888	210	0.0115751	0.0153846	0.0186081	51.725	9.96377
54088085	2453	21.6367	1396	1126.11	1.02107	211	0.0154579	0.0153846	0.0186081	51.725	9.96377
54088090	2438	19.8189	1394	1124.49	1.00493	161	0.0117949	0.0153846	0.0186081	51.725	9.96377
54088095	2436	19.5766	1391	1122.07	0.980734	160	0.0117216	0.0153846	0.0186081	51.725	9.96377
54088100	2438	19.8189	1385	1117.23	0.932334	163	0.0119414	0.0153846	0.0186081	51.725	9.96377
54088105	2440	20.0613	1396	1126.11	1.02107	163	0.0119414	0.0153846	0.0186081	51.725	9.96377
54088110	2441	20.1825	1405	1133.37	1.09367	164	0.0120147	0.0153846	0.0186081	51.725	9.96377
54088115	2435	19.4554	1397	1126.91	1.02913	164	0.0120147	0.0153846	0.0186081	51.725	9.96377
54088120	2438	19.8189	1406	1134.17	1.10173	164	0.0120147	0.0153846	0.0186081	51.725	9.96377
54088125	2443	20.4249	1397	1126.91	1.02913	168	0.0123077	0.0153846	0.0186081	51.725	9.96377
54088130	2437	19.6978	1387	1118.85	0.948467	164	0.0120147	0.0153846	0.0186081	51.725	9.96377
54088135	2434	19.3343	1388	1119.65	0.956533	166	0.0120147	0.0153846	0.0121612	51.725	9.96377
54088140	2472	23.9397	1390	1121.27	0.972666	271	0.0120147	0.0153846	0.0198535	51.725	9.96377
54088145	2472	23.9397	1405	1133.37	1.09367	273	0.0120147	0.0153846	0.02	51.725	9.96377
54088150	2476	24.4246	1404	1132.56	1.0856	273	0.0120147	0.0153846	0.02	51.725	9.96377
54088155	2474	24.1822	1402	1130.95	1.06947	275	0.0120147	0.0153846	0.0201465	51.725	9.96377
54088160	2474	24.1822	1405	1133.37	1.09367	272	0.0120147	0.0153846	0.0199267	51.725	9.96377
54088165	2473	24.0609	1395	1125.3	1.013	273	0.0120147	0.0153846	0.02	51.725	9.96377
54088170	2533	31.3369	1405	1133.37	1.09367	276	0.0120147	0.0153846	0.0202198	51.725	9.96377
54088175	2474	24.1822	1486	1198.71	1.74707	275	0.0120147	0.0153846	0.0201465	51.725	9.96377
54088180	2473	24.0609	1397	1126.91	1.02913	274	0.0120147	0.0153846	0.0200733	51.725	9.96377
54088185	2472	23.9397	1406	1134.17	1.10173	275	0.0201465	0.0153846	0.0200733	51.725	9.96377
54088190	2435	19.4554	1403	1131.75	1.07753	167	0.0122344	0.0153846	0.0200733	51.725	9.96377
54088195	2436	19.5766	1398	1127.72	1.0372	164	0.0120147	0.0153846	0.0200733	51.725	9.96377
54088200	2434	19.3343	1400	1129.33	1.05333	166	0.0121612	0.0153846	0.0200733	51.725	9.96377
54088205	2434	19.3343	1408	1135.79	1.11787	171	0.0125275	0.0153846	0.0200733	51.725	9.96377
54088210	2438	19.8189	1411	1138.21	1.14207	163	0.0119414	0.0153846	0.0200733	51.725	9.96377
54088215	2436	19.5766	1406	1134.17	1.10173	166	0.0121612	0.0153846	0.0200733	51.725	9.96377
54088220	2436	19.5766	1390	1121.27	0.972666	167	0.0122344	0.0153846	0.0200733	51.725	9.96377
54088225	2434	19.3343	1399	1128.53	1.04527	162	0.0118681	0.0153846	0.0200733	51.725	9.96377
54088230	2435	19.4554	1410	1137.4	1.134	170	0.0124542	0.0153846	0.0200733	51.725	9.96377
54088235	2433	19.2131	1397	1126.91	1.02913	165	0.0120879	0.0153846	0.0200733	51.725	9.96377
54088240	2434	19.3343	1398	1127.72	1.0372	162	0.0118681	0.0153846	0.0200733	51.725	9.96377
54088245	2434	19.3343	1402	1130.95	1.06947	164	0.0120147	0.0153846	0.0200733	51.725	9.96377
54088250	2434	19.3343	1410	1137.4	1.134	162	0.0118681	0.0153846	0.0200733	51.725	9.96377
54088255	2434	19.3343	1408	1135.79	1.11787	164	0.0120147	0.0153846	0.0200733	51.725	9.96377
54088260	2430	18.8496	1403	1131.75	1.07753	161	0.0117949	0.0153846	0.0200733	51.725	9.96377
54088265	2436	19.5766	1405	1133.37	1.09367	162	0.0117949	0.0118681	0.0200733	51.725	9.96377
54088270	2452	21.5156	1397	1126.91	1.02913	215	0.0117949	0.0157509	0.0200733	51.725	9.96377
54088275	2449	21.152	1412	1139.01	1.15013	213	0.0117949	0.0156044	0.0200733	51.725	9.96377
54088280	2449	21.152	1410	1137.4	1.134	215	0.0117949	0.0157509	0.0200733	51.725	9.96377
54088285	2452	21.5156	1395	1125.3	1.013	212	0.0117949	0.0155311	0.0200733	51.725	9.96377
54088290	2447	20.9096	1404	1132.56	1.0856	208	0.0117949	0.0152381	0.0200733	51.725	9.96377
54088295	2452	21.5156	1409	1136.59	1.12593	210	0.0117949	0.0153846	0.0200733	51.725	9.96377
54088300	2450	21.2731	1405	1133.37	1.09367	212	0.0117949	0.0155311	0.0200733	51.725	9.96377
54088305	2450	21.2731	1395	1125.3	1.013	211	0.0117949	0.0154579	0.0200733	51.725	9.96377
54088310	2448	21.0308	1408	1135.79	1.11787	210	0.0117949	0.0153846	0.0200733	51.725	9.96377
54088315	2451	21.3944	1410	1137.4	1.134	209	0.0153114	0.0153846	0.0200733	51.725	9.96377
54088320	2436	19.5766	1408	1135.79	1.11787	161	0.0117949	0.0153846	0.0200733	51.725	9.96377
54088325	2434	19.3343	1400	1129.33	1.05333	160	0.0117216	0.0153846	0.0200733	51.725	9.96377
54088330	2435	19.4554	1405	1133.37	1.09367	162	0.0118681	0.0153846	0.0200733	51.725	9.96377
54088335	2434	19.3343	1412	1139.01	1.15013	163	0.0119414	0.0153846	0.0200733	51.725	9.96377
54088340	2437	19.6978	1411	1138.21	1.14207	157	0.0115018	0.0153846	0.0200733	51.725	9.96377
54088345	2437	19.6978	1409	1136.59	1.12593	156	0.0114286	0.0153846	0.0200733	51.725	9.96377
54088350	2439	19.9401	1404	1132.56	1.0856	157	0.0115018	0.0153846	0.0200733	51.725	9.96377
54088355	2438	19.8189	1412	1139.01	1.15013	161	0.0117949	0.0153846	0.0200733	51.725	9.96377
54088360	2435	19.4554	1408	1135.79	1.11787	161	0.0117949	0.0153846	0.0200733	51.725	9.96377
54088365	2435	19.4554	1412	1139.01	1.15013	158	0.0117949	0.0153846	0.0115751	51.725	9.96377
54088370	2471	23.8185	1402	1130.95	1.06947	266	0.0117949	0.0153846	0.0194872	51.725	9.96377
54088375	2471	23.8185	1411	1138.21	1.14207	265	0.0117949	0.0153846	0.0194139	51.725	9.96377
54088380	2470	23.6973	1407	1134.98	1.1098	264	0.0117949	0.0153846	0.0193407	51.725	9.96377
54088385	2474	24.1822	1399	1128.53	1.04527	267	0.0117949	0.0153846	0.0195604	51.725	9.96377
54088390	2473	24.0609	1396	1126.11	1.02107	264	0.0117949	0.0153846	0.0193407	51.725	9.96377
54088395	2474	24.1822	1408	1135.79	1.11787	263	0.0117949	0.0153846	0.0192674	51.725	9.96377
54088400	2474	24.1822	1404	1132.56	1.0856	266	0.0117949	0.0153846	0.0194872	51.725	9.96377
54088405	2473	24.0609	1400	1129.33	1.05333	264	0.0117949	0.0153846	0.0193407	51.725	9.96377
54088410	2474	24.1822	1395	1125.3	1.013	262	0.0117949	0.0153846	0.0191941	51.725	9.96377
54088415	2475	24.3034	1408	1135.79	1.11787	262	0.0191941	0.0153846	0.0191941	51.725	9.96377
54088420	2436	19.5766	1403	1131.75	1.07753	154	0.0112821	0.0153846	0.0191941	51.725	9.96377
54088425	2436	19.5766	1402	1130.95	1.06947	154	0.0112821	0.0153846	0.0191941	51.725	9.96377
54088430	2435	19.4554	1398	1127.72	1.0372	153	0.0112088	0.0153846	0.0191941	51.725	9.96377
54088435	2439	19.9401	1405	1133.37	1.09367	155	0.0113553	0.0153846	0.0191941	51.725	9.96377
54088440	2436	19.5766	1404	1132.56	1.0856	154	0.0112821	0.0153846	0.0191941	51.725	9.96377
54088445	2434	19.3343	1398	1127.72	1.0372	156	0.0114286	0.0153846	0.0191941	51.725	9.96377
54088450	2439	19.9401	1407	1134.98	1.1098	158	0.0115751	0.0153846	0.0191941	51.725	9.96377
54088455	2435	19.4554	1410	1137.4	1.134	157	0.0115018	0.0153846	0.0191941	51.725	9.96377
54088460	2434	19.3343	1403	1131.75	1.07753	154	0.0112821	0.0153846	0.0191941	51.725	9.96377
54088465	2436	19.5766	1400	1129.33	1.05333	159	0.0112821	0.0116484	0.0191941	51.725	9.96377
54088470	2450	21.2731	1394	1124.49	1.00493	205	0.0112821	0.0150183	0.0191941	51.725	9.96377
54088475	2453	21.6367	1406	1134.17	1.10173	202	0.0112821	0.0147985	0.0191941	51.725	9.96377
54088480	2453	21.6367	1400	1129.33	1.05333	204	0.0112821	0.0149451	0.0191941	51.725	9.96377
54088485	2451	21.3944	1402	1130.95	1.06947	205	0.0112821	0.0150183	0.0191941	51.725	9.96377
54088490	2451	21.3944	1398	1127.72	1.0372	205	0.0112821	0.0150183	0.0191941	51.725	9.96377
54088495	2450	21.2731	1406	1134.17	1.10173	204	0.0112821	0.0149451	0.0191941	51.725	9.96377
54088500	2450	21.2731	1406	1134.17	1.10173	202	0.0112821	0.0147985	0.0191941	51.725	9.96377
54088505	2451	21.3944	1394	1124.49	1.00493	204	0.0112821	0.0149451	0.0191941	51.725	9.96377
54088510	2451	21.3944	1404	1132.56	1.0856	206	0.0112821	0.0150916	0.0191941	51.725	9.96377
54088515	2451	21.3944	1409	1136.59	1.12593	204	0.0149451	0.0150916	0.0191941	51.725	9.96377
54088520	2435	19.4554	1396	1126.11	1.02107	153	0.0112088	0.0150916	0.0191941	51.725	9.96377
54088525	2435	19.4554	1408	1135.79	1.11787	154	0.0112821	0.0150916	0.0191941	51.725	9.96377
54088530	2434	19.3343	1412	1139.01	1.15013	155	0.0113553	0.0150916	0.0191941	51.725	9.96377
54088535	2434	19.3343	1400	1129.33	1.05333	154	0.0112821	0.0150916	0.0191941	51.725	9.96377
54088540	2434	19.3343	1403	1131.75	1.07753	157	0.0115018	0.0150916	0.0191941	51.725	9.96377
54088545	2436	19.5766	1402	1130.95	1.06947	152	0.0111355	0.0150916	0.0191941	51.725	9.96377
54088550	2435	19.4554	1409	1136.59	1.12593	154	0.0112821	0.0150916	0.0191941	51.725	9.96377
54088555	2435	19.4554	1406	1134.17	1.10173	154	0.0112821	0.0150916	0.0191941	51.725	9.96377
54088560	2432	19.0919	1408	1135.79	1.11787	156	0.0114286	0.0150916	0.0191941	51.725	9.96377
54088565	2439	19.9401	1414	1140.63	1.16627	163	0.0114286	0.0150916	0.0119414	51.725	9.96377
54088570	2468	23.4548	1411	1138.21	1.14207	264	0.0114286	0.0150916	0.0193407	51.725	9.96377
54088575	2469	23.576	1411	1138.21	1.14207	264	0.0114286	0.0150916	0.0193407	51.725	9.96377
54088580	2469	23.576	1412	1139.01	1.15013	264	0.0114286	0.0150916	0.0193407	51.725	9.96377
54088585	2467	23.3336	1410	1137.4	1.134	265	0.0114286	0.0150916	0.0194139	51.725	9.96377
54088590	2472	23.9397	1410	1137.4	1.134	263	0.0114286	0.0150916	0.0192674	51.725	9.96377
54088595	2472	23.9397	1411	1138.21	1.14207	262	0.0114286	0.0150916	0.0191941	51.725	9.96377
54088600	2473	24.0609	1410	1137.4	1.134	262	0.0114286	0.0150916	0.0191941	51.725	9.96377
54088605	2471	23.8185	1407	1134.98	1.1098	263	0.0114286	0.0150916	0.0192674	51.725	9.96377
54088610	2468	23.4548	1394	1124.49	1.00493	264	0.0114286	0.0150916	0.0193407	51.725	9.96377
54088615	2472	23.9397	1406	1134.17	1.10173	263	0.0192674	0.0150916	0.0193407	51.725	9.96377
54088620	2436	19.5766	1415	1141.43	1.17433	158	0.0115751	0.0150916	0.0193407	51.725	9.96377
54088625	2433	19.2131	1414	1140.63	1.16627	153	0.0112088	0.0150916	0.0193407	51.725	9.96377
54088630	2431	18.9708	1416	1142.24	1.1824	162	0.0118681	0.0150916	0.0193407	51.725	9.96377
54088635	2430	18.8496	1416	1142.24	1.1824	157	0.0115018	0.0150916	0.0193407	51.725	9.96377
54088640	2434	19.3343	1373	1107.55	0.835533	156	0.0114286	0.0150916	0.0193407	51.725	9.96377
54088645	2430	18.8496	1393	1123.69	0.996866	158	0.0115751	0.0150916	0.0193407	51.725	9.96377
54088650	2436	19.5766	1402	1130.95	1.06947	156	0.0114286	0.0150916	0.0193407	51.725	9.96377
54088655	2434	19.3343	1406	1134.17	1.10173	324	0.0237363	0.0150916	0.0193407	51.725	9.96377
54088660	2433	19.2131	1464	1180.96	1.5696	158	0.0115751	0.0150916	0.0193407	51.725	9.96377
54088665	2431	18.9708	1406	1134.17	1.10173	159	0.0115751	0.0116484	0.0193407	51.725	9.96377
54088670	2446	20.7884	1412	1139.01	1.15013	208	0.0115751	0.0152381	0.0193407	51.725	9.96377
54088675	2447	20.9096	1410	1137.4	1.134	207	0.0115751	0.0151648	0.0193407	51.725	9.96377
54088680	2445	20.6672	1411	1138.21	1.14207	207	0.0115751	0.0151648	0.0193407	51.725	9.96377
54088685	2448	21.0308	1413	1139.82	1.1582	208	0.0115751	0.0152381	0.0193407	51.725	9.96377
54088690	2447	20.9096	1416	1142.24	1.1824	210	0.0115751	0.0153846	0.0193407	51.725	9.96377
54088695	2450	21.2731	1415	1141.43	1.17433	210	0.0115751	0.0153846	0.0193407	51.725	9.96377
54088700	2449	21.152	1413	1139.82	1.1582	210	0.0115751	0.0153846	0.0193407	51.725	9.96377
54088705	2446	20.7884	1413	1139.82	1.1582	210	0.0115751	0.0153846	0.0193407	51.725	9.96377
54088710	2448	21.0308	1409	1136.59	1.12593	212	0.0115751	0.0155311	0.0193407	51.725	9.96377
54088715	2452	21.5156	1411	1138.21	1.14207	212	0.0115751	0.0155311	0.0193407	51.725	9.96377
54088720	2445	20.6672	1414	1140.63	1.16627	213	0.0115751	0.0156044	0.0193407	51.725	9.96377
54088725	2451	21.3944	1406	1134.17	1.10173	216	0.0115751	0.0158242	0.0193407	51.725	9.96377
54088730	2448	21.0308	1413	1139.82	1.1582	213	0.0115751	0.0156044	0.0193407	51.725	9.96377
54088735	2448	21.0308	1410	1137.4	1.134	214	0.0156777	0.0156044	0.0193407	51.725	9.96377
54088740	2434	19.3343	1426	1150.31	1.26307	165	0.0120879	0.0156044	0.0193407	51.725	9.96377
54088745	2434	19.3343	1419	1144.66	1.2066	166	0.0121612	0.0156044	0.0193407	51.725	9.96377
54088750	2434	19.3343	1421	1146.27	1.22273	163	0.0119414	0.0156044	0.0193407	51.725	9.96377
54088755	2428	18.6073	1413	1139.82	1.1582	165	0.0120879	0.0156044	0.0193407	51.725	9.96377
54088760	2432	19.0919	1413	1139.82	1.1582	165	0.0120879	0.0156044	0.0193407	51.725	9.96377
54088765	2432	19.0919	1419	1144.66	1.2066	164	0.0120147	0.0156044	0.0193407	51.725	9.96377
54088770	2435	19.4554	1413	1139.82	1.1582	168	0.0123077	0.0156044	0.0193407	51.725	9.96377
54088775	2429	18.7284	1419	1144.66	1.2066	167	0.0122344	0.0156044	0.0193407	51.725	9.96377
54088780	2433	19.2131	1414	1140.63	1.16627	171	0.0125275	0.0156044	0.0193407	51.725	9.96377
54088785	2432	19.0919	1409	1136.59	1.12593	171	0.0125275	0.0156044	0.0125275	51.725	9.96377
54088790	2468	23.4548	1404	1132.56	1.0856	276	0.0125275	0.0156044	0.0202198	51.725	9.96377
54088795	2468	23.4548	1422	1147.08	1.2308	276	0.0125275	0.0156044	0.0202198	51.725	9.96377
54088800	2467	23.3336	1416	1142.24	1.1824	275	0.0125275	0.0156044	0.0201465	51.725	9.96377
54088805	2465	23.0912	1418	1143.85	1.19853	277	0.0125275	0.0156044	0.020293	51.725	9.96377
54088810	2466	23.2124	1420	1145.47	1.21467	274	0.0125275	0.0156044	0.0200733	51.725	9.96377
54088815	2469	23.576	1412	1139.01	1.15013	277	0.0125275	0.0156044	0.020293	51.725	9.96377
54088820	2468	23.4548	1420	1145.47	1.21467	277	0.0125275	0.0156044	0.020293	51.725	9.96377
54088825	2467	23.3336	1421	1146.27	1.22273	278	0.0125275	0.0156044	0.0203663	51.725	9.96377
54088830	2468	23.4548	1422	1147.08	1.2308	277	0.0125275	0.0156044	0.020293	51.725	9.96377
54088835	2470	23.6973	1408	1135.79	1.11787	276	0.0202198	0.0156044	0.020293	51.725	9.96377
54088840	2431	18.9708	1428	1151.92	1.2792	170	0.0124542	0.0156044	0.020293	51.725	9.96377
54088845	2428	18.6073	1421	1146.27	1.22273	170	0.0124542	0.0156044	0.020293	51.725	9.96377
54088850	2437	19.6978	1424	1148.69	1.24693	175	0.0128205	0.0156044	0.020293	51.725	9.96377
54088855	2428	18.6073	1417	1143.05	1.19047	168	0.0123077	0.0156044	0.020293	51.725	9.96377
54088860	2429	18.7284	1420	1145.47	1.21467	172	0.0126007	0.0156044	0.020293	51.725	9.96377
54088865	2433	19.2131	1420	1145.47	1.21467	171	0.0125275	0.0156044	0.020293	51.725	9.96377
54088870	2428	18.6073	1420	1145.47	1.21467	165	0.0120879	0.0156044	0.020293	51.725	9.96377
54088875	2429	18.7284	1419	1144.66	1.2066	170	0.0124542	0.0156044	0.020293	51.725	9.96377
54088880	2432	19.0919	1414	1140.63	1.16627	169	0.012381	0.0156044	0.020293	51.725	9.96377
54088885	2432	19.0919	1416	1142.24	1.1824	168	0.012381	0.0123077	0.020293	51.725	9.96377
54088890	2446	20.7884	1415	1141.43	1.17433	216	0.012381	0.0158242	0.020293	51.725	9.96377
54088895	2447	20.9096	1422	1147.08	1.2308	216	0.012381	0.0158242	0.020293	51.725	9.96377
54088900	2446	20.7884	1420	1145.47	1.21467	213	0.012381	0.0156044	0.020293	51.725	9.96377
54088905	2443	20.4249	1433	1155.95	1.31953	214	0.012381	0.0156777	0.020293	51.725	9.96377
54088910	2444	20.546	1414	1140.63	1.16627	212	0.012381	0.0155311	0.020293	51.725	9.96377
54088915	2447	20.9096	1414	1140.63	1.16627	212	0.012381	0.0155311	0.020293	51.725	9.96377
54088920	2445	20.6672	1419	1144.66	1.2066	212	0.012381	0.0155311	0.020293	51.725	9.96377
54088925	2447	20.9096	1420	1145.47	1.21467	210	0.012381	0.0153846	0.020293	51.725	9.96377
54088930	2445	20.6672	1410	1137.4	1.134	211	0.012381	0.0154579	0.020293	51.725	9.96377
54088935	2446	20.7884	1430	1153.53	1.29533	209	0.0153114	0.0154579	0.020293	51.725	9.96377
54088940	2430	18.8496	1424	1148.69	1.24693	163	0.0119414	0.0154579	0.020293	51.725	9.96377
54088945	2433	19.2131	1420	1145.47	1.21467	159	0.0116484	0.0154579	0.020293	51.725	9.96377
54088950	2432	19.0919	1415	1141.43	1.17433	157	0.0115018	0.0154579	0.020293	51.725	9.96377
54088955	2427	18.4861	1420	1145.47	1.21467	157	0.0115018	0.0154579	0.020293	51.725	9.96377
54088960	2433	19.2131	1424	1148.69	1.24693	156	0.0114286	0.0154579	0.020293	51.725	9.96377
54088965	2433	19.2131	1422	1147.08	1.2308	156	0.0114286	0.0154579	0.020293	51.725	9.96377
54088970	2429	18.7284	1414	1140.63	1.16627	154	0.0112821	0.0154579	0.020293	51.725	9.96377
54088975	2427	18.4861	1418	1143.85	1.19853	154	0.0112821	0.0154579	0.020293	51.725	9.96377
54088980	2427	18.4861	1416	1142.24	1.1824	153	0.0112088	0.0154579	0.020293	51.725	9.96377
54088985	2436	19.5766	1416	1142.24	1.1824	150	0.0112088	0.0154579	0.010989	51.725	9.96377
54088990	2462	22.7276	1418	1143.85	1.19853	256	0.0112088	0.0154579	0.0187546	51.725	9.96377
54088995	2467	23.3336	1427	1151.11	1.27113	260	0.0112088	0.0154579	0.0190476	51.725	9.96377
54089000	2466	23.2124	1425	1149.5	1.255	256	0.0112088	0.0154579	0.0187546	51.725	9.96377
54089005	2467	23.3336	1421	1146.27	1.22273	253	0.0112088	0.0154579	0.0185348	51.725	9.96377
54089010	2468	23.4548	1432	1155.15	1.31147	256	0.0112088	0.0154579	0.0187546	51.725	9.96377
54089015	2466	23.2124	1425	1149.5	1.255	254	0.0112088	0.0154579	0.0186081	51.725	9.96377
54089020	2469	23.576	1425	1149.5	1.255	252	0.0112088	0.0154579	0.0184615	51.725	9.96377
54089025	2466	23.2124	1422	1147.08	1.2308	252	0.0112088	0.0154579	0.0184615	51.725	9.96377
54089030	2466	23.2124	1428	1151.92	1.2792	253	0.0112088	0.0154579	0.0185348	51.725	9.96377
54089035	2466	23.2124	1422	1147.08	1.2308	252	0.0184615	0.0154579	0.0185348	51.725	9.96377
54089040	2428	18.6073	1431	1154.34	1.3034	145	0.0106227	0.0154579	0.0185348	51.725	9.96377
54089045	2430	18.8496	1426	1150.31	1.26307	146	0.010696	0.0154579	0.0185348	51.725	9.96377
54089050	2430	18.8496	1428	1151.92	1.2792	149	0.0109158	0.0154579	0.0185348	51.725	9.96377
54089055	2430	18.8496	1436	1158.37	1.34373	144	0.0105495	0.0154579	0.0185348	51.725	9.96377
54089060	2432	19.0919	1421	1146.27	1.22273	144	0.0105495	0.0154579	0.0185348	51.725	9.96377
54089065	2428	18.6073	1431	1154.34	1.3034	145	0.0106227	0.0154579	0.0185348	51.725	9.96377
54089070	2432	19.0919	1430	1153.53	1.29533	147	0.0107692	0.0154579	0.0185348	51.725	9.96377
54089075	2428	18.6073	1428	1151.92	1.2792	140	0.0102564	0.0154579	0.0185348	51.725	9.96377
54089080	2428	18.6073	1427	1151.11	1.27113	146	0.010696	0.0154579	0.0185348	51.725	9.96377
54089085	2432	19.0919	1432	1155.15	1.31147	144	0.010696	0.0105495	0.0185348	51.725	9.96377
54089090	2445	20.6672	1430	1153.53	1.29533	190	0.010696	0.0139194	0.0185348	51.725	9.96377
54089095	2445	20.6672	1426	1150.31	1.26307	192	0.010696	0.0140659	0.0185348	51.725	9.96377
54089100	2445	20.6672	1432	1155.15	1.31147	190	0.010696	0.0139194	0.0185348	51.725	9.96377
54089105	2446	20.7884	1432	1155.15	1.31147	190	0.010696	0.0139194	0.0185348	51.725	9.96377
54089110	2447	20.9096	1579	1273.73	2.49727	189	0.010696	0.0138462	0.0185348	51.725	9.96377
54089115	2443	20.4249	1438	1159.99	1.35987	190	0.010696	0.0139194	0.0185348	51.725	9.96377
54089120	2444	20.546	1438	1159.99	1.35987	189	0.010696	0.0138462	0.0185348	51.725	9.96377
54089125	2446	20.7884	1428	1151.92	1.2792	188	0.010696	0.0137729	0.0185348	51.725	9.96377
54089130	2448	21.0308	1435	1157.57	1.33567	186	0.010696	0.0136264	0.0185348	51.725	9.96377
54089135	2444	20.546	1431	1154.34	1.3034	188	0.0137729	0.0136264	0.0185348	51.725	9.96377
54089140	2428	18.6073	1429	1152.73	1.28727	140	0.0102564	0.0136264	0.0185348	51.725	9.96377
54089145	2432	19.0919	1430	1153.53	1.29533	142	0.0104029	0.0136264	0.0185348	51.725	9.96377
54089150	2429	18.7284	1420	1145.47	1.21467	137	0.0100366	0.0136264	0.0185348	51.725	9.96377
54089155	2430	18.8496	1435	1157.57	1.33567	140	0.0102564	0.0136264	0.0185348	51.725	9.96377
54089160	2430	18.8496	1436	1158.37	1.34373	138	0.0101099	0.0136264	0.0185348	51.725	9.96377
54089165	2430	18.8496	1434	1156.76	1.3276	141	0.0103297	0.0136264	0.0185348	51.725	9.96377
54089170	2429	18.7284	1431	1154.34	1.3034	142	0.0104029	0.0136264	0.0185348	51.725	9.96377
54089175	2433	19.2131	1429	1152.73	1.28727	138	0.0101099	0.0136264	0.0185348	51.725	9.96377
54089180	2428	18.6073	1445	1165.63	1.41633	140	0.0102564	0.0136264	0.0185348	51.725	9.96377
54089185	2431	18.9708	1422	1147.08	1.2308	139	0.0101831	0.0136264	0.0185348	51.725	9.96377
54089190	2430	18.8496	1439	1160.79	1.36793	141	0.0103297	0.0136264	0.0185348	51.725	9.96377
54089195	2429	18.7284	1428	1151.92	1.2792	142	0.0104029	0.0136264	0.0185348	51.725	9.96377
54089200	2427	18.4861	1436	1158.37	1.34373	142	0.0104029	0.0136264	0.0185348	51.725	9.96377
54089205	2429	18.7284	1434	1156.76	1.3276	139	0.0101831	0.0136264	0.0185348	51.725	9.96377
54089210	2432	19.0919	1444	1164.83	1.40827	143	0.0104762	0.0136264	0.0185348	51.725	9.96377
54089215	2429	18.7284	1434	1156.76	1.3276	143	0.0104762	0.0136264	0.0104762	51.725	9.96377
54089220	2464	22.97	1432	1155.15	1.31147	248	0.0104762	0.0136264	0.0181685	51.725	9.96377
54089225	2466	23.2124	1437	1159.18	1.3518	252	0.0104762	0.0136264	0.0184615	51.725	9.96377
54089230	2467	23.3336	1442	1163.21	1.39213	245	0.0104762	0.0136264	0.0179487	51.725	9.96377
54089235	2468	23.4548	1437	1159.18	1.3518	247	0.0104762	0.0136264	0.0180952	51.725	9.96377
54089240	2466	23.2124	1429	1152.73	1.28727	245	0.0104762	0.0136264	0.0179487	51.725	9.96377
54089245	2466	23.2124	1440	1161.6	1.376	241	0.0104762	0.0136264	0.0176557	51.725	9.96377
54089250	2469	23.576	1437	1159.18	1.3518	240	0.0104762	0.0136264	0.0175824	51.725	9.96377
54089255	2466	23.2124	1442	1163.21	1.39213	242	0.0104762	0.0136264	0.0177289	51.725	9.96377
54089260	2468	23.4548	1434	1156.76	1.3276	236	0.0104762	0.0136264	0.0172894	51.725	9.96377
54089265	2466	23.2124	1440	1161.6	1.376	233	0.0170696	0.0136264	0.0172894	51.725	9.96377
54089270	2432	19.0919	1421	1146.27	1.22273	126	0.00923077	0.0136264	0.0172894	51.725	9.96377
54089275	2431	18.9708	1436	1158.37	1.34373	126	0.00923077	0.0136264	0.0172894	51.725	9.96377
54089280	2432	19.0919	1426	1150.31	1.26307	125	0.00915751	0.0136264	0.0172894	51.725	9.96377
54089285	2431	18.9708	1445	1165.63	1.41633	131	0.00959707	0.0136264	0.0172894	51.725	9.96377
54089290	2433	19.2131	1432	1155.15	1.31147	125	0.00915751	0.0136264	0.0172894	51.725	9.96377
54089295	2429	18.7284	1442	1163.21	1.39213	132	0.00967033	0.0136264	0.0172894	51.725	9.96377
54089300	2426	18.365	1429	1152.73	1.28727	128	0.00937729	0.0136264	0.0172894	51.725	9.96377
54089305	2433	19.2131	1441	1162.41	1.38407	131	0.00959707	0.0136264	0.0172894	51.725	9.96377
54089310	2432	19.0919	1444	1164.83	1.40827	125	0.00915751	0.0136264	0.0172894	51.725	9.96377
54089315	2428	18.6073	1439	1160.79	1.36793	128	0.00915751	0.00937729	0.0172894	51.725	9.96377
54089320	2445	20.6672	1434	1156.76	1.3276	181	0.00915751	0.0132601	0.0172894	51.725	9.96377
54089325	2446	20.7884	1442	1163.21	1.39213	178	0.00915751	0.0130403	0.0172894	51.725	9.96377
54089330	2446	20.7884	1429	1152.73	1.28727	178	0.00915751	0.0130403	0.0172894	51.725	9.96377
54089335	2444	20.546	1442	1163.21	1.39213	177	0.00915751	0.012967	0.0172894	51.725	9.96377
54089340	2446	20.7884	1430	1153.53	1.29533	178	0.00915751	0.0130403	0.0172894	51.725	9.96377
54089345	2445	20.6672	1442	1163.21	1.39213	180	0.00915751	0.0131868	0.0172894	51.725	9.96377
54089350	2449	21.152	1436	1158.37	1.34373	175	0.00915751	0.0128205	0.0172894	51.725	9.96377
54089355	2446	20.7884	1437	1159.18	1.3518	178	0.00915751	0.0130403	0.0172894	51.725	9.96377
54089360	2446	20.7884	1445	1165.63	1.41633	177	0.00915751	0.012967	0.0172894	51.725	9.96377
54089365	2447	20.9096	1441	1162.41	1.38407	177	0.012967	0.012967	0.0172894	51.725	9.96377
54089370	2430	18.8496	1434	1156.76	1.3276	130	0.00952381	0.012967	0.0172894	51.725	9.96377
54089375	2431	18.9708	1436	1158.37	1.34373	129	0.00945055	0.012967	0.0172894	51.725	9.96377
54089380	2432	19.0919	1432	1155.15	1.31147	127	0.00930403	0.012967	0.0172894	51.725	9.96377
54089385	2429	18.7284	1442	1163.21	1.39213	124	0.00908425	0.012967	0.0172894	51.725	9.96377
54089390	2428	18.6073	1435	1157.57	1.33567	129	0.00945055	0.012967	0.0172894	51.725	9.96377
54089395	2426	18.365	1435	1157.57	1.33567	128	0.00937729	0.012967	0.0172894	51.725	9.96377
54089400	2429	18.7284	1436	1158.37	1.34373	131	0.00959707	0.012967	0.0172894	51.725	9.96377
54089405	2432	19.0919	1439	1160.79	1.36793	126	0.00923077	0.012967	0.0172894	51.725	9.96377
54089410	2434	19.3343	1435	1157.57	1.33567	124	0.00908425	0.012967	0.0172894	51.725	9.96377
54089415	2434	19.3343	1439	1160.79	1.36793	125	0.00908425	0.012967	0.00915751	51.725	9.96377
54089420	2467	23.3336	1430	1153.53	1.29533	236	0.00908425	0.012967	0.0172894	51.725	9.96377
54089425	2469	23.576	1439	1160.79	1.36793	234	0.00908425	0.012967	0.0171429	51.725	9.96377
54089430	2467	23.3336	1434	1156.76	1.3276	234	0.00908425	0.012967	0.0171429	51.725	9.96377
54089435	2465	23.0912	1432	1155.15	1.31147	232	0.00908425	0.012967	0.0169963	51.725	9.96377
54089440	2468	23.4548	1439	1160.79	1.36793	236	0.00908425	0.012967	0.0172894	51.725	9.96377
54089445	2469	23.576	1430	1153.53	1.29533	231	0.00908425	0.012967	0.0169231	51.725	9.96377
54089450	2465	23.0912	1446	1166.44	1.4244	232	0.00908425	0.012967	0.0169963	51.725	9.96377
54089455	2469	23.576	1446	1166.44	1.4244	231	0.00908425	0.012967	0.0169231	51.725	9.96377
54089460	2468	23.4548	1447	1167.25	1.43247	230	0.00908425	0.012967	0.0168498	51.725	9.96377
54089465	2469	23.576	1435	1157.57	1.33567	232	0.0169963	0.012967	0.0168498	51.725	9.96377
54089470	2430	18.8496	1444	1164.83	1.40827	125	0.00915751	0.012967	0.0168498	51.725	9.96377
54089475	2431	18.9708	1434	1156.76	1.3276	122	0.00893773	0.012967	0.0168498	51.725	9.96377
54089480	2428	18.6073	1445	1165.63	1.41633	123	0.00901099	0.012967	0.0168498	51.725	9.96377
54089485	2430	18.8496	1429	1152.73	1.28727	120	0.00879121	0.012967	0.0168498	51.725	9.96377
54089490	2436	19.5766	1441	1162.41	1.38407	121	0.00886447	0.012967	0.0168498	51.725	9.96377
54089495	2428	18.6073	1438	1159.99	1.35987	125	0.00915751	0.012967	0.0168498	51.725	9.96377
54089500	2433	19.2131	1442	1163.21	1.39213	128	0.00937729	0.012967	0.0168498	51.725	9.96377
54089505	2432	19.0919	1433	1155.95	1.31953	126	0.00923077	0.012967	0.0168498	51.725	9.96377
54089510	2430	18.8496	1438	1159.99	1.35987	123	0.00901099	0.012967	0.0168498	51.725	9.96377
54089515	2429	18.7284	1436	1158.37	1.34373	124	0.00901099	0.00908425	0.0168498	51.725	9.96377
54089520	2446	20.7884	1431	1154.34	1.3034	171	0.00901099	0.0125275	0.0168498	51.725	9.96377
54089525	2446	20.7884	1437	1159.18	1.3518	169	0.00901099	0.012381	0.0168498	51.725	9.96377
54089530	2448	21.0308	1436	1158.37	1.34373	174	0.00901099	0.0127473	0.0168498	51.725	9.96377
54089535	2448	21.0308	1438	1159.99	1.35987	169	0.00901099	0.012381	0.0168498	51.725	9.96377
54089540	2446	20.7884	1443	1164.02	1.4002	170	0.00901099	0.0124542	0.0168498	51.725	9.96377
54089545	2449	21.152	1434	1156.76	1.3276	170	0.00901099	0.0124542	0.0168498	51.725	9.96377
54089550	2450	21.2731	1439	1160.79	1.36793	168	0.00901099	0.0123077	0.0168498	51.725	9.96377
54089555	2447	20.9096	1444	1164.83	1.40827	173	0.00901099	0.012674	0.0168498	51.725	9.96377
54089560	2448	21.0308	1436	1158.37	1.34373	170	0.00901099	0.0124542	0.0168498	51.725	9.96377
54089565	2445	20.6672	1444	1164.83	1.40827	172	0.0126007	0.0124542	0.0168498	51.725	9.96377
54089570	2429	18.7284	1431	1154.34	1.3034	121	0.00886447	0.0124542	0.0168498	51.725	9.96377
54089575	2430	18.8496	1438	1159.99	1.35987	119	0.00871795	0.0124542	0.0168498	51.725	9.96377
54089580	2429	18.7284	1426	1150.31	1.26307	120	0.00879121	0.0124542	0.0168498	51.725	9.96377
54089585	2432	19.0919	1434	1156.76	1.3276	120	0.00879121	0.0124542	0.0168498	51.725	9.96377
54089590	2428	18.6073	1433	1155.95	1.31953	122	0.00893773	0.0124542	0.0168498	51.725	9.96377
54089595	2429	18.7284	1444	1164.83	1.40827	124	0.00908425	0.0124542	0.0168498	51.725	9.96377
54089600	2430	18.8496	1436	1158.37	1.34373	119	0.00871795	0.0124542	0.0168498	51.725	9.96377
54089605	2432	19.0919	1450	1169.67	1.45667	120	0.00879121	0.0124542	0.0168498	51.725	9.96377
54089610	2431	18.9708	1437	1159.18	1.3518	118	0.00864469	0.0124542	0.0168498	51.725	9.96377
54089615	2426	18.365	1437	1159.18	1.3518	118	0.00864469	0.0124542	0.00864469	51.725	9.96377
54089620	2466	23.2124	1441	1162.41	1.38407	224	0.00864469	0.0124542	0.0164103	51.725	9.96377
54089625	2466	23.2124	1441	1162.41	1.38407	229	0.00864469	0.0124542	0.0167766	51.725	9.96377
54089630	2467	23.3336	1451	1170.47	1.46473	221	0.00864469	0.0124542	0.0161905	51.725	9.96377
54089635	2469	23.576	1438	1159.99	1.35987	222	0.00864469	0.0124542	0.0162637	51.725	9.96377
54089640	2468	23.4548	1444	1164.83	1.40827	218	0.00864469	0.0124542	0.0159707	51.725	9.96377
54089645	2466	23.2124	1445	1165.63	1.41633	219	0.00864469	0.0124542	0.016044	51.725	9.96377
54089650	2468	23.4548	1434	1156.76	1.3276	218	0.00864469	0.0124542	0.0159707	51.725	9.96377
54089655	2467	23.3336	1436	1158.37	1.34373	219	0.00864469	0.0124542	0.016044	51.725	9.96377
54089660	2468	23.4548	1426	1150.31	1.26307	216	0.00864469	0.0124542	0.0158242	51.725	9.96377
54089665	2467	23.3336	1449	1168.86	1.4486	216	0.00864469	0.0124542	0.0158242	51.725	9.96377
54089670	2468	23.4548	1437	1159.18	1.3518	215	0.00864469	0.0124542	0.0157509	51.725	9.96377
54089675	2467	23.3336	1444	1164.83	1.40827	217	0.00864469	0.0124542	0.0158974	51.725	9.96377
54089680	2469	23.576	1431	1154.34	1.3034	217	0.00864469	0.0124542	0.0158974	51.725	9.96377
54089685	2466	23.2124	1443	1164.02	1.4002	217	0.0158974	0.0124542	0.0158974	51.725	9.96377
54089690	2433	19.2131	1444	1164.83	1.40827	109	0.00798535	0.0124542	0.0158974	51.725	9.96377
54089695	2429	18.7284	1437	1159.18	1.3518	110	0.00805861	0.0124542	0.0158974	51.725	9.96377
54089700	2433	19.2131	1431	1154.34	1.3034	109	0.00798535	0.0124542	0.0158974	51.725	9.96377
54089705	2429	18.7284	1438	1159.99	1.35987	106	0.00776557	0.0124542	0.0158974	51.725	9.96377
54089710	2432	19.0919	1444	1164.83	1.40827	109	0.00798535	0.0124542	0.0158974	51.725	9.96377
54089715	2432	19.0919	1438	1159.99	1.35987	108	0.00791209	0.0124542	0.0158974	51.725	9.96377
54089720	2429	18.7284	1440	1161.6	1.376	107	0.00783883	0.0124542	0.0158974	51.725	9.96377
54089725	2431	18.9708	1447	1167.25	1.43247	109	0.00798535	0.0124542	0.0158974	51.725	9.96377
54089730	2431	18.9708	1445	1165.63	1.41633	105	0.00769231	0.0124542	0.0158974	51.725	9.96377
54089735	2428	18.6073	1438	1159.99	1.35987	104	0.00769231	0.00761905	0.0158974	51.725	9.96377
54089740	2445	20.6672	1442	1163.21	1.39213	152	0.00769231	0.0111355	0.0158974	51.725	9.96377
54089745	2449	21.152	1427	1151.11	1.27113	150	0.00769231	0.010989	0.0158974	51.725	9.96377
54089750	2448	21.0308	1446	1166.44	1.4244	149	0.00769231	0.0109158	0.0158974	51.725	9.96377
54089755	2446	20.7884	1434	1156.76	1.3276	150	0.00769231	0.010989	0.0158974	51.725	9.96377
54089760	2448	21.0308	1440	1161.6	1.376	151	0.00769231	0.0110623	0.0158974	51.725	9.96377
54089765	2450	21.2731	1439	1160.79	1.36793	150	0.00769231	0.010989	0.0158974	51.725	9.96377
54089770	2445	20.6672	1438	1159.99	1.35987	150	0.00769231	0.010989	0.0158974	51.725	9.96377
54089775	2445	20.6672	1440	1161.6	1.376	153	0.00769231	0.0112088	0.0158974	51.725	9.96377
54089780	2446	20.7884	1446	1166.44	1.4244	151	0.00769231	0.0110623	0.0158974	51.725	9.96377
54089785	2443	20.4249	1444	1164.83	1.40827	152	0.0111355	0.0110623	0.0158974	51.725	9.96377
54089790	2432	19.0919	1446	1166.44	1.4244	108	0.00791209	0.0110623	0.0158974	51.725	9.96377
54089795	2432	19.0919	1442	1163.21	1.39213	110	0.00805861	0.0110623	0.0158974	51.725	9.96377
54089800	2436	19.5766	1438	1159.99	1.35987	105	0.00769231	0.0110623	0.0158974	51.725	9.96377
54089805	2429	18.7284	1446	1166.44	1.4244	109	0.00798535	0.0110623	0.0158974	51.725	9.96377
54089810	2429	18.7284	1432	1155.15	1.31147	112	0.00820513	0.0110623	0.0158974	51.725	9.96377
54089815	2432	19.0919	1446	1166.44	1.4244	109	0.00798535	0.0110623	0.0158974	51.725	9.96377
54089820	2429	18.7284	1441	1162.41	1.38407	112	0.00820513	0.0110623	0.0158974	51.725	9.96377
54089825	2428	18.6073	1443	1164.02	1.4002	110	0.00805861	0.0110623	0.0158974	51.725	9.96377
54089830	2432	19.0919	1433	1155.95	1.31953	115	0.00842491	0.0110623	0.0158974	51.725	9.96377
54089835	2428	18.6073	1442	1163.21	1.39213	113	0.00842491	0.0110623	0.00827839	51.725	9.96377
54089840	2468	23.4548	1432	1155.15	1.31147	223	0.00842491	0.0110623	0.016337	51.725	9.96377
54089845	2466	23.2124	1444	1164.83	1.40827	222	0.00842491	0.0110623	0.0162637	51.725	9.96377
54089850	2468	23.4548	1435	1157.57	1.33567	221	0.00842491	0.0110623	0.0161905	51.725	9.96377
54089855	2467	23.3336	1444	1164.83	1.40827	221	0.00842491	0.0110623	0.0161905	51.725	9.96377
54089860	2466	23.2124	1440	1161.6	1.376	219	0.00842491	0.0110623	0.016044	51.725	9.96377
54089865	2466	23.2124	1444	1164.83	1.40827	222	0.00842491	0.0110623	0.0162637	51.725	9.96377
54089870	2473	24.0609	1433	1155.95	1.31953	221	0.00842491	0.0110623	0.0161905	51.725	9.96377
54089875	2467	23.3336	1440	1161.6	1.376	220	0.00842491	0.0110623	0.0161172	51.725	9.96377
54089880	2468	23.4548	1448	1168.05	1.44053	227	0.00842491	0.0110623	0.01663	51.725	9.96377
54089885	2467	23.3336	1445	1165.63	1.41633	224	0.0164103	0.0110623	0.01663	51.725	9.96377
54089890	2438	19.8189	1441	1162.41	1.38407	116	0.00849817	0.0110623	0.01663	51.725	9.96377
54089895	2429	18.7284	1437	1159.18	1.3518	117	0.00857143	0.0110623	0.01663	51.725	9.96377
54089900	2429	18.7284	1434	1156.76	1.3276	118	0.00864469	0.0110623	0.01663	51.725	9.96377
54089905	2431	18.9708	1437	1159.18	1.3518	119	0.00871795	0.0110623	0.01663	51.725	9.96377
54089910	2429	18.7284	1441	1162.41	1.38407	115	0.00842491	0.0110623	0.01663	51.725	9.96377
54089915	2432	19.0919	1438	1159.99	1.35987	116	0.00849817	0.0110623	0.01663	51.725	9.96377
54089920	2432	19.0919	1444	1164.83	1.40827	118	0.00864469	0.0110623	0.01663	51.725	9.96377
54089925	2430	18.8496	1442	1163.21	1.39213	118	0.00864469	0.0110623	0.01663	51.725	9.96377
54089930	2428	18.6073	1436	1158.37	1.34373	115	0.00842491	0.0110623	0.01663	51.725	9.96377
54089935	2431	18.9708	1432	1155.15	1.31147	117	0.00842491	0.00857143	0.01663	51.725	9.96377
54089940	2445	20.6672	1447	1167.25	1.43247	166	0.00842491	0.0121612	0.01663	51.725	9.96377
54089945	2448	21.0308	1430	1153.53	1.29533	164	0.00842491	0.0120147	0.01663	51.725	9.96377
54089950	2445	20.6672	1442	1163.21	1.39213	166	0.00842491	0.0121612	0.01663	51.725	9.96377
54089955	2449	21.152	1436	1158.37	1.34373	166	0.00842491	0.0121612	0.01663	51.725	9.96377
54089960	2446	20.7884	1440	1161.6	1.376	164	0.00842491	0.0120147	0.01663	51.725	9.96377
54089965	2447	20.9096	1434	1156.76	1.3276	163	0.00842491	0.0119414	0.01663	51.725	9.96377
54089970	2446	20.7884	1443	1164.02	1.4002	168	0.00842491	0.0123077	0.01663	51.725	9.96377
54089975	2446	20.7884	1451	1170.47	1.46473	161	0.00842491	0.0117949	0.01663	51.725	9.96377
54089980	2449	21.152	1444	1164.83	1.40827	163	0.00842491	0.0119414	0.01663	51.725	9.96377
54089985	2445	20.6672	1448	1168.05	1.44053	162	0.0118681	0.0119414	0.01663	51.725	9.96377
54089990	2432	19.0919	1436	1158.37	1.34373	113	0.00827839	0.0119414	0.01663	51.725	9.96377
54089995	2429	18.7284	1444	1164.83	1.40827	113	0.00827839	0.0119414	0.01663	51.725	9.96377
54090000	2432	19.0919	1446	1166.44	1.4244	113	0.00827839	0.0119414	0.01663	51.725	9.96377
54090005	2432	19.0919	1436	1158.37	1.34373	116	0.00849817	0.0119414	0.01663	51.725	9.96377
54090010	2427	18.4861	1443	1164.02	1.4002	111	0.00813187	0.0119414	0.01663	51.725	9.96377
54090015	2434	19.3343	1430	1153.53	1.29533	114	0.00835165	0.0119414	0.01663	51.725	9.96377
54090020	2430	18.8496	1439	1160.79	1.36793	110	0.00805861	0.0119414	0.01663	51.725	9.96377
54090025	2429	18.7284	1445	1165.63	1.41633	106	0.00776557	0.0119414	0.01663	51.725	9.96377
54090030	2432	19.0919	1441	1162.41	1.38407	109	0.00798535	0.0119414	0.01663	51.725	9.96377
54090035	2429	18.7284	1448	1168.05	1.44053	108	0.00798535	0.0119414	0.00791209	51.725	9.96377
54090040	2467	23.3336	1433	1155.95	1.31953	216	0.00798535	0.0119414	0.0158242	51.725	9.96377
54090045	2464	22.97	1440	1161.6	1.376	215	0.00798535	0.0119414	0.0157509	51.725	9.96377
54090050	2469	23.576	1435	1157.57	1.33567	213	0.00798535	0.0119414	0.0156044	51.725	9.96377
54090055	2468	23.4548	1434	1156.76	1.3276	213	0.00798535	0.0119414	0.0156044	51.725	9.96377
54090060	2408	16.1843	1442	1163.21	1.39213	214	0.00798535	0.0119414	0.0156777	51.725	9.96378
54090065	2465	23.0912	1377	1110.78	0.867799	210	0.00798535	0.0119414	0.0153846	51.725	9.96378
54090070	2469	23.576	1441	1162.41	1.38407	211	0.00798535	0.0119414	0.0154579	51.725	9.96378
54090075	2468	23.4548	1442	1163.21	1.39213	213	0.00798535	0.0119414	0.0156044	51.725	9.96378
54090080	2468	23.4548	1436	1158.37	1.34373	211	0.00798535	0.0119414	0.0154579	51.725	9.96378
54090085	2464	22.97	1405	1133.37	1.09367	211	0.0154579	0.0119414	0.0154579	51.725	9.96378
54090090	2432	19.0919	1439	1160.79	1.36793	103	0.00754579	0.0119414	0.0154579	51.725	9.96378
54090095	2430	18.8496	1438	1159.99	1.35987	105	0.00769231	0.0119414	0.0154579	51.725	9.96378
54090100	2434	19.3343	1443	1164.02	1.4002	103	0.00754579	0.0119414	0.0154579	51.725	9.96378
54090105	2430	18.8496	1438	1159.99	1.35987	103	0.00754579	0.0119414	0.0154579	51.725	9.96378
54090110	2429	18.7284	1441	1162.41	1.38407	104	0.00761905	0.0119414	0.0154579	51.725	9.96378
54090115	2430	18.8496	1445	1165.63	1.41633	104	0.00761905	0.0119414	0.0154579	51.725	9.96378
54090120	2430	18.8496	1439	1160.79	1.36793	101	0.00739927	0.0119414	0.0154579	51.725	9.96378
54090125	2432	19.0919	1436	1158.37	1.34373	98	0.00717949	0.0119414	0.0154579	51.725	9.96378
54090130	2429	18.7284	1445	1165.63	1.41633	100	0.00732601	0.0119414	0.0154579	51.725	9.96378
54090135	2430	18.8496	1452	1171.28	1.4728	101	0.00739927	0.0119414	0.0154579	51.725	9.96378
54090140	2431	18.9708	1437	1159.18	1.3518	101	0.00739927	0.0119414	0.0154579	51.725	9.96378
54090145	2426	18.365	1440	1161.6	1.376	99	0.00725275	0.0119414	0.0154579	51.725	9.96378
54090150	2430	18.8496	1438	1159.99	1.35987	104	0.00761905	0.0119414	0.0154579	51.725	9.96378
54090155	2430	18.8496	1435	1157.57	1.33567	101	0.00739927	0.0119414	0.0154579	51.725	9.96378
54090160	2432	19.0919	1443	1164.02	1.4002	101	0.00739927	0.0119414	0.0154579	51.725	9.96378
54090165	2430	18.8496	1444	1164.83	1.40827	104	0.00739927	0.00761905	0.0154579	51.725	9.96378
54090170	2444	20.546	1444	1164.83	1.40827	152	0.00739927	0.0111355	0.0154579	51.725	9.96378
54090175	2448	21.0308	1449	1168.86	1.4486	153	0.00739927	0.0112088	0.0154579	51.725	9.96378
54090180	2446	20.7884	1444	1164.83	1.40827	151	0.00739927	0.0110623	0.0154579	51.725	9.96378
54090185	2447	20.9096	1437	1159.18	1.3518	152	0.00739927	0.0111355	0.0154579	51.725	9.96378
54090190	2443	20.4249	1441	1162.41	1.38407	151	0.00739927	0.0110623	0.0154579	51.725	9.96378
54090195	2448	21.0308	1436	1158.37	1.34373	153	0.00739927	0.0112088	0.0154579	51.725	9.96378
54090200	2446	20.7884	1442	1163.21	1.39213	153	0.00739927	0.0112088	0.0154579	51.725	9.96378
54090205	2446	20.7884	1428	1151.92	1.2792	153	0.00739927	0.0112088	0.0154579	51.725	9.96378
