-0.257615509867624 0.00343477766632865 -4.10952562361551 0.010339767436295 -0.654539444787201
-0.285833495870754 0.00300448600782281 -3.9685323851204 0.00967824794016228 -0.809121755135032
-0.159820762238768 0.00206021282609109 -4.25785148295127 0.00632544709510803 -0.759740232996686
-0.408186760017131 0.0032569925238361 -3.39912899496527 0.0109367627116373 -0.860872826824339
-0.62620030533992 0.00493648710286237 -2.82152111293822 0.0137197031950144 -0.905128828679676
-0.683217397111649 0.00867066288828906 -4.31815249255806 0.0139836606161087 -0.87725714476098
-0.704685357322641 0.0028067726318111 -2.02992340712594 0.00881443315266962 -0.970335470905101
0.00765638885663339 0.015134791121324 -3.69131268451253 0.0272961153414073 0.0113594726956837
-0.252400697344842 0.00687951191719099 -3.7175548612832 0.020743752882567 -0.557810197807516
-0.139710669103206 0.00834552756329574 -3.67224304276638 0.0253904160658147 -0.282195762115492
-0.278078569899827 0.00538451366752099 -3.12421215385511 0.016835908200423 -0.644138339785474
-0.206743367312866 0.00529758598019937 -3.41619529685599 0.0169528438837262 -0.535304418864226
0.0990171627872768 0.00684732083143089 -3.69288286668988 0.0222629175542607 0.261196049780541
0.072731534278387 0.010946948353648 -3.58866238912935 0.0306000468179939 0.122198769589329
0.133173817282593 0.00499551439602087 -4.87561968977373 0.014991824308587 0.424026032383058
-0.253574074560222 0.00570765853979879 -3.97380665140803 0.0164531397615186 -0.610035414165834
0.047287752080088 0.00321378847723965 -5.02914756399726 0.010392804192103 0.23937099643237
0.161097067887381 0.00241696278166412 -4.87999392655931 0.00845985768770137 0.724033270284723
0.300313947529335 0.0076065761362612 -5.40474844515478 0.0121533119554392 0.73507769901189
-0.376945691754711 0.00356333454752625 -2.53678511426565 0.0157695274657578 -0.771197878843342
-0.501310125690313 0.00374553633666796 -1.9672511252338 0.0161132283476888 -0.847786191166074
0.200869780364142 0.00898048257395637 -4.41867608665947 0.0232155126997832 0.341087332418668
-1.52740096383408 0.0318011604598264 -0.705291961354757 0.0610614804402557 -0.746659318710181
-0.388967504725911 0.00486034711641209 -3.83173060006312 0.0135821152748251 -0.830011179134475
0.0275946815324826 0.00236478374366423 -4.86064744469016 0.00685929111909783 0.190881032083281
-0.0437588059639646 0.00195824320517218 -4.50825477134364 0.009184939988644 -0.234670841123461
0.0394138741333068 0.00233565166869172 -4.83799199617688 0.0105919826590736 0.192849657331273
0.0376924003295893 0.00171700953640058 -4.86281602573945 0.00770175780405706 0.245374897591324
0.124067065098347 0.00166191831033249 -5.04100142751157 0.00651046096135139 0.664532400865692
-0.328435397532309 0.00391896676320431 -2.67415629714171 0.0154934403648264 -0.753044615094858
-0.0612863770390094 0.00422068295209206 -3.57944953684861 0.0173240763610592 -0.181437444676887
-0.240462086147495 0.0058123551167786 -3.06491836349392 0.0236931232927662 -0.502155407449942
-0.451818485323689 0.00462181403338477 -2.40618378888717 0.0216971277513719 -0.826334504688356
-0.256864032504189 0.0113421145448735 -4.92746808533037 0.0193532837869264 -0.557210882390713
-0.189607241640456 0.00646247614330762 -4.80311630633684 0.0139101833193361 -0.503185475343236
0.0264226499295806 0.00394209829255622 -5.14326375150578 0.00994359981133075 0.139671864197021
0.152331245741744 0.00253668648692009 -4.97449201394904 0.0109149681179161 0.588620379548646
0.0618746183928056 0.00248490984832945 -4.70846808928014 0.0105419623846568 0.292861358208716
-0.24104063765982 0.00438283476209064 -3.01448928984628 0.0183853860898265 -0.571560382823151
-0.33210604850422 0.00327305384380204 -2.5537421705318 0.0148176321380982 -0.76623969462267
0.202963790161718 0.0121160221986527 -4.09525207182825 0.0318040344441455 0.306835266442616
-0.621401748480207 0.0136849354985862 -3.80345994534006 0.0257551794585065 -0.803977363595884
-0.0367155821313352 0.00508710954460478 -4.29122533500024 0.0226753236624316 -0.10707883409629
-0.011735207763728 0.00283703773803602 -4.44108153850266 0.0131943995453371 -0.0580403687061329
-0.347846837183556 0.002769492903367 -2.42004870944295 0.01243685736569 -0.871541549045071
0.434084956554385 0.0155845262853194 -4.55114070577421 0.0321363955069297 0.60697425299583
-0.351380025819282 0.00779310373740478 -2.6230542595652 0.0258157683002955 -0.695154535087617
-0.574755149148529 0.0113397938411811 -4.04611047934333 0.0219039114593986 -0.863422398875253
-0.069091754174759 0.00380739051594265 -4.20609730482297 0.0167318335066975 -0.251232192678113
-0.104156728460674 0.00140255421143374 -4.17813925775414 0.0063465229498026 -0.75154793762193
-1.41730044100587 0.400662499430407 -3.9502643990526 0.233641943639286 -0.168159088178228
-0.0398400056766498 0.00384517226436758 -4.29877711088876 0.012880264217561 -0.216402865305762
-0.457901906255799 0.00239154987616755 -2.18506953428545 0.0108925012478479 -0.957554949064443
-0.26882970571151 0.00151682958366744 -3.6839800537838 0.00650800644413708 -0.941868204444291
-0.340460690139761 0.00301022815495684 -3.15521762221966 0.0137053516523987 -0.856904143703719
-0.296021172570466 0.00400177512803132 -3.02554488116156 0.0173315588913698 -0.755611228966383
0.19701039175035 0.0205701759578239 -5.39631328269199 0.0306474781485313 0.361806504841101
-0.347589578277181 0.0294367666992599 -4.11689034125542 0.0373262028836737 -0.442390538077337
-0.189044739951444 0.0029028991402148 -3.98393895939072 0.0124949632388702 -0.692835476677971
-0.278223145875288 0.00298389285580126 -3.53238850747876 0.0122876984522823 -0.819107496532342
-0.44172497239555 0.00254287785974281 -2.77993169070007 0.0109506358236556 -0.945737708836836
-0.490703030438045 0.00642319439661976 -3.3461787702858 0.0176239950933454 -0.908937539460527
-0.822140452026563 0.0166180080233923 -4.2709332932811 0.0215024944551985 -0.835341838582162
-0.398538437978017 0.00328725754177161 -3.5069100428724 0.0145783815175464 -0.857309804883344
