1795.0
1808.4
1811.65
1884.575
1737.525
1507.0
1822.725
1546.2
1787.4
1805.375
1812.95
1861.95
1831.375
1742.4
1779.875
1763.925
1831.65
1876.325
1517.575
2054.35
1938.5
1715.825
1568.425
1704.975
1807.95
2114.375
2088.35
2021.7
2023.975
2018.925
2019.575
1968.35
2029.575
1534.4
1632.65
1679.175
2042.45
2052.55
2049.8
2062.825
1690.425
1555.2
2037.15
2074.825
2064.95
1594.475
1833.325
1552.725
2053.2
2052.9
1336.375
1800.4
2058.35
2044.175
2046.775
2048.625
1474.2
1440.275
2039.925
2038.225
2052.85
1690.375
1457.0
2056.375
