#Average Temp
19.0253481196195
18.5736910220444
18.7755560809462
18.6267587481275
18.6590224819698
18.9015594451784
18.7309183987156
19.2692505476673
19.2341383254717
19.1633879287065
19.0591308492202
18.9234717319493
18.9219537261146
19.188123561565
19.0579666399573
18.939845997807
18.9868454629847
18.8461363903323
19.1843758620689
18.6677713283331
18.9379906509513
19.0765050653222
19.3360900040968
19.1981169782872
20.1009336791498
19.4209098078646
18.8319554850749
18.8850725232486
19.2812672606663
19.0392687187191
21.3902758657354
20.9089734343621
20.8090291969412
20.3544977697842
20.6049235662151
20.0931236235843
19.6974526875999
19.4738997909409
21.0761005607761
20.5988226137663
20.7640446910208
20.6856007868383
21.0210470622911
20.8187459512367
20.6755907201188
21.9859699861687
21.9460675777965
20.2161162569389
19.5132619756186
19.5410532552084
20.732430141844
19.5549311502249
20.8854447981806
19.6529768788785
19.7455569673782
19.7302732515894
20.9602899169633
20.2219708333333
19.7111358588897
19.7419829710145
19.3894616718426
19.867764212679
20.0250431724138
19.4206313949525
