#Temperatur		Druck		Absorbtion	ohne LED	Blau	IR		Echolot		Messpunkte: 100/s	LEDZeit: 2/s
2422	23.0479	1261	1016.96	1488	0.108984	0.0128906	0.101587	0	-0.0804175
2421	22.9269	1286	1037.12	1490	0.109131	0.0128906	0.101587	0	0.1212
2421	22.9269	1275	1028.25	1507	0.110376	0.0128906	0.101587	0	0.032489
2419	22.6851	1266	1020.99	1517	0.111108	0.0128906	0.101587	0	-0.040094
2420	22.806	1275	1028.25	1526	0.111768	0.0128906	0.101587	0	0.032489
2421	22.9269	1284	1035.51	1689	0.123706	0.0128906	0.101587	0	0.105072
2422	23.0479	1272	1025.83	1714	0.125537	0.0128906	0.101587	0	0.00829468
2422	23.0479	1270	1024.22	1725	0.126343	0.0128906	0.101587	0	-0.00783447
2421	22.9269	1272	1025.83	1742	0.127588	0.0128906	0.101587	0	0.00829468
