#Temperatur		Druck		Absorbtion	ohne LED	Blau	IR		Echolot		Messpunkte: 4/s	LEDZeit: 4/s
2450	26.4347	1278	1030.67	4095	0.230859	0.299927	0.210864	0	0.0566834
2452	26.6766	1257	1013.73	4095	0.299927	0.299927	0.210864	0	-0.112675
2448	26.1927	1272	1025.83	4095	0.299927	0.299927	0.299927	0	0.00829468
2464	28.1285	1282	1033.89	4095	0.299927	0.299927	0.299927	0	0.0889416
2463	28.0075	1273	1026.64	4095	0.299927	0.299927	0.299927	0	0.0163599
2466	28.3704	1294	1043.57	4095	0.299927	0.299927	0.299927	0	0.185719
2463	28.0075	1281	1033.09	2739	0.299927	0.299927	0.20061	0	0.0808765
2466	28.3704	1321	1065.35	3857	0.282495	0.299927	0.20061	0	0.403464
2466	28.3704	1295	1044.38	4095	0.282495	0.299927	0.20061	0	0.193783
2467	28.4914	1320	1064.54	1046	0.0766113	0.299927	0.20061	0	0.3954
2466	28.3704	1303	1050.83	1238	0.0766113	0.299927	0.0906738	0	0.258301
2468	28.6125	1298	1046.8	1292	0.0946289	0.299927	0.0906738	0	0.217977
2463	28.0075	1305	1052.44	1493	0.0946289	0.109351	0.0906738	0	0.27443
2464	28.1285	1314	1059.7	1793	0.131323	0.109351	0.0906738	0	0.347013
2470	28.8545	1302	1050.02	1728	0.131323	0.109351	0.126563	0	0.250236
2469	28.7335	1298	1046.8	1735	0.127075	0.109351	0.126563	0	0.217977
2466	28.3704	1319	1063.73	1472	0.127075	0.107813	0.126563	0	0.387336
2467	28.4914	1317	1062.12	1516	0.111035	0.107813	0.126563	0	0.371206
2468	28.6125	1317	1062.12	1226	0.111035	0.107813	0.0897949	0	0.371206
2468	28.6125	1317	1062.12	1438	0.105322	0.107813	0.0897949	0	0.371206
2468	28.6125	1322	1066.15	1153	0.105322	0.0844482	0.0897949	0	0.41153
2467	28.4914	1328	1070.99	1170	0.0856934	0.0844482	0.0897949	0	0.459918
2468	28.6125	1330	1072.6	1102	0.0856934	0.0844482	0.0807129	0	0.476047
2466	28.3704	1333	1075.02	1395	0.102173	0.0844482	0.0807129	0	0.500242
2470	28.8545	1333	1075.02	1070	0.102173	0.0783691	0.0807129	0	0.500242
2464	28.1285	1305	1052.44	1106	0.0810059	0.0783691	0.0807129	0	0.27443
2471	28.9755	1320	1064.54	984	0.0810059	0.0783691	0.0720703	0	0.3954
2464	28.1285	1331	1073.41	1070	0.0783691	0.0783691	0.0720703	0	0.484111
2466	28.3704	1324	1067.77	983	0.0783691	0.0719971	0.0720703	0	0.42766
2466	28.3704	1324	1067.77	1016	0.0744141	0.0719971	0.0720703	0	0.42766
2468	28.6125	1325	1068.57	955	0.0744141	0.0719971	0.0699463	0	0.435724
2465	28.2494	1324	1067.77	1005	0.0736084	0.0719971	0.0699463	0	0.42766
2468	28.6125	1331	1073.41	956	0.0736084	0.0700195	0.0699463	0	0.484111
2466	28.3704	1332	1074.22	886	0.0648926	0.0700195	0.0699463	0	0.492177
2466	28.3704	1333	1075.02	898	0.0648926	0.0700195	0.0657715	0	0.500242
2468	28.6125	1334	1075.83	802	0.0587402	0.0700195	0.0657715	0	0.508307
2462	27.8865	1345	1084.7	834	0.0587402	0.061084	0.0657715	0	0.597018
2465	28.2494	1337	1078.25	770	0.0563965	0.061084	0.0657715	0	0.5325
2463	28.0075	1333	1075.02	777	0.0563965	0.061084	0.0569092	0	0.500242
2465	28.2494	1346	1085.51	755	0.0552979	0.061084	0.0569092	0	0.605082
2465	28.2494	1334	1075.83	713	0.0552979	0.0522217	0.0569092	0	0.508307
2462	27.8865	1341	1081.48	683	0.0500244	0.0522217	0.0569092	0	0.564758
2467	28.4914	1317	1062.12	678	0.0500244	0.0522217	0.0496582	0	0.371206
2464	28.1285	1348	1087.12	665	0.0487061	0.0522217	0.0496582	0	0.621212
2463	28.0075	1342	1082.28	740	0.0487061	0.0541992	0.0496582	0	0.572823
2464	28.1285	1327	1070.19	686	0.0502441	0.0541992	0.0496582	0	0.451853
2466	28.3704	1352	1090.35	653	0.0502441	0.0541992	0.0478271	0	0.65347
2464	28.1285	1350	1088.73	655	0.0479736	0.0541992	0.0478271	0	0.637341
2468	28.6125	1353	1091.15	646	0.0479736	0.0473145	0.0478271	0	0.661536
2463	28.0075	1351	1089.54	627	0.0459229	0.0473145	0.0478271	0	0.645405
2468	28.6125	1357	1094.38	540	0.0459229	0.0473145	0.0395508	0	0.693794
2464	28.1285	1342	1082.28	574	0.042041	0.0473145	0.0395508	0	0.572823
2468	28.6125	1357	1094.38	481	0.042041	0.0352295	0.0395508	0	0.693794
2466	28.3704	1364	1100.02	491	0.0359619	0.0352295	0.0395508	0	0.750248
2465	28.2494	1358	1095.19	427	0.0359619	0.0352295	0.0312744	0	0.701859
2466	28.3704	1368	1103.25	432	0.0316406	0.0352295	0.0312744	0	0.782506
2467	28.4914	1361	1097.61	441	0.0316406	0.0322998	0.0312744	0	0.726052
2464	28.1285	1369	1104.06	434	0.0317871	0.0322998	0.0312744	0	0.790571
2467	28.4914	1370	1104.86	402	0.0317871	0.0322998	0.0294434	0	0.798635
2465	28.2494	1366	1101.64	389	0.0284912	0.0322998	0.0294434	0	0.766376
2465	28.2494	1361	1097.61	376	0.0284912	0.0275391	0.0294434	0	0.726052
2469	28.7335	1373	1107.28	329	0.0240967	0.0275391	0.0294434	0	0.82283
2468	28.6125	1381	1113.73	302	0.0240967	0.0275391	0.0221191	0	0.887346
2467	28.4914	1371	1105.67	293	0.02146	0.0275391	0.0221191	0	0.806699
2465	28.2494	1383	1115.35	275	0.02146	0.0201416	0.0221191	0	0.903477
2464	28.1285	1385	1116.96	259	0.0189697	0.0201416	0.0221191	0	0.919606
2465	28.2494	1359	1095.99	248	0.0189697	0.0201416	0.0181641	0	0.709924
2464	28.1285	1380	1112.93	242	0.0177246	0.0201416	0.0181641	0	0.879282
2466	28.3704	1377	1110.51	244	0.0177246	0.0178711	0.0181641	0	0.855088
2462	27.8865	1389	1120.19	235	0.0172119	0.0178711	0.0181641	0	0.951865
2466	28.3704	1423	1147.61	199	0.0172119	0.0178711	0.0145752	0	1.22606
2464	28.1285	1386	1117.77	204	0.0149414	0.0178711	0.0145752	0	0.92767
2467	28.4914	1395	1125.03	197	0.0149414	0.0144287	0.0145752	0	1.00025
2466	28.3704	1421	1145.99	218	0.0159668	0.0144287	0.0145752	0	1.20993
2467	28.4914	1379	1112.12	218	0.0159668	0.0144287	0.0159668	0	0.871218
2466	28.3704	1388	1119.38	211	0.0154541	0.0144287	0.0159668	0	0.9438
2467	28.4914	1390	1120.99	200	0.0154541	0.0146484	0.0159668	0	0.959929
2464	28.1285	1401	1129.86	163	0.0119385	0.0146484	0.0159668	0	1.04864
2466	28.3704	1400	1129.06	151	0.0119385	0.0146484	0.0110596	0	1.04058
2467	28.4914	1400	1129.06	138	0.0101074	0.0146484	0.0110596	0	1.04058
2464	28.1285	1400	1129.06	120	0.0101074	0.00878906	0.0110596	0	1.04058
2466	28.3704	1413	1139.54	116	0.00849609	0.00878906	0.0110596	0	1.14542
2462	27.8865	1406	1133.9	102	0.00849609	0.00878906	0.0074707	0	1.08896
2463	28.0075	1414	1140.35	92	0.00673828	0.00878906	0.0074707	0	1.15348
2465	28.2494	1418	1143.57	83	0.00673828	0.0060791	0.0074707	0	1.18574
2464	28.1285	1416	1141.96	83	0.0060791	0.0060791	0.0074707	0	1.16961
2458	27.4025	1424	1148.41	74	0.0060791	0.0060791	0.00541992	0	1.23413
2463	28.0075	1432	1154.86	81	0.00593262	0.0060791	0.00541992	0	1.29865
2462	27.8865	1424	1148.41	77	0.00593262	0.00563965	0.00541992	0	1.23413
2458	27.4025	1424	1148.41	76	0.00556641	0.00563965	0.00541992	0	1.23413
2462	27.8865	1428	1151.64	45	0.00556641	0.00563965	0.0032959	0	1.26639
2464	28.1285	1426	1150.03	42	0.00307617	0.00563965	0.0032959	0	1.25026
2464	28.1285	1429	1152.45	46	0.00307617	0.00336914	0.0032959	0	1.27445
2459	27.5235	1428	1151.64	44	0.00322266	0.00336914	0.0032959	0	1.26639
2462	27.8865	1425	1149.22	44	0.00322266	0.00336914	0.00322266	0	1.24219
2462	27.8865	1415	1141.15	70	0.00512695	0.00336914	0.00322266	0	1.16155
2464	28.1285	1411	1137.93	89	0.00512695	0.00651855	0.00322266	0	1.12929
2466	28.3704	1414	1140.35	93	0.00681152	0.00651855	0.00322266	0	1.15348
2462	27.8865	1400	1129.06	116	0.00681152	0.00651855	0.00849609	0	1.04058
2463	28.0075	1385	1116.96	148	0.0108398	0.00651855	0.00849609	0	0.919606
2460	27.6445	1368	1103.25	211	0.0108398	0.0154541	0.00849609	0	0.782506
2465	28.2494	1358	1095.19	425	0.0311279	0.0154541	0.00849609	0	0.701859
2466	28.3704	1357	1094.38	522	0.0311279	0.0154541	0.0382324	0	0.693794
2465	28.2494	1348	1087.12	562	0.0411621	0.0154541	0.0382324	0	0.621212
2464	28.1285	1343	1083.09	905	0.0411621	0.0662842	0.0382324	0	0.580889
2464	28.1285	1324	1067.77	1406	0.102979	0.0662842	0.0382324	0	0.42766
2469	28.7335	1308	1054.86	1552	0.102979	0.0662842	0.113672	0	0.298624
2467	28.4914	1292	1041.96	2395	0.175415	0.0662842	0.113672	0	0.169589
2466	28.3704	1291	1041.15	4095	0.175415	0.299927	0.113672	0	0.161523
2468	28.6125	1276	1029.06	4095	0.299927	0.299927	0.113672	0	0.040553
2465	28.2494	1271	1025.02	4095	0.299927	0.299927	0.299927	0	0.000229492
2461	27.7655	1281	1033.09	4095	0.299927	0.299927	0.299927	0	0.0808765
2458	27.4025	1280	1032.28	4095	0.299927	0.299927	0.299927	0	0.0728125
