#Temperatur		Druck		Absorbtion	ohne LED	Blau	IR		Echolot		Messpunkte: 100/s	LEDZeit: 2/s
2455	27.0396	1264	1019.38	1841	0.134839	0.101294	0.133447	0	-0.0562219
2454	26.9186	1281	1033.09	1845	0.135132	0.101294	0.133447	0	0.0808765
2448	26.1927	1281	1033.09	1844	0.135059	0.101294	0.133447	0	0.0808765
2450	26.4347	1278	1030.67	1834	0.134326	0.101294	0.133447	0	0.0566834
2449	26.3137	1277	1029.86	1820	0.133301	0.101294	0.133447	0	0.0486182
2448	26.1927	1276	1029.06	1810	0.132568	0.101294	0.133447	0	0.040553
2450	26.4347	1277	1029.86	1800	0.131836	0.101294	0.133447	0	0.0486182
2450	26.4347	1274	1027.44	1793	0.131323	0.101294	0.133447	0	0.024425
2451	26.5556	1281	1033.09	1776	0.130078	0.101294	0.133447	0	0.0808765
2450	26.4347	1283	1034.7	1771	0.129712	0.101294	0.133447	0	0.0970068
2451	26.5556	1282	1033.89	1766	0.129346	0.101294	0.133447	0	0.0889416
2449	26.3137	1282	1033.89	1762	0.129053	0.101294	0.133447	0	0.0889416
2449	26.3137	1276	1029.06	1762	0.129053	0.101294	0.133447	0	0.040553
2448	26.1927	1285	1036.31	1761	0.128979	0.101294	0.133447	0	0.113136
2452	26.6766	1275	1028.25	1754	0.128467	0.101294	0.133447	0	0.032489
2448	26.1927	1268	1022.6	1763	0.129126	0.101294	0.133447	0	-0.0239642
2451	26.5556	1276	1029.06	1755	0.12854	0.101294	0.133447	0	0.040553
2449	26.3137	1274	1027.44	1757	0.128687	0.101294	0.133447	0	0.024425
2449	26.3137	1280	1032.28	1757	0.128687	0.101294	0.133447	0	0.0728125
2452	26.6766	1280	1032.28	1750	0.128174	0.101294	0.133447	0	0.0728125
2448	26.1927	1270	1024.22	1753	0.128394	0.101294	0.133447	0	-0.00783447
2448	26.1927	1282	1033.89	1750	0.128174	0.101294	0.133447	0	0.0889416
2451	26.5556	1275	1028.25	1747	0.127954	0.101294	0.133447	0	0.032489
2450	26.4347	1280	1032.28	1746	0.127881	0.101294	0.133447	0	0.0728125
2453	26.7976	1254	1011.31	1736	0.127148	0.101294	0.133447	0	-0.136869
2448	26.1927	1273	1026.64	1742	0.127588	0.101294	0.133447	0	0.0163599
2452	26.6766	1271	1025.02	1733	0.127588	0.126929	0.133447	0	0.000229492
2448	26.1927	1282	1033.89	1803	0.127588	0.132056	0.133447	0	0.0889416
2449	26.3137	1278	1030.67	1797	0.127588	0.131616	0.133447	0	0.0566834
2448	26.1927	1281	1033.09	1792	0.127588	0.13125	0.133447	0	0.0808765
2449	26.3137	1264	1019.38	1786	0.127588	0.130811	0.133447	0	-0.0562219
2452	26.6766	1271	1025.02	1782	0.127588	0.130518	0.133447	0	0.000229492
2451	26.5556	1275	1028.25	1759	0.127588	0.128833	0.133447	0	0.032489
2448	26.1927	1274	1027.44	1754	0.127588	0.128467	0.133447	0	0.024425
2451	26.5556	1267	1021.8	1743	0.127588	0.127661	0.133447	0	-0.0320282
2444	25.7088	1279	1031.47	1741	0.127588	0.127515	0.133447	0	0.0647485
2448	26.1927	1273	1026.64	1716	0.127588	0.125684	0.133447	0	0.0163599
2449	26.3137	1284	1035.51	1713	0.127588	0.125464	0.133447	0	0.105072
2449	26.3137	1277	1029.86	1708	0.127588	0.125098	0.133447	0	0.0486182
2452	26.6766	1273	1026.64	1691	0.127588	0.123853	0.133447	0	0.0163599
2448	26.1927	1282	1033.89	1676	0.127588	0.122754	0.133447	0	0.0889416
2450	26.4347	1270	1024.22	1659	0.127588	0.121509	0.133447	0	-0.00783447
2448	26.1927	1284	1035.51	1650	0.127588	0.12085	0.133447	0	0.105072
2447	26.0717	1293	1042.77	1640	0.127588	0.120117	0.133447	0	0.177654
2450	26.4347	1268	1022.6	1617	0.127588	0.118433	0.133447	0	-0.0239642
2447	26.0717	1282	1033.89	1613	0.127588	0.11814	0.133447	0	0.0889416
2452	26.6766	1281	1033.09	1601	0.127588	0.117261	0.133447	0	0.0808765
2447	26.0717	1277	1029.86	1589	0.127588	0.116382	0.133447	0	0.0486182
2448	26.1927	1282	1033.89	1579	0.127588	0.115649	0.133447	0	0.0889416
2446	25.9508	1285	1036.31	1573	0.127588	0.11521	0.133447	0	0.113136
2448	26.1927	1276	1029.06	1573	0.127588	0.11521	0.133447	0	0.040553
2445	25.8298	1278	1030.67	1566	0.127588	0.114697	0.133447	0	0.0566834
2449	26.3137	1258	1014.54	1569	0.127588	0.114917	0.133447	0	-0.104611
2447	26.0717	1285	1036.31	1566	0.127588	0.114697	0.133447	0	0.113136
2448	26.1927	1259	1015.35	1564	0.127588	0.114551	0.133447	0	-0.0965454
2448	26.1927	1268	1022.6	1565	0.127588	0.114624	0.133447	0	-0.0239642
2445	25.8298	1281	1033.09	1564	0.127588	0.114551	0.133447	0	0.0808765
2447	26.0717	1282	1033.89	1556	0.127588	0.113965	0.133447	0	0.0889416
2449	26.3137	1261	1016.96	1553	0.127588	0.113745	0.133447	0	-0.0804175
2447	26.0717	1279	1031.47	1549	0.127588	0.113452	0.133447	0	0.0647485
2448	26.1927	1274	1027.44	1548	0.127588	0.113379	0.133447	0	0.024425
2447	26.0717	1272	1025.83	1542	0.127588	0.112939	0.133447	0	0.00829468
2448	26.1927	1273	1026.64	1579	0.127588	0.115649	0.133447	0	0.0163599
2449	26.3137	1282	1033.89	1586	0.127588	0.116162	0.133447	0	0.0889416
2446	25.9508	1277	1029.86	1596	0.127588	0.116895	0.133447	0	0.0486182
2445	25.8298	1273	1026.64	1630	0.127588	0.119385	0.133447	0	0.0163599
2449	26.3137	1286	1037.12	1640	0.127588	0.120117	0.133447	0	0.1212
2446	25.9508	1284	1035.51	1653	0.127588	0.121069	0.133447	0	0.105072
2448	26.1927	1277	1029.86	1663	0.127588	0.121802	0.133447	0	0.0486182
2450	26.4347	1280	1032.28	1689	0.127588	0.123706	0.133447	0	0.0728125
2446	25.9508	1280	1032.28	1702	0.127588	0.124658	0.133447	0	0.0728125
2448	26.1927	1278	1030.67	1711	0.127588	0.125317	0.133447	0	0.0566834
2441	25.3459	1281	1033.09	1730	0.127588	0.126709	0.133447	0	0.0808765
2445	25.8298	1282	1033.89	1757	0.127588	0.128687	0.133447	0	0.0889416
2447	26.0717	1284	1035.51	1775	0.127588	0.130005	0.133447	0	0.105072
2447	26.0717	1273	1026.64	1788	0.127588	0.130957	0.133447	0	0.0163599
2449	26.3137	1265	1020.18	1804	0.127588	0.132129	0.133447	0	-0.048158
2447	26.0717	1270	1024.22	1837	0.127588	0.134546	0.133447	0	-0.00783447
2445	25.8298	1280	1032.28	1849	0.127588	0.135425	0.133447	0	0.0728125
2448	26.1927	1273	1026.64	1859	0.127588	0.136157	0.133447	0	0.0163599
2445	25.8298	1277	1029.86	1873	0.127588	0.137183	0.133447	0	0.0486182
2448	26.1927	1281	1033.09	1887	0.127588	0.138208	0.133447	0	0.0808765
2442	25.4669	1262	1017.76	1896	0.127588	0.138867	0.133447	0	-0.0723517
2450	26.4347	1303	1050.83	1897	0.127588	0.13894	0.133447	0	0.258301
2450	26.4347	1274	1027.44	1900	0.127588	0.13916	0.133447	0	0.024425
2446	25.9508	1277	1029.86	1907	0.127588	0.139673	0.133447	0	0.0486182
2449	26.3137	1274	1027.44	1906	0.127588	0.1396	0.133447	0	0.024425
2446	25.9508	1285	1036.31	1912	0.127588	0.140039	0.133447	0	0.113136
2446	25.9508	1269	1023.41	1913	0.127588	0.140112	0.133447	0	-0.0158984
2448	26.1927	1273	1026.64	1905	0.127588	0.139526	0.133447	0	0.0163599
2445	25.8298	1276	1029.06	1894	0.127588	0.138721	0.133447	0	0.040553
2448	26.1927	1287	1037.93	1882	0.127588	0.137842	0.133447	0	0.129265
2450	26.4347	1283	1034.7	1869	0.127588	0.13689	0.133447	0	0.0970068
2444	25.7088	1281	1033.09	1816	0.127588	0.133008	0.133447	0	0.0808765
2450	26.4347	1274	1027.44	1787	0.127588	0.130884	0.133447	0	0.024425
2445	25.8298	1275	1028.25	1749	0.127588	0.128101	0.133447	0	0.032489
2448	26.1927	1281	1033.09	1712	0.127588	0.125391	0.133447	0	0.0808765
2445	25.8298	1278	1030.67	1648	0.127588	0.120703	0.133447	0	0.0566834
2445	25.8298	1279	1031.47	1614	0.127588	0.118213	0.133447	0	0.0647485
2448	26.1927	1304	1051.64	1579	0.127588	0.115649	0.133447	0	0.266366
2444	25.7088	1281	1033.09	1556	0.127588	0.113965	0.133447	0	0.0808765
2450	26.4347	1281	1033.09	1565	0.127588	0.114624	0.133447	0	0.0808765
2442	25.4669	1271	1025.02	1610	0.127588	0.11792	0.133447	0	0.000229492
2447	26.0717	1276	1029.06	1644	0.127588	0.12041	0.133447	0	0.040553
2447	26.0717	1272	1025.83	1653	0.127588	0.121069	0.133447	0	0.00829468
2447	26.0717	1281	1033.09	1657	0.127588	0.121362	0.133447	0	0.0808765
2446	25.9508	1287	1037.93	1649	0.127588	0.120776	0.133447	0	0.129265
2446	25.9508	1246	1004.86	1640	0.127588	0.120117	0.133447	0	-0.201388
2442	25.4669	1271	1025.02	1629	0.127588	0.119312	0.133447	0	0.000229492
2446	25.9508	1274	1027.44	1595	0.127588	0.116821	0.133447	0	0.024425
2446	25.9508	1251	1008.89	1591	0.127588	0.116528	0.133447	0	-0.161064
2447	26.0717	1276	1029.06	1590	0.116455	0.116528	0.133447	0	0.040553
2444	25.7088	1275	1028.25	1538	0.112646	0.116528	0.133447	0	0.032489
2448	26.1927	1270	1024.22	1582	0.115869	0.116528	0.133447	0	-0.00783447
2449	26.3137	1245	1004.05	1613	0.11814	0.116528	0.133447	0	-0.209452
2446	25.9508	1272	1025.83	1646	0.120557	0.116528	0.133447	0	0.00829468
2445	25.8298	1285	1036.31	1671	0.122388	0.116528	0.133447	0	0.113136
2446	25.9508	1275	1028.25	1720	0.125977	0.116528	0.133447	0	0.032489
2441	25.3459	1273	1026.64	1737	0.127222	0.116528	0.133447	0	0.0163599
2447	26.0717	1283	1034.7	1751	0.128247	0.116528	0.133447	0	0.0970068
2442	25.4669	1286	1037.12	1755	0.12854	0.116528	0.133447	0	0.1212
2449	26.3137	1278	1030.67	1773	0.129858	0.116528	0.133447	0	0.0566834
2445	25.8298	1274	1027.44	1781	0.130444	0.116528	0.133447	0	0.024425
2448	26.1927	1302	1050.02	1797	0.131616	0.116528	0.133447	0	0.250236
2447	26.0717	1269	1023.41	1807	0.132349	0.116528	0.133447	0	-0.0158984
2444	25.7088	1275	1028.25	1824	0.133594	0.116528	0.133447	0	0.032489
2444	25.7088	1280	1032.28	1834	0.134326	0.116528	0.133447	0	0.0728125
2445	25.8298	1284	1035.51	1836	0.134473	0.116528	0.133447	0	0.105072
2443	25.5879	1272	1025.83	1848	0.135352	0.116528	0.133447	0	0.00829468
2448	26.1927	1268	1022.6	1849	0.135425	0.116528	0.133447	0	-0.0239642
2448	26.1927	1277	1029.86	1847	0.135278	0.116528	0.133447	0	0.0486182
2448	26.1927	1281	1033.09	1832	0.13418	0.116528	0.133447	0	0.0808765
2450	26.4347	1280	1032.28	1828	0.133887	0.116528	0.133447	0	0.0728125
2444	25.7088	1275	1028.25	1815	0.132935	0.116528	0.133447	0	0.032489
2445	25.8298	1278	1030.67	1814	0.132861	0.116528	0.133447	0	0.0566834
2439	25.104	1281	1033.09	1809	0.132495	0.116528	0.133447	0	0.0808765
2445	25.8298	1273	1026.64	1805	0.132202	0.116528	0.133447	0	0.0163599
2440	25.225	1273	1026.64	1796	0.131543	0.116528	0.133447	0	0.0163599
2442	25.4669	1283	1034.7	1792	0.13125	0.116528	0.133447	0	0.0970068
2447	26.0717	1277	1029.86	1786	0.130811	0.116528	0.133447	0	0.0486182
2444	25.7088	1287	1037.93	1781	0.130444	0.116528	0.133447	0	0.129265
2445	25.8298	1278	1030.67	1770	0.129639	0.116528	0.133447	0	0.0566834
2445	25.8298	1283	1034.7	1766	0.129346	0.116528	0.133447	0	0.0970068
2445	25.8298	1271	1025.02	1762	0.129053	0.116528	0.133447	0	0.000229492
2445	25.8298	1280	1032.28	1753	0.128394	0.116528	0.133447	0	0.0728125
2443	25.5879	1285	1036.31	1750	0.128174	0.116528	0.133447	0	0.113136
2442	25.4669	1282	1033.89	1740	0.127441	0.116528	0.133447	0	0.0889416
2440	25.225	1277	1029.86	1739	0.127368	0.116528	0.133447	0	0.0486182
2449	26.3137	1275	1028.25	1731	0.126782	0.116528	0.133447	0	0.032489
2447	26.0717	1269	1023.41	1728	0.126563	0.116528	0.133447	0	-0.0158984
2443	25.5879	1276	1029.06	1725	0.126343	0.116528	0.133447	0	0.040553
2446	25.9508	1279	1031.47	1714	0.125537	0.116528	0.133447	0	0.0647485
2439	25.104	1274	1027.44	1715	0.12561	0.116528	0.133447	0	0.024425
2445	25.8298	1275	1028.25	1697	0.124292	0.116528	0.133447	0	0.032489
2448	26.1927	1280	1032.28	1690	0.123779	0.116528	0.133447	0	0.0728125
2442	25.4669	1271	1025.02	1690	0.123779	0.116528	0.133447	0	0.000229492
2446	25.9508	1269	1023.41	1676	0.122754	0.116528	0.133447	0	-0.0158984
2444	25.7088	1276	1029.06	1669	0.122241	0.116528	0.133447	0	0.040553
2444	25.7088	1246	1004.86	1626	0.119092	0.116528	0.133447	0	-0.201388
2444	25.7088	1273	1026.64	1613	0.11814	0.116528	0.133447	0	0.0163599
2445	25.8298	1281	1033.09	1605	0.117554	0.116528	0.133447	0	0.0808765
2444	25.7088	1276	1029.06	1593	0.116675	0.116528	0.133447	0	0.040553
2446	25.9508	1273	1026.64	1588	0.116309	0.116528	0.133447	0	0.0163599
2446	25.9508	1270	1024.22	1582	0.115869	0.116528	0.133447	0	-0.00783447
2446	25.9508	1281	1033.09	1576	0.11543	0.116528	0.133447	0	0.0808765
2441	25.3459	1257	1013.73	1567	0.114771	0.116528	0.133447	0	-0.112675
2443	25.5879	1264	1019.38	1570	0.11499	0.116528	0.133447	0	-0.0562219
2443	25.5879	1282	1033.89	1565	0.114624	0.116528	0.133447	0	0.0889416
2444	25.7088	1274	1027.44	1563	0.114478	0.116528	0.133447	0	0.024425
2442	25.4669	1275	1028.25	1564	0.114551	0.116528	0.133447	0	0.032489
2442	25.4669	1268	1022.6	1559	0.114185	0.116528	0.133447	0	-0.0239642
2446	25.9508	1280	1032.28	1553	0.113745	0.116528	0.133447	0	0.0728125
2438	24.9831	1271	1025.02	1559	0.114185	0.116528	0.133447	0	0.000229492
2449	26.3137	1276	1029.06	1554	0.113818	0.116528	0.133447	0	0.040553
2444	25.7088	1274	1027.44	1562	0.114404	0.116528	0.133447	0	0.024425
2444	25.7088	1277	1029.86	1566	0.114697	0.116528	0.133447	0	0.0486182
2444	25.7088	1277	1029.86	1561	0.114331	0.116528	0.133447	0	0.0486182
2442	25.4669	1267	1021.8	1582	0.115869	0.116528	0.133447	0	-0.0320282
2444	25.7088	1266	1020.99	1583	0.115942	0.116528	0.133447	0	-0.040094
2446	25.9508	1273	1026.64	1590	0.116455	0.116528	0.133447	0	0.0163599
2443	25.5879	1275	1028.25	1605	0.117554	0.116528	0.133447	0	0.032489
2448	26.1927	1268	1022.6	1612	0.118066	0.116528	0.133447	0	-0.0239642
2445	25.8298	1280	1032.28	1623	0.118872	0.116528	0.133447	0	0.0728125
2445	25.8298	1276	1029.06	1633	0.119604	0.116528	0.133447	0	0.040553
2441	25.3459	1246	1004.86	1633	0.119604	0.116528	0.133447	0	-0.201388
2447	26.0717	1273	1026.64	1644	0.12041	0.116528	0.133447	0	0.0163599
2447	26.0717	1272	1025.83	1651	0.120923	0.116528	0.133447	0	0.00829468
2442	25.4669	1273	1026.64	1657	0.121362	0.116528	0.133447	0	0.0163599
2443	25.5879	1273	1026.64	1658	0.121436	0.116528	0.133447	0	0.0163599
2448	26.1927	1269	1023.41	1667	0.122095	0.116528	0.133447	0	-0.0158984
2446	25.9508	1273	1026.64	1677	0.122827	0.116528	0.133447	0	0.0163599
2444	25.7088	1269	1023.41	1684	0.12334	0.116528	0.133447	0	-0.0158984
2445	25.8298	1272	1025.83	1686	0.123486	0.116528	0.133447	0	0.00829468
2443	25.5879	1255	1012.12	1707	0.125024	0.116528	0.133447	0	-0.128805
2445	25.8298	1283	1034.7	1711	0.125317	0.116528	0.133447	0	0.0970068
2443	25.5879	1272	1025.83	1725	0.126343	0.116528	0.133447	0	0.00829468
2447	26.0717	1268	1022.6	1726	0.126416	0.116528	0.133447	0	-0.0239642
2444	25.7088	1280	1032.28	1735	0.127075	0.116528	0.133447	0	0.0728125
2444	25.7088	1274	1027.44	1739	0.127368	0.116528	0.133447	0	0.024425
2445	25.8298	1280	1032.28	1740	0.127441	0.116528	0.133447	0	0.0728125
2445	25.8298	1277	1029.86	1747	0.127954	0.116528	0.133447	0	0.0486182
2443	25.5879	1280	1032.28	1760	0.128906	0.116528	0.133447	0	0.0728125
2447	26.0717	1280	1032.28	1766	0.129346	0.116528	0.133447	0	0.0728125
2446	25.9508	1272	1025.83	1773	0.129858	0.116528	0.133447	0	0.00829468
2445	25.8298	1269	1023.41	1771	0.129712	0.116528	0.133447	0	-0.0158984
2446	25.9508	1280	1032.28	1787	0.130884	0.116528	0.133447	0	0.0728125
2444	25.7088	1277	1029.86	1785	0.130737	0.116528	0.133447	0	0.0486182
2445	25.8298	1276	1029.06	1789	0.130737	0.116528	0.13103	0	0.040553
2442	25.4669	1274	1027.44	1840	0.130737	0.116528	0.134766	0	0.024425
2448	26.1927	1278	1030.67	1841	0.130737	0.116528	0.134839	0	0.0566834
2448	26.1927	1282	1033.89	1844	0.130737	0.116528	0.135059	0	0.0889416
2445	25.8298	1277	1029.86	1850	0.130737	0.116528	0.135498	0	0.0486182
2449	26.3137	1281	1033.09	1851	0.130737	0.116528	0.135571	0	0.0808765
2441	25.3459	1278	1030.67	1856	0.130737	0.116528	0.135937	0	0.0566834
2445	25.8298	1276	1029.06	1856	0.130737	0.116528	0.135937	0	0.040553
2441	25.3459	1271	1025.02	1858	0.130737	0.116528	0.136084	0	0.000229492
2445	25.8298	1271	1025.02	1862	0.130737	0.116528	0.136377	0	0.000229492
2446	25.9508	1273	1026.64	1865	0.130737	0.116528	0.136597	0	0.0163599
2444	25.7088	1272	1025.83	1870	0.130737	0.116528	0.136963	0	0.00829468
2446	25.9508	1273	1026.64	1873	0.130737	0.116528	0.137183	0	0.0163599
2450	26.4347	1277	1029.86	1873	0.130737	0.116528	0.137183	0	0.0486182
2443	25.5879	1276	1029.06	1889	0.130737	0.116528	0.138354	0	0.040553
2446	25.9508	1273	1026.64	1896	0.130737	0.116528	0.138867	0	0.0163599
2445	25.8298	1287	1037.93	1906	0.130737	0.116528	0.1396	0	0.129265
2445	25.8298	1286	1037.12	1911	0.130737	0.116528	0.139966	0	0.1212
2446	25.9508	1276	1029.06	1938	0.130737	0.116528	0.141943	0	0.040553
2445	25.8298	1272	1025.83	1954	0.130737	0.116528	0.143115	0	0.00829468
2445	25.8298	1276	1029.06	1960	0.130737	0.116528	0.143555	0	0.040553
2447	26.0717	1283	1034.7	1977	0.130737	0.116528	0.1448	0	0.0970068
2446	25.9508	1257	1013.73	2004	0.130737	0.116528	0.146777	0	-0.112675
2444	25.7088	1273	1026.64	2016	0.130737	0.116528	0.147656	0	0.0163599
2443	25.5879	1258	1014.54	2027	0.130737	0.116528	0.148462	0	-0.104611
2445	25.8298	1270	1024.22	2035	0.130737	0.116528	0.149048	0	-0.00783447
2446	25.9508	1255	1012.12	2063	0.130737	0.116528	0.151099	0	-0.128805
2441	25.3459	1283	1034.7	2079	0.130737	0.116528	0.152271	0	0.0970068
2443	25.5879	1275	1028.25	2092	0.130737	0.116528	0.153223	0	0.032489
2448	26.1927	1268	1022.6	2102	0.130737	0.116528	0.153955	0	-0.0239642
2448	26.1927	1280	1032.28	2119	0.130737	0.116528	0.1552	0	0.0728125
2444	25.7088	1269	1023.41	2128	0.130737	0.116528	0.155859	0	-0.0158984
2448	26.1927	1274	1027.44	2133	0.130737	0.116528	0.156226	0	0.024425
2446	25.9508	1274	1027.44	2142	0.130737	0.116528	0.156885	0	0.024425
2446	25.9508	1276	1029.06	2153	0.130737	0.116528	0.15769	0	0.040553
2446	25.9508	1276	1029.06	2158	0.130737	0.116528	0.158057	0	0.040553
2441	25.3459	1276	1029.06	2164	0.130737	0.116528	0.158496	0	0.040553
2444	25.7088	1281	1033.09	2160	0.130737	0.116528	0.158203	0	0.0808765
2441	25.3459	1277	1029.86	2165	0.130737	0.116528	0.158569	0	0.0486182
2439	25.104	1274	1027.44	2160	0.130737	0.116528	0.158203	0	0.024425
2444	25.7088	1282	1033.89	2162	0.130737	0.116528	0.15835	0	0.0889416
2445	25.8298	1280	1032.28	2163	0.130737	0.116528	0.158423	0	0.0728125
2441	25.3459	1270	1024.22	2150	0.130737	0.116528	0.157471	0	-0.00783447
2445	25.8298	1272	1025.83	2149	0.130737	0.116528	0.157397	0	0.00829468
2440	25.225	1277	1029.86	2148	0.130737	0.116528	0.157324	0	0.0486182
2446	25.9508	1266	1020.99	2141	0.130737	0.116528	0.156812	0	-0.040094
2444	25.7088	1278	1030.67	2096	0.130737	0.116528	0.153516	0	0.0566834
2442	25.4669	1260	1016.15	2086	0.130737	0.116528	0.152783	0	-0.0884814
2444	25.7088	1273	1026.64	2080	0.130737	0.116528	0.152344	0	0.0163599
2446	25.9508	1272	1025.83	2071	0.130737	0.116528	0.151685	0	0.00829468
2446	25.9508	1281	1033.09	2052	0.130737	0.116528	0.150293	0	0.0808765
2442	25.4669	1277	1029.86	2042	0.130737	0.116528	0.149561	0	0.0486182
2445	25.8298	1284	1035.51	2028	0.130737	0.116528	0.148535	0	0.105072
2441	25.3459	1277	1029.86	2020	0.130737	0.116528	0.147949	0	0.0486182
2440	25.225	1275	1028.25	1997	0.130737	0.116528	0.146265	0	0.032489
2443	25.5879	1268	1022.6	1988	0.130737	0.116528	0.145605	0	-0.0239642
2444	25.7088	1282	1033.89	1982	0.130737	0.116528	0.145166	0	0.0889416
2444	25.7088	1295	1044.38	1972	0.130737	0.116528	0.144434	0	0.193783
2444	25.7088	1274	1027.44	1957	0.130737	0.116528	0.143335	0	0.024425
2443	25.5879	1275	1028.25	1945	0.130737	0.116528	0.142456	0	0.032489
2444	25.7088	1275	1028.25	1936	0.130737	0.116528	0.141797	0	0.032489
2442	25.4669	1267	1021.8	1931	0.130737	0.116528	0.141431	0	-0.0320282
2445	25.8298	1272	1025.83	1921	0.130737	0.116528	0.140698	0	0.00829468
2447	26.0717	1274	1027.44	1918	0.130737	0.116528	0.140479	0	0.024425
2441	25.3459	1272	1025.83	1916	0.130737	0.116528	0.140332	0	0.00829468
2443	25.5879	1273	1026.64	1910	0.130737	0.116528	0.139893	0	0.0163599
2443	25.5879	1284	1035.51	1900	0.130737	0.116528	0.13916	0	0.105072
2445	25.8298	1276	1029.06	1895	0.130737	0.116528	0.138794	0	0.040553
2445	25.8298	1281	1033.09	1889	0.130737	0.116528	0.138354	0	0.0808765
2446	25.9508	1267	1021.8	1888	0.130737	0.116528	0.138281	0	-0.0320282
2445	25.8298	1284	1035.51	1878	0.130737	0.116528	0.137549	0	0.105072
2443	25.5879	1281	1033.09	1881	0.130737	0.116528	0.137769	0	0.0808765
2446	25.9508	1278	1030.67	1874	0.130737	0.116528	0.137256	0	0.0566834
2442	25.4669	1284	1035.51	1871	0.130737	0.116528	0.137036	0	0.105072
2443	25.5879	1306	1053.25	1871	0.130737	0.116528	0.137036	0	0.282494
2443	25.5879	1282	1033.89	1864	0.130737	0.116528	0.136523	0	0.0889416
2438	24.9831	1288	1038.73	1862	0.130737	0.116528	0.136377	0	0.13733
2444	25.7088	1285	1036.31	1857	0.130737	0.116528	0.136011	0	0.113136
2445	25.8298	1268	1022.6	1850	0.130737	0.116528	0.135498	0	-0.0239642
2440	25.225	1266	1020.99	1848	0.130737	0.116528	0.135352	0	-0.040094
2444	25.7088	1244	1003.25	1838	0.130737	0.116528	0.134619	0	-0.217516
2444	25.7088	1276	1029.06	1835	0.130737	0.116528	0.134399	0	0.040553
2444	25.7088	1259	1015.35	1821	0.130737	0.116528	0.133374	0	-0.0965454
2443	25.5879	1267	1021.8	1818	0.130737	0.116528	0.133154	0	-0.0320282
2441	25.3459	1274	1027.44	1810	0.130737	0.116528	0.132568	0	0.024425
2445	25.8298	1272	1025.83	1803	0.130737	0.116528	0.132056	0	0.00829468
2441	25.3459	1280	1032.28	1792	0.130737	0.116528	0.13125	0	0.0728125
2443	25.5879	1275	1028.25	1782	0.130737	0.116528	0.130518	0	0.032489
2440	25.225	1284	1035.51	1777	0.130737	0.116528	0.130151	0	0.105072
2445	25.8298	1275	1028.25	1774	0.130737	0.116528	0.129932	0	0.032489
2442	25.4669	1271	1025.02	1765	0.130737	0.116528	0.129272	0	0.000229492
2446	25.9508	1286	1037.12	1760	0.130737	0.116528	0.128906	0	0.1212
2446	25.9508	1279	1031.47	1755	0.130737	0.116528	0.12854	0	0.0647485
2446	25.9508	1267	1021.8	1747	0.130737	0.116528	0.127954	0	-0.0320282
2441	25.3459	1284	1035.51	1746	0.130737	0.116528	0.127881	0	0.105072
2443	25.5879	1272	1025.83	1741	0.127515	0.116528	0.127881	0	0.00829468
2438	24.9831	1272	1025.83	1698	0.124365	0.116528	0.127881	0	0.00829468
2440	25.225	1270	1024.22	1698	0.124365	0.116528	0.127881	0	-0.00783447
2443	25.5879	1272	1025.83	1692	0.123926	0.116528	0.127881	0	0.00829468
2439	25.104	1277	1029.86	1696	0.124219	0.116528	0.127881	0	0.0486182
2442	25.4669	1279	1031.47	1690	0.123779	0.116528	0.127881	0	0.0647485
2442	25.4669	1246	1004.86	1681	0.12312	0.116528	0.127881	0	-0.201388
2443	25.5879	1272	1025.83	1684	0.12334	0.116528	0.127881	0	0.00829468
2446	25.9508	1280	1032.28	1686	0.123486	0.116528	0.127881	0	0.0728125
2445	25.8298	1273	1026.64	1683	0.123267	0.116528	0.127881	0	0.0163599
2446	25.9508	1271	1025.02	1677	0.122827	0.116528	0.127881	0	0.000229492
2444	25.7088	1282	1033.89	1676	0.122754	0.116528	0.127881	0	0.0889416
2439	25.104	1273	1026.64	1676	0.122754	0.116528	0.127881	0	0.0163599
2443	25.5879	1276	1029.06	1678	0.1229	0.116528	0.127881	0	0.040553
2441	25.3459	1277	1029.86	1678	0.1229	0.116528	0.127881	0	0.0486182
2446	25.9508	1255	1012.12	1678	0.1229	0.116528	0.127881	0	-0.128805
2442	25.4669	1294	1043.57	1681	0.12312	0.116528	0.127881	0	0.185719
2444	25.7088	1279	1031.47	1681	0.12312	0.116528	0.127881	0	0.0647485
2442	25.4669	1285	1036.31	1680	0.123047	0.116528	0.127881	0	0.113136
2442	25.4669	1268	1022.6	1692	0.123926	0.116528	0.127881	0	-0.0239642
2443	25.5879	1269	1023.41	1685	0.123413	0.116528	0.127881	0	-0.0158984
2441	25.3459	1279	1031.47	1693	0.123999	0.116528	0.127881	0	0.0647485
2445	25.8298	1278	1030.67	1692	0.123926	0.116528	0.127881	0	0.0566834
