#Temperatur		Druck		Absorbtion	ohne LED	Blau	IR		Echolot		Messpunkte: 100/s	LEDZeit: 2/s
2463	28.0075	132	106.454	46	0.00336914	0.00336914	0.0074707	0	-9.18546
2467	28.4914	169	136.293	50	0.00366211	0.00336914	0.0074707	0	-8.88707
2469	28.7335	243	195.972	47	0.00344238	0.00336914	0.0074707	0	-8.29028
2475	29.4595	147	118.551	46	0.00336914	0.00336914	0.0074707	0	-9.06449
2460	27.6445	110	88.7117	47	0.00344238	0.00336914	0.0074707	0	-9.36288
2476	29.5805	182	146.777	48	0.00351562	0.00336914	0.0074707	0	-8.78223
2466	28.3704	258	208.069	48	0.00351562	0.00336914	0.0074707	0	-8.16931
2475	29.4595	182	146.777	49	0.00358887	0.00336914	0.0074707	0	-8.78223
2467	28.4914	126	101.615	48	0.00351562	0.00336914	0.0074707	0	-9.23385
2465	28.2494	69	55.6464	48	0.00351562	0.00336914	0.0074707	0	-9.69354
2470	28.8545	108	87.0987	46	0.00336914	0.00336914	0.0074707	0	-9.37901
2466	28.3704	81	65.324	49	0.00358887	0.00336914	0.0074707	0	-9.59676
2467	28.4914	266	214.521	46	0.00336914	0.00336914	0.0074707	0	-8.10479
2463	28.0075	240	193.553	46	0.00336914	0.00336914	0.0074707	0	-8.31447
2467	28.4914	298	240.328	48	0.00351562	0.00336914	0.0074707	0	-7.84672
2464	28.1285	458	369.363	46	0.00336914	0.00336914	0.0074707	0	-6.55637
2473	29.2175	382	308.071	48	0.00351562	0.00336914	0.0074707	0	-7.16929
2474	29.3385	227	183.069	48	0.00351562	0.00336914	0.0074707	0	-8.41931
2469	28.7335	496	400.009	46	0.00336914	0.00336914	0.0074707	0	-6.24991
2468	28.6125	478	385.493	49	0.00358887	0.00336914	0.0074707	0	-6.39507
2473	29.2175	376	303.233	49	0.00358887	0.00336914	0.0074707	0	-7.21767
2466	28.3704	366	295.168	45	0.0032959	0.00336914	0.0074707	0	-7.29832
2463	28.0075	492	396.783	46	0.00336914	0.00336914	0.0074707	0	-6.28217
2472	29.0964	378	304.846	46	0.00336914	0.00336914	0.0074707	0	-7.20154
2476	29.5805	345	278.232	53	0.00388184	0.00336914	0.0074707	0	-7.46768
2470	28.8545	376	303.233	47	0.00344238	0.00336914	0.0074707	0	-7.21767
2466	28.3704	585	471.785	47	0.00344238	0.00336914	0.0074707	0	-5.53215
2473	29.2175	499	402.428	46	0.00336914	0.00336914	0.0074707	0	-6.22572
2473	29.2175	429	345.975	46	0.00336914	0.00336914	0.0074707	0	-6.79025
2470	28.8545	336	270.974	49	0.00358887	0.00336914	0.0074707	0	-7.54026
2469	28.7335	649	523.399	47	0.00344238	0.00336914	0.0074707	0	-5.01601
2464	28.1285	568	458.075	49	0.00358887	0.00336914	0.0074707	0	-5.66925
2475	29.4595	492	396.783	48	0.00351562	0.00336914	0.0074707	0	-6.28217
2480	30.0646	509	410.493	47	0.00344238	0.00336914	0.0074707	0	-6.14507
2474	29.3385	473	381.46	46	0.00336914	0.00336914	0.0074707	0	-6.4354
2470	28.8545	429	345.975	48	0.00351562	0.00336914	0.0074707	0	-6.79025
2463	28.0075	460	370.976	47	0.00344238	0.00336914	0.0074707	0	-6.54024
2462	27.8865	718	579.045	47	0.00344238	0.00336914	0.0074707	0	-4.45955
2464	28.1285	696	561.303	47	0.00344238	0.00336914	0.0074707	0	-4.63697
2469	28.7335	466	375.815	46	0.00336914	0.00336914	0.0074707	0	-6.49185
2469	28.7335	462	372.589	49	0.00358887	0.00336914	0.0074707	0	-6.52411
2468	28.6125	595	479.849	45	0.0032959	0.00336914	0.0074707	0	-5.45151
2461	27.7655	532	429.042	47	0.00344238	0.00336914	0.0074707	0	-5.95958
2462	27.8865	464	374.202	45	0.0032959	0.00336914	0.0074707	0	-6.50798
2471	28.9755	716	577.432	48	0.00351562	0.00336914	0.0074707	0	-4.47568
2465	28.2494	718	579.045	46	0.00336914	0.00336914	0.0074707	0	-4.45955
2472	29.0964	690	556.464	48	0.00351562	0.00336914	0.0074707	0	-4.68536
2470	28.8545	561	452.43	47	0.00344238	0.00336914	0.0074707	0	-5.7257
2473	29.2175	732	590.336	46	0.00336914	0.00336914	0.0074707	0	-4.34664
2464	28.1285	704	567.755	45	0.0032959	0.00336914	0.0074707	0	-4.57245
2466	28.3704	695	560.496	47	0.00344238	0.00336914	0.0074707	0	-4.64504
2472	29.0964	574	462.914	48	0.00351562	0.00336914	0.0074707	0	-5.62086
2468	28.6125	574	462.914	48	0.00351562	0.00336914	0.0074707	0	-5.62086
2468	28.6125	419	337.911	46	0.00336914	0.00336914	0.0074707	0	-6.87089
2471	28.9755	484	390.331	47	0.00344238	0.00336914	0.0074707	0	-6.34669
2473	29.2175	510	411.3	45	0.0032959	0.00336914	0.0074707	0	-6.137
2474	29.3385	736	593.562	45	0.0032959	0.00336914	0.0074707	0	-4.31438
2464	28.1285	697	562.109	46	0.00336914	0.00336914	0.0074707	0	-4.62891
2472	29.0964	433	349.201	46	0.00336914	0.00336914	0.0074707	0	-6.75799
2465	28.2494	684	551.625	47	0.00344238	0.00336914	0.0074707	0	-4.73375
2468	28.6125	454	366.137	51	0.00373535	0.00336914	0.0074707	0	-6.58863
2473	29.2175	521	420.171	47	0.00344238	0.00336914	0.0074707	0	-6.04829
2477	29.7015	588	474.204	48	0.00351562	0.00336914	0.0074707	0	-5.50796
2465	28.2494	499	402.428	46	0.00336914	0.00336914	0.0074707	0	-6.22572
2466	28.3704	573	462.107	48	0.00351562	0.00336914	0.0074707	0	-5.62893
2474	29.3385	480	387.105	45	0.0032959	0.00336914	0.0074707	0	-6.37895
2461	27.7655	685	552.432	48	0.00351562	0.00336914	0.0074707	0	-4.72568
2472	29.0964	377	304.039	45	0.0032959	0.00336914	0.0074707	0	-7.20961
2472	29.0964	433	349.201	46	0.00336914	0.00336914	0.0074707	0	-6.75799
2465	28.2494	574	462.914	44	0.00322266	0.00336914	0.0074707	0	-5.62086
2470	28.8545	524	422.59	45	0.0032959	0.00336914	0.0074707	0	-6.0241
2464	28.1285	477	384.686	49	0.00358887	0.00336914	0.0074707	0	-6.40314
2462	27.8865	571	460.494	46	0.00336914	0.00336914	0.0074707	0	-5.64506
2472	29.0964	443	357.266	48	0.00351562	0.00336914	0.0074707	0	-6.67734
2467	28.4914	446	359.686	49	0.00358887	0.00336914	0.0074707	0	-6.65314
2463	28.0075	544	438.72	46	0.00336914	0.00336914	0.0074707	0	-5.86281
2472	29.0964	533	429.848	47	0.00344238	0.00336914	0.0074707	0	-5.95152
2470	28.8545	413	333.072	45	0.0032959	0.00336914	0.0074707	0	-6.91928
2465	28.2494	688	554.851	49	0.00358887	0.00336914	0.0074707	0	-4.70149
2460	27.6445	536	432.268	46	0.00336914	0.00336914	0.0074707	0	-5.92732
2472	29.0964	477	384.686	47	0.00336914	0.00344238	0.0074707	0	-6.40314
2470	28.8545	540	435.494	48	0.00336914	0.00351562	0.0074707	0	-5.89506
2461	27.7655	542	437.107	47	0.00336914	0.00344238	0.0074707	0	-5.87893
2462	27.8865	352	283.877	46	0.00336914	0.00336914	0.0074707	0	-7.41123
2474	29.3385	485	391.138	45	0.00336914	0.0032959	0.0074707	0	-6.33862
2464	28.1285	461	371.783	50	0.00336914	0.00366211	0.0074707	0	-6.53217
2468	28.6125	568	458.075	45	0.00336914	0.0032959	0.0074707	0	-5.66925
2469	28.7335	393	316.943	48	0.00336914	0.00351562	0.0074707	0	-7.08057
2471	28.9755	365	294.361	47	0.00336914	0.00344238	0.0074707	0	-7.30639
2475	29.4595	493	397.59	46	0.00336914	0.00336914	0.0074707	0	-6.2741
2467	28.4914	486	391.944	49	0.00336914	0.00358887	0.0074707	0	-6.33056
2467	28.4914	498	401.622	47	0.00336914	0.00344238	0.0074707	0	-6.23378
2471	28.9755	614	495.172	48	0.00336914	0.00351562	0.0074707	0	-5.29828
2464	28.1285	467	376.621	48	0.00336914	0.00351562	0.0074707	0	-6.48379
2464	28.1285	509	410.493	44	0.00336914	0.00322266	0.0074707	0	-6.14507
2465	28.2494	431	347.588	47	0.00336914	0.00344238	0.0074707	0	-6.77412
2472	29.0964	389	313.717	46	0.00336914	0.00336914	0.0074707	0	-7.11283
2475	29.4595	458	369.363	48	0.00336914	0.00351562	0.0074707	0	-6.55637
2475	29.4595	507	408.88	50	0.00336914	0.00366211	0.0074707	0	-6.1612
2471	28.9755	522	420.977	47	0.00336914	0.00344238	0.0074707	0	-6.04023
2465	28.2494	421	339.524	48	0.00336914	0.00351562	0.0074707	0	-6.85476
2469	28.7335	415	334.685	43	0.00336914	0.00314941	0.0074707	0	-6.90315
2464	28.1285	404	325.814	46	0.00336914	0.00336914	0.0074707	0	-6.99186
2467	28.4914	503	405.654	46	0.00336914	0.00336914	0.0074707	0	-6.19346
2468	28.6125	588	474.204	48	0.00336914	0.00351562	0.0074707	0	-5.50796
2469	28.7335	642	517.754	50	0.00336914	0.00366211	0.0074707	0	-5.07246
2470	28.8545	560	451.623	47	0.00336914	0.00344238	0.0074707	0	-5.73377
2465	28.2494	687	554.045	48	0.00336914	0.00351562	0.0074707	0	-4.70955
2470	28.8545	432	348.395	46	0.00336914	0.00336914	0.0074707	0	-6.76605
2473	29.2175	541	436.3	48	0.00336914	0.00351562	0.0074707	0	-5.887
2475	29.4595	422	340.33	47	0.00336914	0.00344238	0.0074707	0	-6.8467
2469	28.7335	335	270.167	43	0.00336914	0.00314941	0.0074707	0	-7.54833
2471	28.9755	551	444.365	50	0.00336914	0.00366211	0.0074707	0	-5.80635
2468	28.6125	648	522.592	47	0.00336914	0.00344238	0.0074707	0	-5.02408
2472	29.0964	445	358.879	48	0.00336914	0.00351562	0.0074707	0	-6.66121
2473	29.2175	521	420.171	46	0.00336914	0.00336914	0.0074707	0	-6.04829
2474	29.3385	570	459.688	48	0.00336914	0.00351562	0.0074707	0	-5.65312
2468	28.6125	539	434.687	48	0.00336914	0.00351562	0.0074707	0	-5.90313
2473	29.2175	548	441.945	45	0.00336914	0.0032959	0.0074707	0	-5.83055
2473	29.2175	310	250.006	49	0.00336914	0.00358887	0.0074707	0	-7.74994
2469	28.7335	665	536.302	46	0.00336914	0.00336914	0.0074707	0	-4.88698
2462	27.8865	401	323.394	45	0.00336914	0.0032959	0.0074707	0	-7.01606
2466	28.3704	474	382.267	46	0.00336914	0.00336914	0.0074707	0	-6.42733
2472	29.0964	670	540.335	46	0.00336914	0.00336914	0.0074707	0	-4.84665
2459	27.5235	624	503.237	50	0.00336914	0.00366211	0.0074707	0	-5.21763
2472	29.0964	503	405.654	49	0.00336914	0.00358887	0.0074707	0	-6.19346
2462	27.8865	491	395.977	48	0.00336914	0.00351562	0.0074707	0	-6.29023
2465	28.2494	401	323.394	48	0.00336914	0.00351562	0.0074707	0	-7.01606
2466	28.3704	552	445.171	47	0.00336914	0.00344238	0.0074707	0	-5.79829
2472	29.0964	340	274.2	46	0.00336914	0.00336914	0.0074707	0	-7.508
2460	27.6445	468	377.428	49	0.00336914	0.00358887	0.0074707	0	-6.47572
2476	29.5805	351	283.071	49	0.00336914	0.00358887	0.0074707	0	-7.41929
2465	28.2494	388	312.91	51	0.00336914	0.00373535	0.0074707	0	-7.1209
2465	28.2494	380	306.458	48	0.00336914	0.00351562	0.0074707	0	-7.18542
2463	28.0075	427	344.363	47	0.00336914	0.00344238	0.0074707	0	-6.80637
2467	28.4914	500	403.235	48	0.00336914	0.00351562	0.0074707	0	-6.21765
2469	28.7335	267	215.327	47	0.00336914	0.00344238	0.0074707	0	-8.09673
2461	27.7655	259	208.876	46	0.00336914	0.00336914	0.0074707	0	-8.16124
2477	29.7015	418	337.104	47	0.00336914	0.00344238	0.0074707	0	-6.87896
2462	27.8865	368	296.781	44	0.00336914	0.00322266	0.0074707	0	-7.28219
2475	29.4595	450	362.911	45	0.00336914	0.0032959	0.0074707	0	-6.62089
2464	28.1285	373	300.813	46	0.00336914	0.00336914	0.0074707	0	-7.24187
2459	27.5235	431	347.588	49	0.00336914	0.00358887	0.0074707	0	-6.77412
2474	29.3385	469	378.234	48	0.00336914	0.00351562	0.0074707	0	-6.46766
2463	28.0075	296	238.715	49	0.00336914	0.00358887	0.0074707	0	-7.86285
2475	29.4595	356	287.103	48	0.00336914	0.00351562	0.0074707	0	-7.37897
2469	28.7335	494	398.396	47	0.00336914	0.00344238	0.0074707	0	-6.26604
2468	28.6125	381	307.265	46	0.00336914	0.00336914	0.0074707	0	-7.17735
2472	29.0964	281	226.618	46	0.00336914	0.00336914	0.0074707	0	-7.98382
2466	28.3704	383	308.878	47	0.00336914	0.00344238	0.0074707	0	-7.16122
2466	28.3704	251	202.424	50	0.00336914	0.00366211	0.0074707	0	-8.22576
2466	28.3704	345	278.232	48	0.00336914	0.00351562	0.0074707	0	-7.46768
2472	29.0964	497	400.815	48	0.00336914	0.00351562	0.0074707	0	-6.24185
2466	28.3704	436	351.621	46	0.00336914	0.00336914	0.0074707	0	-6.73379
2466	28.3704	402	324.201	48	0.00336914	0.00351562	0.0074707	0	-7.00799
2467	28.4914	371	299.2	47	0.00336914	0.00344238	0.0074707	0	-7.258
2468	28.6125	420	338.717	47	0.00336914	0.00344238	0.0074707	0	-6.86283
2472	29.0964	364	293.555	46	0.00336914	0.00336914	0.0074707	0	-7.31445
2468	28.6125	463	373.395	46	0.00336914	0.00336914	0.0074707	0	-6.51605
2474	29.3385	171	137.906	48	0.00336914	0.00351562	0.0074707	0	-8.87094
2475	29.4595	492	396.783	46	0.00336914	0.00336914	0.0074707	0	-6.28217
2470	28.8545	523	421.784	50	0.00336914	0.00366211	0.0074707	0	-6.03216
2468	28.6125	404	325.814	48	0.00336914	0.00351562	0.0074707	0	-6.99186
2469	28.7335	407	328.233	47	0.00336914	0.00344238	0.0074707	0	-6.96767
2468	28.6125	251	202.424	47	0.00336914	0.00344238	0.0074707	0	-8.22576
2465	28.2494	402	324.201	47	0.00336914	0.00344238	0.0074707	0	-7.00799
2471	28.9755	464	374.202	45	0.00336914	0.0032959	0.0074707	0	-6.50798
2474	29.3385	485	391.138	47	0.00336914	0.00344238	0.0074707	0	-6.33862
2472	29.0964	414	333.878	47	0.00336914	0.00344238	0.0074707	0	-6.91122
2464	28.1285	435	350.814	48	0.00336914	0.00351562	0.0074707	0	-6.74186
2476	29.5805	416	335.491	48	0.00336914	0.00351562	0.0074707	0	-6.89509
2467	28.4914	544	438.72	45	0.00336914	0.0032959	0.0074707	0	-5.86281
2474	29.3385	390	314.523	48	0.00336914	0.00351562	0.0074707	0	-7.10477
2470	28.8545	390	314.523	47	0.00336914	0.00344238	0.0074707	0	-7.10477
2474	29.3385	380	306.458	49	0.00336914	0.00358887	0.0074707	0	-7.18542
2476	29.5805	302	243.554	46	0.00336914	0.00336914	0.0074707	0	-7.81446
2466	28.3704	432	348.395	45	0.0032959	0.00336914	0.0074707	0	-6.76605
2475	29.4595	411	331.459	46	0.00336914	0.00336914	0.0074707	0	-6.93541
2464	28.1285	274	220.973	47	0.00344238	0.00336914	0.0074707	0	-8.04027
2462	27.8865	307	247.586	48	0.00351562	0.00336914	0.0074707	0	-7.77414
2470	28.8545	316	254.844	45	0.0032959	0.00336914	0.0074707	0	-7.70156
2464	28.1285	344	277.426	48	0.00351562	0.00336914	0.0074707	0	-7.47574
2469	28.7335	410	330.653	45	0.0032959	0.00336914	0.0074707	0	-6.94347
2470	28.8545	483	389.525	45	0.0032959	0.00336914	0.0074707	0	-6.35475
2469	28.7335	339	273.393	48	0.00351562	0.00336914	0.0074707	0	-7.51607
2468	28.6125	320	258.07	47	0.00344238	0.00336914	0.0074707	0	-7.6693
2468	28.6125	206	166.133	49	0.00358887	0.00336914	0.0074707	0	-8.58867
2469	28.7335	236	190.327	48	0.00351562	0.00336914	0.0074707	0	-8.34673
2472	29.0964	313	252.425	48	0.00351562	0.00336914	0.0074707	0	-7.72575
2454	26.9186	373	300.813	46	0.00336914	0.00336914	0.0074707	0	-7.24187
2469	28.7335	400	322.588	47	0.00344238	0.00336914	0.0074707	0	-7.02412
2469	28.7335	459	370.17	48	0.00351562	0.00336914	0.0074707	0	-6.5483
2478	29.8225	385	310.491	48	0.00351562	0.00336914	0.0074707	0	-7.14509
2470	28.8545	321	258.877	49	0.00358887	0.00336914	0.0074707	0	-7.66123
2470	28.8545	382	308.071	47	0.00344238	0.00336914	0.0074707	0	-7.16929
2474	29.3385	492	396.783	44	0.00322266	0.00336914	0.0074707	0	-6.28217
2470	28.8545	576	464.527	44	0.00322266	0.00336914	0.0074707	0	-5.60473
2472	29.0964	350	282.264	45	0.0032959	0.00336914	0.0074707	0	-7.42736
2468	28.6125	518	417.751	48	0.00351562	0.00336914	0.0074707	0	-6.07249
2478	29.8225	454	366.137	47	0.00344238	0.00336914	0.0074707	0	-6.58863
2466	28.3704	533	429.848	47	0.00344238	0.00336914	0.0074707	0	-5.95152
2472	29.0964	418	337.104	50	0.00366211	0.00336914	0.0074707	0	-6.87896
2475	29.4595	472	380.654	46	0.00336914	0.00336914	0.0074707	0	-6.44346
2467	28.4914	412	332.266	48	0.00351562	0.00336914	0.0074707	0	-6.92734
2462	27.8865	334	269.361	46	0.00336914	0.00336914	0.0074707	0	-7.55639
2466	28.3704	448	361.298	48	0.00351562	0.00336914	0.0074707	0	-6.63702
2462	27.8865	272	219.36	47	0.00344238	0.00336914	0.0074707	0	-8.0564
2467	28.4914	434	350.008	46	0.00336914	0.00336914	0.0074707	0	-6.74992
2470	28.8545	496	400.009	49	0.00358887	0.00336914	0.0074707	0	-6.24991
2467	28.4914	417	336.298	47	0.00344238	0.00336914	0.0074707	0	-6.88702
2476	29.5805	463	373.395	48	0.00351562	0.00336914	0.0074707	0	-6.51605
2466	28.3704	372	300.007	48	0.00351562	0.00336914	0.0074707	0	-7.24993
2468	28.6125	280	225.812	50	0.00366211	0.00336914	0.0074707	0	-7.99188
2470	28.8545	428	345.169	47	0.00344238	0.00336914	0.0074707	0	-6.79831
2461	27.7655	397	320.168	45	0.0032959	0.00336914	0.0074707	0	-7.04832
2467	28.4914	533	429.848	45	0.0032959	0.00336914	0.0074707	0	-5.95152
2470	28.8545	605	487.914	45	0.0032959	0.00336914	0.0074707	0	-5.37086
2469	28.7335	411	331.459	49	0.00358887	0.00336914	0.0074707	0	-6.93541
2469	28.7335	360	290.329	47	0.00344238	0.00336914	0.0074707	0	-7.34671
2466	28.3704	349	281.458	44	0.00322266	0.00336914	0.0074707	0	-7.43542
2475	29.4595	384	309.684	48	0.00351562	0.00336914	0.0074707	0	-7.15316
2473	29.2175	412	332.266	46	0.00336914	0.00336914	0.0074707	0	-6.92734
2458	27.4025	354	285.49	48	0.00351562	0.00336914	0.0074707	0	-7.3951
2460	27.6445	465	375.008	48	0.00351562	0.00336914	0.0074707	0	-6.49992
2473	29.2175	209	168.552	46	0.00336914	0.00336914	0.0074707	0	-8.56448
2469	28.7335	427	344.363	47	0.00344238	0.00336914	0.0074707	0	-6.80637
2467	28.4914	519	418.558	51	0.00373535	0.00336914	0.0074707	0	-6.06442
2467	28.4914	249	200.811	48	0.00351562	0.00336914	0.0074707	0	-8.24189
2468	28.6125	402	324.201	46	0.00336914	0.00336914	0.0074707	0	-7.00799
2468	28.6125	237	191.133	49	0.00358887	0.00336914	0.0074707	0	-8.33867
2473	29.2175	283	228.231	46	0.00336914	0.00336914	0.0074707	0	-7.96769
2466	28.3704	580	467.752	44	0.00322266	0.00336914	0.0074707	0	-5.57248
2461	27.7655	268	216.134	46	0.00336914	0.00336914	0.0074707	0	-8.08866
2470	28.8545	491	395.977	47	0.00344238	0.00336914	0.0074707	0	-6.29023
2466	28.3704	416	335.491	46	0.00336914	0.00336914	0.0074707	0	-6.89509
2476	29.5805	396	319.362	46	0.00336914	0.00336914	0.0074707	0	-7.05638
2469	28.7335	283	228.231	48	0.00351562	0.00336914	0.0074707	0	-7.96769
2474	29.3385	424	341.943	47	0.00344238	0.00336914	0.0074707	0	-6.83057
2460	27.6445	300	241.941	48	0.00351562	0.00336914	0.0074707	0	-7.83059
2476	29.5805	456	367.75	45	0.0032959	0.00336914	0.0074707	0	-6.5725
2458	27.4025	272	219.36	48	0.00351562	0.00336914	0.0074707	0	-8.0564
2476	29.5805	531	428.235	44	0.00322266	0.00336914	0.0074707	0	-5.96765
2460	27.6445	456	367.75	48	0.00351562	0.00336914	0.0074707	0	-6.5725
2471	28.9755	407	328.233	48	0.00351562	0.00336914	0.0074707	0	-6.96767
2464	28.1285	442	356.46	48	0.00351562	0.00336914	0.0074707	0	-6.6854
2476	29.5805	458	369.363	48	0.00351562	0.00336914	0.0074707	0	-6.55637
2466	28.3704	300	241.941	46	0.00336914	0.00336914	0.0074707	0	-7.83059
2471	28.9755	424	341.943	48	0.00351562	0.00336914	0.0074707	0	-6.83057
2473	29.2175	403	325.007	47	0.00344238	0.00336914	0.0074707	0	-6.99993
2466	28.3704	375	302.426	47	0.00344238	0.00336914	0.0074707	0	-7.22574
2460	27.6445	482	388.718	46	0.00336914	0.00336914	0.0074707	0	-6.36282
2472	29.0964	362	291.942	50	0.00366211	0.00336914	0.0074707	0	-7.33058
2465	28.2494	375	302.426	49	0.00358887	0.00336914	0.0074707	0	-7.22574
2475	29.4595	585	471.785	48	0.00351562	0.00336914	0.0074707	0	-5.53215
2464	28.1285	295	237.909	48	0.00351562	0.00336914	0.0074707	0	-7.87091
2473	29.2175	526	424.203	48	0.00351562	0.00336914	0.0074707	0	-6.00797
2465	28.2494	398	320.975	47	0.00344238	0.00336914	0.0074707	0	-7.04025
2461	27.7655	384	309.684	48	0.00351562	0.00336914	0.0074707	0	-7.15316
2468	28.6125	370	298.394	44	0.00322266	0.00336914	0.0074707	0	-7.26606
2460	27.6445	501	404.041	48	0.00351562	0.00336914	0.0074707	0	-6.20959
2473	29.2175	532	429.042	48	0.00351562	0.00336914	0.0074707	0	-5.95958
2471	28.9755	393	316.943	47	0.00344238	0.00336914	0.0074707	0	-7.08057
2465	28.2494	584	470.978	47	0.00344238	0.00336914	0.0074707	0	-5.54022
2470	28.8545	353	284.684	47	0.00344238	0.00336914	0.0074707	0	-7.40316
2468	28.6125	249	200.811	48	0.00351562	0.00336914	0.0074707	0	-8.24189
2474	29.3385	526	424.203	48	0.00351562	0.00336914	0.0074707	0	-6.00797
2465	28.2494	273	220.166	48	0.00351562	0.00336914	0.0074707	0	-8.04834
2467	28.4914	308	248.393	48	0.00351562	0.00336914	0.0074707	0	-7.76607
2472	29.0964	477	384.686	45	0.0032959	0.00336914	0.0074707	0	-6.40314
2464	28.1285	363	292.749	48	0.00351562	0.00336914	0.0074707	0	-7.32251
2467	28.4914	505	407.267	46	0.00336914	0.00336914	0.0074707	0	-6.17733
2476	29.5805	424	341.943	49	0.00358887	0.00336914	0.0074707	0	-6.83057
2470	28.8545	420	338.717	48	0.00358887	0.00336914	0.00351562	0	-6.86283
2468	28.6125	0	0	106	0.00358887	0.00336914	0.00776367	0	-10.25
2468	28.6125	37	29.8394	107	0.00358887	0.00336914	0.00783691	0	-9.95161
2476	29.5805	151	121.777	105	0.00358887	0.00336914	0.00769043	0	-9.03223
2472	29.0964	122	98.3893	102	0.00358887	0.00336914	0.0074707	0	-9.26611
2476	29.5805	35	28.2264	102	0.00358887	0.00336914	0.0074707	0	-9.96774
2477	29.7015	0	0	104	0.00358887	0.00336914	0.00761719	0	-10.25
2466	28.3704	0	0	105	0.00358887	0.00336914	0.00769043	0	-10.25
2462	27.8865	28	22.5812	108	0.00358887	0.00336914	0.00791016	0	-10.0242
2466	28.3704	175	141.132	107	0.00358887	0.00336914	0.00783691	0	-8.83868
2467	28.4914	241	194.359	104	0.00358887	0.00336914	0.00761719	0	-8.30641
2469	28.7335	0	0	106	0.00358887	0.00336914	0.00776367	0	-10.25
2466	28.3704	25	20.1617	102	0.00358887	0.00336914	0.0074707	0	-10.0484
2466	28.3704	114	91.9376	103	0.00358887	0.00336914	0.00754395	0	-9.33062
2468	28.6125	71	57.2593	104	0.00358887	0.00336914	0.00761719	0	-9.67741
2464	28.1285	138	111.293	102	0.00358887	0.00336914	0.0074707	0	-9.13707
2473	29.2175	136	109.68	103	0.00358887	0.00336914	0.00754395	0	-9.1532
2474	29.3385	309	249.199	101	0.00358887	0.00336914	0.00739746	0	-7.75801
2470	28.8545	194	156.455	107	0.00358887	0.00336914	0.00783691	0	-8.68545
2469	28.7335	38	30.6458	106	0.00358887	0.00336914	0.00776367	0	-9.94354
2468	28.6125	119	95.9699	104	0.00358887	0.00336914	0.00761719	0	-9.2903
2468	28.6125	77	62.0982	106	0.00358887	0.00336914	0.00776367	0	-9.62902
2472	29.0964	0	0	105	0.00358887	0.00336914	0.00769043	0	-10.25
2471	28.9755	190	153.229	103	0.00358887	0.00336914	0.00754395	0	-8.71771
2466	28.3704	19	15.3229	105	0.00358887	0.00336914	0.00769043	0	-10.0968
2466	28.3704	132	106.454	104	0.00358887	0.00336914	0.00761719	0	-9.18546
2474	29.3385	180	145.165	106	0.00358887	0.00336914	0.00776367	0	-8.79835
2472	29.0964	17	13.71	107	0.00358887	0.00336914	0.00783691	0	-10.1129
2473	29.2175	193	155.649	104	0.00358887	0.00336914	0.00761719	0	-8.69351
2469	28.7335	118	95.1634	103	0.00358887	0.00336914	0.00754395	0	-9.29837
2466	28.3704	53	42.7429	104	0.00358887	0.00336914	0.00761719	0	-9.82257
2472	29.0964	167	134.68	108	0.00358887	0.00336914	0.00791016	0	-8.9032
2470	28.8545	115	92.744	105	0.00358887	0.00336914	0.00769043	0	-9.32256
2463	28.0075	0	0	104	0.00358887	0.00336914	0.00761719	0	-10.25
2474	29.3385	137	110.486	105	0.00358887	0.00336914	0.00769043	0	-9.14514
2458	27.4025	128	103.228	105	0.00358887	0.00336914	0.00769043	0	-9.21772
2467	28.4914	224	180.649	104	0.00358887	0.00336914	0.00761719	0	-8.44351
2467	28.4914	154	124.196	106	0.00358887	0.00336914	0.00776367	0	-9.00804
2461	27.7655	247	199.198	105	0.00358887	0.00336914	0.00769043	0	-8.25802
2468	28.6125	177	142.745	104	0.00358887	0.00336914	0.00761719	0	-8.82255
2455	27.0396	235	189.52	102	0.00358887	0.00336914	0.0074707	0	-8.3548
2468	28.6125	154	124.196	104	0.00358887	0.00336914	0.00761719	0	-9.00804
2468	28.6125	237	191.133	106	0.00358887	0.00336914	0.00776367	0	-8.33867
2468	28.6125	280	225.812	101	0.00358887	0.00336914	0.00739746	0	-7.99188
2470	28.8545	54	43.5494	103	0.00358887	0.00336914	0.00754395	0	-9.81451
2464	28.1285	174	140.326	104	0.00358887	0.00336914	0.00761719	0	-8.84674
2472	29.0964	289	233.07	104	0.00358887	0.00336914	0.00761719	0	-7.9193
2476	29.5805	213	171.778	107	0.00358887	0.00336914	0.00783691	0	-8.53222
2465	28.2494	258	208.069	103	0.00358887	0.00336914	0.00754395	0	-8.16931
2468	28.6125	251	202.424	107	0.00358887	0.00336914	0.00783691	0	-8.22576
2467	28.4914	188	151.616	104	0.00358887	0.00336914	0.00761719	0	-8.73384
2469	28.7335	34	27.42	104	0.00358887	0.00336914	0.00761719	0	-9.9758
2466	28.3704	306	246.78	104	0.00358887	0.00336914	0.00761719	0	-7.7822
2470	28.8545	39	31.4523	108	0.00358887	0.00336914	0.00791016	0	-9.93548
2466	28.3704	275	221.779	104	0.00358887	0.00336914	0.00761719	0	-8.03221
2473	29.2175	198	159.681	109	0.00358887	0.00336914	0.0079834	0	-8.65319
2474	29.3385	0	0	105	0.00358887	0.00336914	0.00769043	0	-10.25
2467	28.4914	361	291.136	100	0.00358887	0.00336914	0.00732422	0	-7.33864
2471	28.9755	144	116.132	104	0.00358887	0.00336914	0.00761719	0	-9.08868
2464	28.1285	170	137.1	105	0.00358887	0.00336914	0.00769043	0	-8.879
2474	29.3385	82	66.1305	103	0.00358887	0.00336914	0.00754395	0	-9.5887
2465	28.2494	211	170.165	108	0.00358887	0.00336914	0.00791016	0	-8.54835
2457	27.2815	197	158.875	104	0.00358887	0.00336914	0.00761719	0	-8.66125
2467	28.4914	294	237.102	104	0.00358887	0.00336914	0.00761719	0	-7.87898
2455	27.0396	108	87.0987	110	0.00358887	0.00336914	0.00805664	0	-9.37901
2468	28.6125	391	315.33	100	0.00358887	0.00336914	0.00732422	0	-7.0967
2466	28.3704	224	180.649	103	0.00358887	0.00336914	0.00754395	0	-8.44351
2467	28.4914	173	139.519	103	0.00358887	0.00336914	0.00754395	0	-8.85481
2469	28.7335	161	129.842	108	0.00358887	0.00336914	0.00791016	0	-8.95158
2466	28.3704	271	218.553	100	0.00358887	0.00336914	0.00732422	0	-8.06447
2467	28.4914	82	66.1305	106	0.00358887	0.00336914	0.00776367	0	-9.5887
2467	28.4914	385	310.491	103	0.00358887	0.00336914	0.00754395	0	-7.14509
2473	29.2175	225	181.456	104	0.00358887	0.00336914	0.00761719	0	-8.43544
2470	28.8545	159	128.229	101	0.00358887	0.00336914	0.00739746	0	-8.96771
2467	28.4914	128	103.228	104	0.00358887	0.00336914	0.00761719	0	-9.21772
2472	29.0964	161	129.842	106	0.00358887	0.00336914	0.00776367	0	-8.95158
2467	28.4914	355	286.297	102	0.00358887	0.00336914	0.0074707	0	-7.38703
2473	29.2175	121	97.5828	105	0.00358887	0.00336914	0.00769043	0	-9.27417
2462	27.8865	118	95.1634	105	0.00358887	0.00336914	0.00769043	0	-9.29837
2474	29.3385	242	195.166	106	0.00358887	0.00336914	0.00776367	0	-8.29834
2464	28.1285	269	216.94	104	0.00358887	0.00336914	0.00761719	0	-8.0806
2472	29.0964	74	59.6788	107	0.00358887	0.00336914	0.00783691	0	-9.65321
2469	28.7335	308	248.393	102	0.00358887	0.00336914	0.0074707	0	-7.76607
2473	29.2175	244	196.779	107	0.00358887	0.00336914	0.00783691	0	-8.28221
2468	28.6125	128	103.228	104	0.00358887	0.00336914	0.00761719	0	-9.21772
2472	29.0964	277	223.392	103	0.00358887	0.00336914	0.00754395	0	-8.01608
2467	28.4914	212	170.972	105	0.00358887	0.00336914	0.00769043	0	-8.54028
2466	28.3704	233	187.907	103	0.00358887	0.00336914	0.00754395	0	-8.37092
2463	28.0075	397	320.168	106	0.00358887	0.00336914	0.00776367	0	-7.04832
2474	29.3385	179	144.358	103	0.00358887	0.00336914	0.00754395	0	-8.80642
2474	29.3385	225	181.456	104	0.00358887	0.00336914	0.00761719	0	-8.43544
2473	29.2175	141	113.712	104	0.00358887	0.00336914	0.00761719	0	-9.11288
2468	28.6125	343	276.619	103	0.00358887	0.00336914	0.00754395	0	-7.48381
2465	28.2494	405	326.62	104	0.00358887	0.00336914	0.00761719	0	-6.9838
2466	28.3704	241	194.359	103	0.00358887	0.00336914	0.00754395	0	-8.30641
2468	28.6125	162	130.648	111	0.00358887	0.00336914	0.00812988	0	-8.94352
2474	29.3385	132	106.454	103	0.00754395	0.00336914	0.00812988	0	-9.18546
2469	28.7335	1057	852.439	47	0.00344238	0.00336914	0.00812988	0	-1.72561
2468	28.6125	1186	956.473	48	0.00351562	0.00336914	0.00812988	0	-0.685269
2469	28.7335	1173	945.989	45	0.0032959	0.00336914	0.00812988	0	-0.79011
2468	28.6125	1120	903.246	48	0.00351562	0.00336914	0.00812988	0	-1.21754
2463	28.0075	1089	878.246	47	0.00344238	0.00336914	0.00812988	0	-1.46754
2463	28.0075	1156	932.279	47	0.00344238	0.00336914	0.00812988	0	-0.92721
2465	28.2494	1187	957.28	50	0.00366211	0.00336914	0.00812988	0	-0.677204
2471	28.9755	1180	951.634	47	0.00344238	0.00336914	0.00812988	0	-0.733657
2471	28.9755	1138	917.763	47	0.00344238	0.00336914	0.00812988	0	-1.07237
2465	28.2494	1285	1036.31	47	0.00344238	0.00336914	0.00812988	0	0.113136
2468	28.6125	1087	876.633	46	0.00336914	0.00336914	0.00812988	0	-1.48367
2472	29.0964	1212	977.441	43	0.00314941	0.00336914	0.00812988	0	-0.475587
2476	29.5805	1175	947.602	46	0.00336914	0.00336914	0.00812988	0	-0.773981
2468	28.6125	1075	866.955	48	0.00351562	0.00336914	0.00812988	0	-1.58045
2468	28.6125	1100	887.117	46	0.00336914	0.00336914	0.00812988	0	-1.37883
2459	27.5235	1185	955.667	48	0.00351562	0.00336914	0.00812988	0	-0.693334
2464	28.1285	1075	866.955	48	0.00351562	0.00336914	0.00812988	0	-1.58045
2459	27.5235	1243	1002.44	47	0.00344238	0.00336914	0.00812988	0	-0.225582
2474	29.3385	1029	829.857	46	0.00336914	0.00336914	0.00812988	0	-1.95143
2469	28.7335	993	800.824	46	0.00336914	0.00336914	0.00812988	0	-2.24176
2466	28.3704	1162	937.118	50	0.00366211	0.00336914	0.00812988	0	-0.878821
2460	27.6445	1256	1012.93	45	0.0032959	0.00336914	0.00812988	0	-0.120741
2468	28.6125	1094	882.278	46	0.00336914	0.00336914	0.00812988	0	-1.42722
2480	30.0646	1056	851.632	48	0.00351562	0.00336914	0.00812988	0	-1.73368
2477	29.7015	1109	894.375	47	0.00344238	0.00336914	0.00812988	0	-1.30625
2476	29.5805	973	784.695	49	0.00358887	0.00336914	0.00812988	0	-2.40305
2469	28.7335	1104	890.343	47	0.00344238	0.00336914	0.00812988	0	-1.34657
2469	28.7335	1300	1048.41	50	0.00366211	0.00336914	0.00812988	0	0.234106
2476	29.5805	1079	870.181	47	0.00344238	0.00336914	0.00812988	0	-1.54819
2470	28.8545	1032	832.277	45	0.0032959	0.00336914	0.00812988	0	-1.92723
2468	28.6125	1145	923.408	49	0.00358887	0.00336914	0.00812988	0	-1.01592
2466	28.3704	1191	960.505	50	0.00366211	0.00336914	0.00812988	0	-0.644946
2470	28.8545	1175	947.602	48	0.00351562	0.00336914	0.00812988	0	-0.773981
2465	28.2494	1131	912.117	45	0.0032959	0.00336914	0.00812988	0	-1.12883
2473	29.2175	944	761.307	48	0.00351562	0.00336914	0.00812988	0	-2.63693
2468	28.6125	1224	987.119	47	0.00344238	0.00336914	0.00812988	0	-0.37881
2468	28.6125	966	779.05	49	0.00358887	0.00336914	0.00812988	0	-2.4595
2474	29.3385	1160	935.505	48	0.00351562	0.00336914	0.00812988	0	-0.894951
2460	27.6445	1202	969.377	52	0.00380859	0.00336914	0.00812988	0	-0.556234
2465	28.2494	1144	922.601	47	0.00344238	0.00336914	0.00812988	0	-1.02399
2469	28.7335	1207	973.409	45	0.0032959	0.00336914	0.00812988	0	-0.51591
2473	29.2175	959	773.404	47	0.00344238	0.00336914	0.00812988	0	-2.51596
2468	28.6125	1021	823.406	47	0.00344238	0.00336914	0.00812988	0	-2.01594
2461	27.7655	1172	945.183	48	0.00351562	0.00336914	0.00812988	0	-0.798174
2477	29.7015	1091	879.858	47	0.00344238	0.00336914	0.00812988	0	-1.45142
2467	28.4914	1163	937.924	45	0.0032959	0.00336914	0.00812988	0	-0.870757
2467	28.4914	1248	1006.47	49	0.00358887	0.00336914	0.00812988	0	-0.185258
2464	28.1285	1141	920.182	47	0.00344238	0.00336914	0.00812988	0	-1.04818
2475	29.4595	1237	997.603	49	0.00358887	0.00336914	0.00812988	0	-0.273969
2469	28.7335	1264	1019.38	47	0.00344238	0.00336914	0.00812988	0	-0.0562219
2465	28.2494	1438	1159.7	47	0.00344238	0.00336914	0.00812988	0	1.34703
2464	28.1285	1226	988.732	47	0.00344238	0.00336914	0.00812988	0	-0.362681
2467	28.4914	1277	1029.86	44	0.00322266	0.00336914	0.00812988	0	0.0486182
2467	28.4914	1439	1160.51	47	0.00344238	0.00336914	0.00812988	0	1.3551
2462	27.8865	1404	1132.28	48	0.00351562	0.00336914	0.00812988	0	1.07284
2469	28.7335	1174	946.795	48	0.00351562	0.00336914	0.00812988	0	-0.782045
2473	29.2175	1435	1157.28	46	0.00336914	0.00336914	0.00812988	0	1.32284
2468	28.6125	1409	1136.32	44	0.00322266	0.00336914	0.00812988	0	1.11316
2463	28.0075	1468	1183.9	48	0.00351562	0.00336914	0.00812988	0	1.58898
2465	28.2494	1366	1101.64	47	0.00344238	0.00336914	0.00812988	0	0.766376
2457	27.2815	1292	1041.96	47	0.00344238	0.00336914	0.00812988	0	0.169589
2466	28.3704	1061	855.664	48	0.00351562	0.00336914	0.00812988	0	-1.69336
2458	27.4025	876	706.467	47	0.00344238	0.00336914	0.00812988	0	-3.18533
2476	29.5805	886	714.532	46	0.00336914	0.00336914	0.00812988	0	-3.10468
2464	28.1285	1026	827.438	47	0.00344238	0.00336914	0.00812988	0	-1.97562
2466	28.3704	828	667.757	48	0.00351562	0.00336914	0.00812988	0	-3.57243
2472	29.0964	788	635.498	48	0.00351562	0.00336914	0.00812988	0	-3.89502
2472	29.0964	775	625.014	49	0.00358887	0.00336914	0.00812988	0	-3.99986
2467	28.4914	799	644.369	47	0.00344238	0.00336914	0.00812988	0	-3.80631
2470	28.8545	846	682.273	46	0.00336914	0.00336914	0.00812988	0	-3.42727
2466	28.3704	884	712.919	47	0.00344238	0.00336914	0.00812988	0	-3.12081
2468	28.6125	904	729.049	46	0.00336914	0.00336914	0.00812988	0	-2.95951
2470	28.8545	946	762.92	48	0.00351562	0.00336914	0.00812988	0	-2.6208
2461	27.7655	1072	864.536	49	0.00358887	0.00336914	0.00812988	0	-1.60464
2466	28.3704	1080	870.987	46	0.00336914	0.00336914	0.00812988	0	-1.54013
2470	28.8545	929	749.21	44	0.00322266	0.00336914	0.00812988	0	-2.7579
2466	28.3704	842	679.048	46	0.00336914	0.00336914	0.00812988	0	-3.45952
2474	29.3385	941	758.888	47	0.00344238	0.00336914	0.00812988	0	-2.66112
2475	29.4595	865	697.596	48	0.00351562	0.00336914	0.00812988	0	-3.27404
2464	28.1285	816	658.079	45	0.0032959	0.00336914	0.00812988	0	-3.66921
2473	29.2175	995	802.437	48	0.00351562	0.00336914	0.00812988	0	-2.22563
2464	28.1285	1075	866.955	46	0.00336914	0.00336914	0.00812988	0	-1.58045
2470	28.8545	974	785.502	49	0.00358887	0.00336914	0.00812988	0	-2.39498
2476	29.5805	1094	882.278	46	0.00336914	0.00336914	0.00812988	0	-1.42722
2474	29.3385	1060	854.858	50	0.00366211	0.00336914	0.00812988	0	-1.70142
2468	28.6125	1009	813.728	46	0.00336914	0.00336914	0.00812988	0	-2.11272
2476	29.5805	960	774.211	46	0.00336914	0.00336914	0.00812988	0	-2.50789
2466	28.3704	987	795.986	48	0.00351562	0.00336914	0.00812988	0	-2.29014
2474	29.3385	1066	859.697	44	0.00322266	0.00336914	0.00812988	0	-1.65303
2472	29.0964	1044	841.954	48	0.00351562	0.00336914	0.00812988	0	-1.83046
2473	29.2175	1021	823.406	46	0.00336914	0.00336914	0.00812988	0	-2.01594
2467	28.4914	936	754.856	48	0.00351562	0.00336914	0.00812988	0	-2.70144
2477	29.7015	1100	887.117	48	0.00351562	0.00336914	0.00812988	0	-1.37883
2468	28.6125	1022	824.212	48	0.00351562	0.00336914	0.00812988	0	-2.00788
2478	29.8225	919	741.146	49	0.00358887	0.00336914	0.00812988	0	-2.83854
2469	28.7335	1072	864.536	44	0.00358887	0.00322266	0.00812988	0	-1.60464
2462	27.8865	1043	841.148	48	0.00358887	0.00351562	0.00812988	0	-1.83852
2476	29.5805	969	781.469	46	0.00358887	0.00336914	0.00812988	0	-2.43531
2474	29.3385	978	788.727	47	0.00358887	0.00344238	0.00812988	0	-2.36273
2468	28.6125	923	744.372	47	0.00358887	0.00344238	0.00812988	0	-2.80628
2466	28.3704	990	798.405	48	0.00358887	0.00351562	0.00812988	0	-2.26595
2477	29.7015	934	753.243	47	0.00358887	0.00344238	0.00812988	0	-2.71757
2465	28.2494	842	679.048	46	0.00358887	0.00336914	0.00812988	0	-3.45952
2464	28.1285	940	758.082	47	0.00358887	0.00344238	0.00812988	0	-2.66918
2468	28.6125	888	716.145	46	0.00358887	0.00336914	0.00812988	0	-3.08855
2466	28.3704	1080	870.987	47	0.00358887	0.00344238	0.00812988	0	-1.54013
2469	28.7335	855	689.532	49	0.00358887	0.00358887	0.00812988	0	-3.35468
2466	28.3704	954	769.372	47	0.00358887	0.00344238	0.00812988	0	-2.55628
2474	29.3385	1143	921.795	50	0.00358887	0.00366211	0.00812988	0	-1.03205
2467	28.4914	872	703.242	46	0.00358887	0.00336914	0.00812988	0	-3.21758
2468	28.6125	995	802.437	49	0.00358887	0.00358887	0.00812988	0	-2.22563
2467	28.4914	880	709.693	48	0.00358887	0.00351562	0.00812988	0	-3.15307
2469	28.7335	977	787.921	48	0.00358887	0.00351562	0.00812988	0	-2.37079
2468	28.6125	897	723.403	48	0.00358887	0.00351562	0.00812988	0	-3.01597
2466	28.3704	1073	865.342	46	0.00358887	0.00336914	0.00812988	0	-1.59658
2461	27.7655	844	680.66	53	0.00358887	0.00388184	0.00812988	0	-3.4434
2472	29.0964	992	800.018	46	0.00358887	0.00336914	0.00812988	0	-2.24982
2474	29.3385	1052	848.406	49	0.00358887	0.00358887	0.00812988	0	-1.76594
2468	28.6125	990	798.405	47	0.00358887	0.00344238	0.00812988	0	-2.26595
2464	28.1285	980	790.34	49	0.00358887	0.00358887	0.00812988	0	-2.3466
2473	29.2175	997	804.05	48	0.00358887	0.00351562	0.00812988	0	-2.2095
2466	28.3704	990	798.405	47	0.00358887	0.00344238	0.00812988	0	-2.26595
2459	27.5235	941	758.888	48	0.00358887	0.00351562	0.00812988	0	-2.66112
2465	28.2494	1016	819.373	46	0.00358887	0.00336914	0.00812988	0	-2.05627
2477	29.7015	906	730.662	49	0.00358887	0.00358887	0.00812988	0	-2.94338
2478	29.8225	934	753.243	46	0.00358887	0.00336914	0.00812988	0	-2.71757
2466	28.3704	1065	858.89	48	0.00358887	0.00351562	0.00812988	0	-1.6611
2459	27.5235	837	675.015	48	0.00358887	0.00351562	0.00812988	0	-3.49985
2476	29.5805	948	764.533	46	0.00358887	0.00336914	0.00812988	0	-2.60467
2471	28.9755	894	720.984	48	0.00358887	0.00351562	0.00812988	0	-3.04016
2468	28.6125	985	794.373	46	0.00358887	0.00336914	0.00812988	0	-2.30627
2466	28.3704	791	637.918	45	0.00358887	0.0032959	0.00812988	0	-3.87082
2472	29.0964	777	626.627	45	0.00358887	0.0032959	0.00812988	0	-3.98373
2466	28.3704	899	725.016	45	0.00358887	0.0032959	0.00812988	0	-2.99984
2466	28.3704	886	714.532	50	0.00358887	0.00366211	0.00812988	0	-3.10468
2469	28.7335	978	788.727	49	0.00358887	0.00358887	0.00812988	0	-2.36273
2470	28.8545	791	637.918	49	0.00358887	0.00358887	0.00812988	0	-3.87082
2472	29.0964	900	725.823	44	0.00358887	0.00322266	0.00812988	0	-2.99177
2471	28.9755	825	665.338	46	0.00358887	0.00336914	0.00812988	0	-3.59662
2472	29.0964	877	707.274	46	0.00358887	0.00336914	0.00812988	0	-3.17726
2464	28.1285	847	683.08	46	0.00358887	0.00336914	0.00812988	0	-3.4192
2464	28.1285	796	641.95	49	0.00358887	0.00358887	0.00812988	0	-3.8305
2476	29.5805	542	437.107	46	0.00358887	0.00336914	0.00812988	0	-5.87893
2470	28.8545	576	464.527	48	0.00358887	0.00351562	0.00812988	0	-5.60473
2473	29.2175	658	530.657	47	0.00358887	0.00344238	0.00812988	0	-4.94343
2466	28.3704	824	664.531	50	0.00358887	0.00366211	0.00812988	0	-3.60469
2472	29.0964	670	540.335	46	0.00358887	0.00336914	0.00812988	0	-4.84665
2468	28.6125	833	671.789	48	0.00358887	0.00351562	0.00812988	0	-3.53211
2469	28.7335	852	687.112	49	0.00358887	0.00358887	0.00812988	0	-3.37888
2467	28.4914	873	704.048	48	0.00358887	0.00351562	0.00812988	0	-3.20952
2474	29.3385	702	566.142	48	0.00358887	0.00351562	0.00812988	0	-4.58858
2467	28.4914	772	622.595	47	0.00358887	0.00344238	0.00812988	0	-4.02405
2462	27.8865	833	671.789	48	0.00358887	0.00351562	0.00812988	0	-3.53211
2465	28.2494	708	570.981	46	0.00358887	0.00336914	0.00812988	0	-4.54019
2464	28.1285	949	765.34	45	0.00358887	0.0032959	0.00812988	0	-2.5966
2471	28.9755	974	785.502	47	0.00358887	0.00344238	0.00812988	0	-2.39498
2473	29.2175	946	762.92	45	0.00358887	0.0032959	0.00812988	0	-2.6208
2473	29.2175	922	743.565	48	0.00358887	0.00351562	0.00812988	0	-2.81435
2472	29.0964	770	620.982	48	0.00358887	0.00351562	0.00812988	0	-4.04018
2466	28.3704	781	629.853	46	0.00358887	0.00336914	0.00812988	0	-3.95147
2469	28.7335	795	641.143	46	0.00358887	0.00336914	0.00812988	0	-3.83857
2472	29.0964	800	645.176	48	0.00358887	0.00351562	0.00812988	0	-3.79824
2470	28.8545	809	652.434	49	0.00358887	0.00358887	0.00812988	0	-3.72566
2473	29.2175	820	661.305	45	0.00358887	0.0032959	0.00812988	0	-3.63695
2469	28.7335	602	485.495	46	0.00358887	0.00336914	0.00812988	0	-5.39505
2469	28.7335	633	510.495	45	0.00358887	0.0032959	0.00812988	0	-5.14505
2466	28.3704	744	600.013	47	0.00358887	0.00344238	0.00812988	0	-4.24987
2474	29.3385	889	716.952	51	0.00358887	0.00373535	0.00812988	0	-3.08048
2464	28.1285	681	549.206	48	0.00358887	0.00351562	0.00812988	0	-4.75794
2467	28.4914	682	550.012	48	0.00358887	0.00351562	0.00812988	0	-4.74988
2472	29.0964	642	517.754	45	0.00358887	0.0032959	0.00812988	0	-5.07246
2467	28.4914	848	683.886	46	0.00358887	0.00336914	0.00812988	0	-3.41114
2469	28.7335	706	569.368	48	0.00358887	0.00351562	0.00812988	0	-4.55632
2462	27.8865	666	537.109	47	0.00358887	0.00344238	0.00812988	0	-4.87891
2464	28.1285	712	574.206	48	0.00358887	0.00351562	0.00812988	0	-4.50794
2466	28.3704	657	529.851	46	0.00358887	0.00336914	0.00812988	0	-4.95149
2473	29.2175	808	651.628	48	0.00358887	0.00351562	0.00812988	0	-3.73373
2463	28.0075	620	500.011	45	0.00358887	0.0032959	0.00812988	0	-5.24989
2466	28.3704	634	511.302	47	0.00358887	0.00344238	0.00812988	0	-5.13698
2471	28.9755	852	687.112	47	0.00358887	0.00344238	0.00812988	0	-3.37888
2462	27.8865	632	509.689	49	0.00358887	0.00358887	0.00812988	0	-5.15311
2473	29.2175	746	601.626	46	0.00358887	0.00336914	0.00812988	0	-4.23374
2468	28.6125	867	699.209	46	0.00358887	0.00336914	0.00812988	0	-3.25791
2468	28.6125	680	548.399	47	0.00358887	0.00344238	0.00812988	0	-4.76601
2463	28.0075	818	659.692	48	0.00358887	0.00351562	0.00812988	0	-3.65308
2467	28.4914	707	570.174	49	0.00358887	0.00358887	0.00812988	0	-4.54826
2467	28.4914	604	487.108	48	0.00358887	0.00351562	0.00812988	0	-5.37892
2476	29.5805	819	660.499	46	0.00358887	0.00336914	0.00812988	0	-3.64501
2466	28.3704	714	575.819	51	0.00358887	0.00373535	0.00812988	0	-4.49181
2468	28.6125	702	566.142	47	0.00358887	0.00344238	0.00812988	0	-4.58858
2465	28.2494	634	511.302	50	0.00358887	0.00366211	0.00812988	0	-5.13698
2466	28.3704	764	616.143	46	0.00336914	0.00366211	0.00812988	0	-4.08857
2466	28.3704	605	487.914	47	0.00344238	0.00366211	0.00812988	0	-5.37086
2461	27.7655	785	633.079	45	0.0032959	0.00366211	0.00812988	0	-3.91921
2464	28.1285	699	563.722	48	0.00351562	0.00366211	0.00812988	0	-4.61278
2476	29.5805	840	677.435	49	0.00358887	0.00366211	0.00812988	0	-3.47565
2474	29.3385	752	606.465	47	0.00344238	0.00366211	0.00812988	0	-4.18535
2465	28.2494	576	464.527	50	0.00366211	0.00366211	0.00812988	0	-5.60473
2471	28.9755	896	722.597	48	0.00351562	0.00366211	0.00812988	0	-3.02403
2463	28.0075	644	519.367	47	0.00344238	0.00366211	0.00812988	0	-5.05633
2465	28.2494	701	565.335	48	0.00351562	0.00366211	0.00812988	0	-4.59665
2474	29.3385	727	586.304	44	0.00322266	0.00366211	0.00812988	0	-4.38696
2460	27.6445	682	550.012	46	0.00336914	0.00366211	0.00812988	0	-4.74988
2475	29.4595	866	698.403	48	0.00351562	0.00366211	0.00812988	0	-3.26597
2465	28.2494	743	599.207	48	0.00351562	0.00366211	0.00812988	0	-4.25793
2466	28.3704	600	483.882	48	0.00351562	0.00366211	0.00812988	0	-5.41118
2476	29.5805	846	682.273	46	0.00336914	0.00366211	0.00812988	0	-3.42727
2473	29.2175	717	578.239	48	0.00351562	0.00366211	0.00812988	0	-4.46761
2469	28.7335	576	464.527	48	0.00351562	0.00366211	0.00812988	0	-5.60473
2466	28.3704	820	661.305	46	0.00336914	0.00366211	0.00812988	0	-3.63695
2469	28.7335	700	564.529	44	0.00322266	0.00366211	0.00812988	0	-4.60471
2462	27.8865	593	478.237	48	0.00351562	0.00366211	0.00812988	0	-5.46763
2465	28.2494	635	512.108	48	0.00351562	0.00366211	0.00812988	0	-5.12892
2467	28.4914	713	575.013	47	0.00344238	0.00366211	0.00812988	0	-4.49987
2465	28.2494	667	537.915	47	0.00344238	0.00366211	0.00812988	0	-4.87085
2464	28.1285	690	556.464	49	0.00358887	0.00366211	0.00812988	0	-4.68536
2462	27.8865	690	556.464	46	0.00336914	0.00366211	0.00812988	0	-4.68536
2469	28.7335	749	604.046	47	0.00344238	0.00366211	0.00812988	0	-4.20954
2469	28.7335	567	457.268	49	0.00358887	0.00366211	0.00812988	0	-5.67732
2466	28.3704	728	587.11	48	0.00351562	0.00366211	0.00812988	0	-4.3789
2470	28.8545	514	414.525	48	0.00351562	0.00366211	0.00812988	0	-6.10475
2463	28.0075	851	686.306	49	0.00358887	0.00366211	0.00812988	0	-3.38694
2467	28.4914	764	616.143	48	0.00351562	0.00366211	0.00812988	0	-4.08857
2466	28.3704	674	543.561	48	0.00351562	0.00366211	0.00812988	0	-4.81439
2460	27.6445	752	606.465	48	0.00351562	0.00366211	0.00812988	0	-4.18535
2464	28.1285	882	711.306	46	0.00336914	0.00366211	0.00812988	0	-3.13694
2476	29.5805	584	470.978	49	0.00358887	0.00366211	0.00812988	0	-5.54022
2464	28.1285	760	612.917	50	0.00366211	0.00366211	0.00812988	0	-4.12083
2462	27.8865	684	551.625	46	0.00336914	0.00366211	0.00812988	0	-4.73375
2467	28.4914	578	466.139	49	0.00358887	0.00366211	0.00812988	0	-5.5886
2465	28.2494	681	549.206	47	0.00344238	0.00366211	0.00812988	0	-4.75794
2473	29.2175	705	568.561	48	0.00351562	0.00366211	0.00812988	0	-4.56439
2466	28.3704	651	525.012	50	0.00366211	0.00366211	0.00812988	0	-4.99988
2467	28.4914	789	636.305	48	0.00351562	0.00366211	0.00812988	0	-3.88695
2464	28.1285	745	600.82	47	0.00344238	0.00366211	0.00812988	0	-4.2418
2474	29.3385	720	580.658	46	0.00336914	0.00366211	0.00812988	0	-4.44342
2469	28.7335	873	704.048	48	0.00351562	0.00366211	0.00812988	0	-3.20952
2465	28.2494	840	677.435	48	0.00351562	0.00366211	0.00812988	0	-3.47565
2467	28.4914	624	503.237	50	0.00366211	0.00366211	0.00812988	0	-5.21763
2474	29.3385	749	604.046	47	0.00344238	0.00366211	0.00812988	0	-4.20954
2463	28.0075	700	564.529	49	0.00358887	0.00366211	0.00812988	0	-4.60471
2469	28.7335	607	489.527	50	0.00366211	0.00366211	0.00812988	0	-5.35473
2475	29.4595	741	597.594	45	0.0032959	0.00366211	0.00812988	0	-4.27406
2465	28.2494	704	567.755	48	0.00351562	0.00366211	0.00812988	0	-4.57245
2467	28.4914	533	429.848	46	0.00336914	0.00366211	0.00812988	0	-5.95152
2467	28.4914	651	525.012	48	0.00351562	0.00366211	0.00812988	0	-4.99988
2466	28.3704	714	575.819	49	0.00358887	0.00366211	0.00812988	0	-4.49181
2470	28.8545	700	564.529	48	0.00351562	0.00366211	0.00812988	0	-4.60471
2461	27.7655	806	650.015	47	0.00344238	0.00366211	0.00812988	0	-3.74985
2464	28.1285	549	442.752	45	0.0032959	0.00366211	0.00812988	0	-5.82248
2471	28.9755	746	601.626	49	0.00358887	0.00366211	0.00812988	0	-4.23374
2464	28.1285	830	669.37	48	0.00351562	0.00366211	0.00812988	0	-3.5563
2472	29.0964	766	617.756	49	0.00358887	0.00366211	0.00812988	0	-4.07244
2474	29.3385	597	481.462	49	0.00358887	0.00366211	0.00812988	0	-5.43538
2470	28.8545	844	680.66	45	0.0032959	0.00366211	0.00812988	0	-3.4434
2466	28.3704	618	498.398	48	0.00351562	0.00366211	0.00812988	0	-5.26602
2465	28.2494	721	581.465	46	0.00336914	0.00366211	0.00812988	0	-4.43535
2465	28.2494	580	467.752	46	0.00336914	0.00366211	0.00812988	0	-5.57248
2472	29.0964	691	557.271	49	0.00358887	0.00366211	0.00812988	0	-4.67729
2461	27.7655	617	497.592	45	0.0032959	0.00366211	0.00812988	0	-5.27408
2472	29.0964	675	544.367	48	0.00351562	0.00366211	0.00812988	0	-4.80633
2479	29.9435	598	482.269	48	0.00351562	0.00366211	0.00812988	0	-5.42731
2464	28.1285	722	582.271	48	0.00351562	0.00366211	0.00812988	0	-4.42729
2470	28.8545	544	438.72	47	0.00344238	0.00366211	0.00812988	0	-5.86281
2468	28.6125	650	524.205	51	0.00373535	0.00366211	0.00812988	0	-5.00795
2464	28.1285	756	609.691	48	0.00351562	0.00366211	0.00812988	0	-4.15309
2466	28.3704	619	499.205	47	0.00344238	0.00366211	0.00812988	0	-5.25795
2469	28.7335	743	599.207	45	0.0032959	0.00366211	0.00812988	0	-4.25793
2479	29.9435	676	545.174	46	0.00336914	0.00366211	0.00812988	0	-4.79826
2463	28.0075	760	612.917	49	0.00358887	0.00366211	0.00812988	0	-4.12083
2474	29.3385	588	474.204	51	0.00373535	0.00366211	0.00812988	0	-5.50796
2463	28.0075	485	391.138	47	0.00344238	0.00366211	0.00812988	0	-6.33862
2469	28.7335	671	541.141	48	0.00351562	0.00366211	0.00812988	0	-4.83859
2471	28.9755	503	405.654	47	0.00344238	0.00366211	0.00812988	0	-6.19346
2461	27.7655	684	551.625	48	0.00351562	0.00366211	0.00812988	0	-4.73375
2469	28.7335	821	662.112	48	0.00351562	0.00366211	0.00812988	0	-3.62888
2469	28.7335	616	496.785	48	0.00351562	0.00366211	0.00812988	0	-5.28215
2466	28.3704	762	614.53	46	0.00336914	0.00366211	0.00812988	0	-4.1047
2469	28.7335	549	442.752	48	0.00351562	0.00366211	0.00812988	0	-5.82248
2461	27.7655	662	533.883	48	0.00351562	0.00366211	0.00812988	0	-4.91117
2475	29.4595	564	454.849	48	0.00351562	0.00366211	0.00812988	0	-5.70151
2460	27.6445	772	622.595	51	0.00373535	0.00366211	0.00812988	0	-4.02405
2471	28.9755	625	504.044	48	0.00351562	0.00366211	0.00812988	0	-5.20956
2464	28.1285	674	543.561	47	0.00344238	0.00366211	0.00812988	0	-4.81439
2471	28.9755	553	445.978	46	0.00336914	0.00366211	0.00812988	0	-5.79022
2462	27.8865	693	558.883	44	0.00322266	0.00366211	0.00812988	0	-4.66117
2477	29.7015	657	529.851	48	0.00351562	0.00366211	0.00812988	0	-4.95149
2467	28.4914	621	500.818	47	0.00351562	0.00366211	0.00344238	0	-5.24182
2463	28.0075	0	0	106	0.00351562	0.00366211	0.00776367	0	-10.25
2469	28.7335	11	8.87117	104	0.00351562	0.00366211	0.00761719	0	-10.1613
2468	28.6125	158	127.422	101	0.00351562	0.00366211	0.00739746	0	-8.97578
2474	29.3385	0	0	108	0.00351562	0.00366211	0.00791016	0	-10.25
2469	28.7335	231	186.295	103	0.00351562	0.00366211	0.00754395	0	-8.38706
2473	29.2175	59	47.5817	104	0.00351562	0.00366211	0.00761719	0	-9.77418
2464	28.1285	0	0	103	0.00351562	0.00366211	0.00754395	0	-10.25
2462	27.8865	90	72.5823	102	0.00351562	0.00366211	0.0074707	0	-9.52418
2469	28.7335	0	0	104	0.00351562	0.00366211	0.00761719	0	-10.25
2467	28.4914	35	28.2264	105	0.00351562	0.00366211	0.00769043	0	-9.96774
2469	28.7335	293	236.296	104	0.00351562	0.00366211	0.00761719	0	-7.88704
2474	29.3385	88	70.9693	105	0.00351562	0.00366211	0.00769043	0	-9.54031
2470	28.8545	58	46.7752	106	0.00351562	0.00366211	0.00776367	0	-9.78225
2464	28.1285	143	115.325	104	0.00351562	0.00366211	0.00761719	0	-9.09675
2464	28.1285	330	266.135	102	0.00351562	0.00366211	0.0074707	0	-7.58865
2470	28.8545	259	208.876	107	0.00351562	0.00366211	0.00783691	0	-8.16124
2476	29.5805	56	45.1623	104	0.00351562	0.00366211	0.00761719	0	-9.79838
2463	28.0075	112	90.3246	104	0.00351562	0.00366211	0.00761719	0	-9.34675
2471	28.9755	290	233.876	102	0.00351562	0.00366211	0.0074707	0	-7.91124
2471	28.9755	193	155.649	106	0.00351562	0.00366211	0.00776367	0	-8.69351
2466	28.3704	388	312.91	104	0.00351562	0.00366211	0.00761719	0	-7.1209
2459	27.5235	218	175.81	103	0.00351562	0.00366211	0.00754395	0	-8.4919
2473	29.2175	237	191.133	104	0.00351562	0.00366211	0.00761719	0	-8.33867
2472	29.0964	140	112.906	106	0.00351562	0.00366211	0.00776367	0	-9.12094
2464	28.1285	184	148.39	105	0.00351562	0.00366211	0.00769043	0	-8.7661
2465	28.2494	177	142.745	103	0.00351562	0.00366211	0.00754395	0	-8.82255
2469	28.7335	356	287.103	100	0.00351562	0.00366211	0.00732422	0	-7.37897
2473	29.2175	263	212.102	106	0.00351562	0.00366211	0.00776367	0	-8.12898
2475	29.4595	342	275.813	105	0.00351562	0.00366211	0.00769043	0	-7.49187
2465	28.2494	180	145.165	105	0.00351562	0.00366211	0.00769043	0	-8.79835
2469	28.7335	247	199.198	104	0.00351562	0.00366211	0.00761719	0	-8.25802
2467	28.4914	334	269.361	101	0.00351562	0.00366211	0.00739746	0	-7.55639
2468	28.6125	433	349.201	105	0.00351562	0.00366211	0.00769043	0	-6.75799
2471	28.9755	253	204.037	101	0.00351562	0.00366211	0.00739746	0	-8.20963
2464	28.1285	264	212.908	103	0.00351562	0.00366211	0.00754395	0	-8.12092
2467	28.4914	344	277.426	108	0.00351562	0.00366211	0.00791016	0	-7.47574
2464	28.1285	213	171.778	105	0.00351562	0.00366211	0.00769043	0	-8.53222
2472	29.0964	188	151.616	105	0.00351562	0.00366211	0.00769043	0	-8.73384
2456	27.1605	144	116.132	102	0.00351562	0.00366211	0.0074707	0	-9.08868
2474	29.3385	133	107.26	107	0.00351562	0.00366211	0.00783691	0	-9.17739
2471	28.9755	71	57.2593	103	0.00351562	0.00366211	0.00754395	0	-9.67741
2465	28.2494	120	96.7764	107	0.00351562	0.00366211	0.00783691	0	-9.28224
2469	28.7335	255	205.65	102	0.00351562	0.00366211	0.0074707	0	-8.1935
2464	28.1285	0	0	104	0.00351562	0.00366211	0.00761719	0	-10.25
2467	28.4914	295	237.909	102	0.00351562	0.00366211	0.0074707	0	-7.87091
2471	28.9755	292	235.489	102	0.00351562	0.00366211	0.0074707	0	-7.89511
2465	28.2494	14	11.2906	100	0.00351562	0.00366211	0.00732422	0	-10.1371
2472	29.0964	228	183.875	104	0.00351562	0.00366211	0.00761719	0	-8.41125
2466	28.3704	216	174.197	103	0.00351562	0.00366211	0.00754395	0	-8.50803
2471	28.9755	190	153.229	105	0.00351562	0.00366211	0.00769043	0	-8.71771
2467	28.4914	27	21.7747	104	0.00351562	0.00366211	0.00761719	0	-10.0323
2475	29.4595	73	58.8723	104	0.00351562	0.00366211	0.00761719	0	-9.66128
2464	28.1285	182	146.777	104	0.00351562	0.00366211	0.00761719	0	-8.78223
2468	28.6125	252	203.23	107	0.00351562	0.00366211	0.00783691	0	-8.2177
2469	28.7335	26	20.9682	105	0.00351562	0.00366211	0.00769043	0	-10.0403
2475	29.4595	68	54.8399	104	0.00351562	0.00366211	0.00761719	0	-9.7016
2473	29.2175	63	50.8076	105	0.00351562	0.00366211	0.00769043	0	-9.74192
2468	28.6125	0	0	105	0.00351562	0.00366211	0.00769043	0	-10.25
2468	28.6125	41	33.0653	103	0.00351562	0.00366211	0.00754395	0	-9.91935
2472	29.0964	0	0	103	0.00351562	0.00366211	0.00754395	0	-10.25
2466	28.3704	126	101.615	104	0.00351562	0.00366211	0.00761719	0	-9.23385
2467	28.4914	164	132.261	103	0.00351562	0.00366211	0.00754395	0	-8.92739
2462	27.8865	125	100.809	104	0.00351562	0.00366211	0.00761719	0	-9.24191
2472	29.0964	311	250.812	102	0.00351562	0.00366211	0.0074707	0	-7.74188
2466	28.3704	246	198.392	104	0.00351562	0.00366211	0.00761719	0	-8.26608
2466	28.3704	265	213.714	106	0.00351562	0.00366211	0.00776367	0	-8.11285
2466	28.3704	173	139.519	106	0.00351562	0.00366211	0.00776367	0	-8.85481
2471	28.9755	124	100.002	104	0.00351562	0.00366211	0.00761719	0	-9.24998
2477	29.7015	173	139.519	104	0.00351562	0.00366211	0.00761719	0	-8.85481
2473	29.2175	62	50.0011	105	0.00351562	0.00366211	0.00769043	0	-9.74999
2470	28.8545	230	185.488	104	0.00351562	0.00366211	0.00761719	0	-8.39512
2468	28.6125	244	196.779	104	0.00351562	0.00366211	0.00761719	0	-8.28221
2470	28.8545	44	35.4847	108	0.00351562	0.00366211	0.00791016	0	-9.89515
2467	28.4914	69	55.6464	104	0.00351562	0.00366211	0.00761719	0	-9.69354
2466	28.3704	363	292.749	105	0.00351562	0.00366211	0.00769043	0	-7.32251
2472	29.0964	305	245.973	104	0.00351562	0.00366211	0.00761719	0	-7.79027
2463	28.0075	184	148.39	104	0.00351562	0.00366211	0.00761719	0	-8.7661
2467	28.4914	146	117.745	105	0.00351562	0.00366211	0.00769043	0	-9.07255
2469	28.7335	276	222.586	107	0.00351562	0.00366211	0.00783691	0	-8.02414
2465	28.2494	196	158.068	107	0.00351562	0.00366211	0.00783691	0	-8.66932
2465	28.2494	204	164.52	101	0.00351562	0.00366211	0.00739746	0	-8.6048
2473	29.2175	45	36.2911	105	0.00351562	0.00366211	0.00769043	0	-9.88709
2471	28.9755	52	41.9364	102	0.00351562	0.00366211	0.0074707	0	-9.83064
2468	28.6125	89	71.7758	111	0.00351562	0.00366211	0.00812988	0	-9.53224
2466	28.3704	293	236.296	103	0.00351562	0.00366211	0.00754395	0	-7.88704
2475	29.4595	104	83.8729	102	0.00351562	0.00366211	0.0074707	0	-9.41127
2461	27.7655	238	191.94	107	0.00351562	0.00366211	0.00783691	0	-8.3306
2470	28.8545	203	163.713	104	0.00351562	0.00366211	0.00761719	0	-8.61287
2474	29.3385	293	236.296	104	0.00351562	0.00366211	0.00761719	0	-7.88704
2468	28.6125	230	185.488	105	0.00351562	0.00366211	0.00769043	0	-8.39512
2472	29.0964	377	304.039	107	0.00351562	0.00366211	0.00783691	0	-7.20961
2474	29.3385	252	203.23	106	0.00351562	0.00366211	0.00776367	0	-8.2177
2469	28.7335	248	200.005	104	0.00351562	0.00366211	0.00761719	0	-8.24996
2467	28.4914	136	109.68	104	0.00351562	0.00366211	0.00761719	0	-9.1532
2473	29.2175	289	233.07	103	0.00351562	0.00366211	0.00754395	0	-7.9193
2468	28.6125	117	94.357	105	0.00769043	0.00366211	0.00754395	0	-9.30643
2466	28.3704	1348	1087.12	48	0.00351562	0.00366211	0.00754395	0	0.621212
2468	28.6125	1202	969.377	45	0.0032959	0.00366211	0.00754395	0	-0.556234
2463	28.0075	1214	979.054	50	0.00366211	0.00366211	0.00754395	0	-0.459457
2477	29.7015	1259	1015.35	48	0.00351562	0.00366211	0.00754395	0	-0.0965454
2474	29.3385	1144	922.601	48	0.00351562	0.00366211	0.00754395	0	-1.02399
2468	28.6125	1166	940.344	48	0.00351562	0.00366211	0.00754395	0	-0.846563
2469	28.7335	1134	914.537	49	0.00358887	0.00366211	0.00754395	0	-1.10463
2464	28.1285	1307	1054.06	46	0.00336914	0.00366211	0.00754395	0	0.290559
2466	28.3704	1142	920.988	47	0.00344238	0.00366211	0.00754395	0	-1.04012
2473	29.2175	1053	849.213	49	0.00358887	0.00366211	0.00754395	0	-1.75787
2470	28.8545	1264	1019.38	48	0.00351562	0.00366211	0.00754395	0	-0.0562219
2464	28.1285	1136	916.15	49	0.00358887	0.00366211	0.00754395	0	-1.0885
2469	28.7335	1033	833.083	49	0.00358887	0.00366211	0.00754395	0	-1.91917
2470	28.8545	1186	956.473	46	0.00336914	0.00366211	0.00754395	0	-0.685269
2469	28.7335	1224	987.119	47	0.00344238	0.00366211	0.00754395	0	-0.37881
2465	28.2494	1110	895.181	46	0.00336914	0.00366211	0.00754395	0	-1.29819
2465	28.2494	1105	891.149	49	0.00358887	0.00366211	0.00754395	0	-1.33851
2469	28.7335	1120	903.246	46	0.00336914	0.00366211	0.00754395	0	-1.21754
2473	29.2175	989	797.599	47	0.00344238	0.00366211	0.00754395	0	-2.27401
2468	28.6125	1108	893.568	48	0.00351562	0.00366211	0.00754395	0	-1.31432
2472	29.0964	1048	845.18	46	0.00336914	0.00366211	0.00754395	0	-1.7982
2475	29.4595	1018	820.986	48	0.00351562	0.00366211	0.00754395	0	-2.04014
2470	28.8545	960	774.211	47	0.00344238	0.00366211	0.00754395	0	-2.50789
2476	29.5805	1104	890.343	49	0.00358887	0.00366211	0.00754395	0	-1.34657
2469	28.7335	1063	857.277	46	0.00336914	0.00366211	0.00754395	0	-1.67723
2461	27.7655	1122	904.859	45	0.0032959	0.00366211	0.00754395	0	-1.20141
2467	28.4914	1112	896.794	48	0.00351562	0.00366211	0.00754395	0	-1.28206
2471	28.9755	1022	824.212	45	0.0032959	0.00366211	0.00754395	0	-2.00788
2469	28.7335	870	701.629	47	0.00344238	0.00366211	0.00754395	0	-3.23371
2469	28.7335	866	698.403	50	0.00366211	0.00366211	0.00754395	0	-3.26597
2473	29.2175	1004	809.696	48	0.00351562	0.00366211	0.00754395	0	-2.15304
2470	28.8545	964	777.437	47	0.00344238	0.00366211	0.00754395	0	-2.47563
2465	28.2494	989	797.599	46	0.00336914	0.00366211	0.00754395	0	-2.27401
2463	28.0075	1006	811.309	44	0.00322266	0.00366211	0.00754395	0	-2.13691
2461	27.7655	1048	845.18	43	0.00314941	0.00366211	0.00754395	0	-1.7982
2464	28.1285	994	801.631	49	0.00358887	0.00366211	0.00754395	0	-2.23369
2474	29.3385	925	745.984	49	0.00358887	0.00366211	0.00754395	0	-2.79015
2476	29.5805	1080	870.987	48	0.00351562	0.00366211	0.00754395	0	-1.54013
2464	28.1285	994	801.631	46	0.00336914	0.00366211	0.00754395	0	-2.23369
2474	29.3385	1035	834.696	47	0.00344238	0.00366211	0.00754395	0	-1.90304
2462	27.8865	946	762.92	48	0.00351562	0.00366211	0.00754395	0	-2.6208
