#Temperatur		Druck		Absorbtion	ohne LED	Blau	IR		Echolot		Messpunkte: 100/s	LEDZeit: 2/s
2480	30.0646	379	305.652	41	0.00300293	0	0	0	-7.19348
2476	29.5805	375	302.426	43	0.00314941	0	0	0	-7.22574
2476	29.5805	545	439.526	44	0.00322266	0	0	0	-5.85474
2478	29.8225	29	23.3876	45	0.0032959	0	0	0	-10.0161
2476	29.5805	414	333.878	43	0.00314941	0	0	0	-6.91122
2479	29.9435	359	289.523	46	0.00336914	0	0	0	-7.35477
2477	29.7015	589	475.011	45	0.0032959	0	0	0	-5.49989
2477	29.7015	65	52.4205	44	0.00322266	0	0	0	-9.72579
2475	29.4595	451	363.718	46	0.00336914	0	0	0	-6.61282
2476	29.5805	418	337.104	44	0.00322266	0	0	0	-6.87896
2474	29.3385	580	467.752	43	0.00314941	0	0	0	-5.57248
2475	29.4595	76	61.2917	45	0.0032959	0	0	0	-9.63708
2474	29.3385	474	382.267	43	0.00314941	0	0	0	-6.42733
2476	29.5805	422	340.33	43	0.00314941	0	0	0	-6.8467
2474	29.3385	601	484.688	45	0.0032959	0	0	0	-5.40312
2477	29.7015	85	68.5499	43	0.00314941	0	0	0	-9.5645
2477	29.7015	466	375.815	44	0.00322266	0	0	0	-6.49185
2475	29.4595	398	320.975	44	0.00322266	0	0	0	-7.04025
2475	29.4595	393	316.943	45	0.0032959	0	0	0	-7.08057
2477	29.7015	285	229.844	45	0.0032959	0	0	0	-7.95156
2480	30.0646	809	652.434	42	0.00307617	0	0	0	-3.72566
2475	29.4595	424	341.943	41	0.00300293	0	0	0	-6.83057
2474	29.3385	417	336.298	44	0.00322266	0	0	0	-6.88702
2476	29.5805	307	247.586	42	0.00307617	0	0	0	-7.77414
2475	29.4595	790	637.111	44	0.00322266	0	0	0	-3.87889
2481	30.1856	411	331.459	46	0.00336914	0	0	0	-6.93541
2475	29.4595	428	345.169	45	0.0032959	0	0	0	-6.79831
2477	29.7015	437	352.427	46	0.00336914	0	0	0	-6.72573
2476	29.5805	573	462.107	46	0.00336914	0	0	0	-5.62893
2477	29.7015	77	62.0982	45	0.0032959	0	0	0	-9.62902
2473	29.2175	472	380.654	44	0.00322266	0	0	0	-6.44346
2476	29.5805	428	345.169	44	0.00322266	0	0	0	-6.79831
2471	28.9755	591	476.624	44	0.00322266	0	0	0	-5.48376
2477	29.7015	105	84.6793	42	0.00307617	0	0	0	-9.40321
2477	29.7015	466	375.815	45	0.0032959	0	0	0	-6.49185
2476	29.5805	412	332.266	46	0.00336914	0	0	0	-6.92734
2478	29.8225	585	471.785	42	0.00307617	0	0	0	-5.53215
2478	29.8225	88	70.9693	43	0.00314941	0	0	0	-9.54031
2475	29.4595	474	382.267	42	0.00307617	0	0	0	-6.42733
2478	29.8225	430	346.782	46	0.00336914	0	0	0	-6.78218
2476	29.5805	574	462.914	46	0.00336914	0	0	0	-5.62086
2475	29.4595	111	89.5181	43	0.00314941	0	0	0	-9.35482
2475	29.4595	485	391.138	44	0.00322266	0	0	0	-6.33862
2476	29.5805	421	339.524	43	0.00314941	0	0	0	-6.85476
2475	29.4595	591	476.624	44	0.00322266	0	0	0	-5.48376
2475	29.4595	105	84.6793	44	0.00322266	0	0	0	-9.40321
2472	29.0964	469	378.234	43	0.00314941	0	0	0	-6.46766
2477	29.7015	440	354.847	42	0.00307617	0	0	0	-6.70153
2474	29.3385	589	475.011	45	0.0032959	0	0	0	-5.49989
2475	29.4595	132	106.454	43	0.00314941	0	0	0	-9.18546
2476	29.5805	505	407.267	45	0.0032959	0	0	0	-6.17733
2475	29.4595	440	354.847	45	0.0032959	0	0	0	-6.70153
2474	29.3385	613	494.366	43	0.00314941	0	0	0	-5.30634
2475	29.4595	152	122.583	46	0.00336914	0	0	0	-9.02417
2475	29.4595	519	418.558	43	0.00314941	0	0	0	-6.06442
2477	29.7015	472	380.654	43	0.00314941	0	0	0	-6.44346
2476	29.5805	604	487.108	45	0.0032959	0	0	0	-5.37892
2475	29.4595	170	137.1	45	0.0032959	0	0	0	-8.879
2477	29.7015	545	439.526	45	0.0032959	0	0	0	-5.85474
2476	29.5805	481	387.912	44	0.00322266	0	0	0	-6.37088
2475	29.4595	655	528.238	42	0.00307617	0	0	0	-4.96762
2476	29.5805	236	190.327	44	0.00322266	0	0	0	-8.34673
2477	29.7015	563	454.042	43	0.00314941	0	0	0	-5.70958
2476	29.5805	540	435.494	42	0.00307617	0	0	0	-5.89506
2475	29.4595	712	574.206	44	0.00322266	0	0	0	-4.50794
2476	29.5805	307	247.586	43	0.00314941	0	0	0	-7.77414
2476	29.5805	852	687.112	43	0.00314941	0	0	0	-3.37888
2436	24.7411	655	528.238	45	0.0032959	0	0	0	-4.96762
2474	29.3385	835	673.402	44	0.00322266	0	0	0	-3.51598
2475	29.4595	443	357.266	41	0.00300293	0	0	0	-6.67734
2474	29.3385	1054	850.019	46	0.00336914	0	0	0	-1.74981
2461	27.7655	758	611.304	44	0.00322266	0	0	0	-4.13696
2474	29.3385	969	781.469	45	0.0032959	0	0	0	-2.43531
2477	29.7015	567	457.268	40	0.00292969	0	0	0	-5.67732
2476	29.5805	1285	1036.31	44	0.00322266	0	0	0	0.113136
2464	28.1285	932	751.63	43	0.00314941	0	0	0	-2.7337
2474	29.3385	1094	882.278	44	0.00314941	0.00322266	0	0	-1.42722
2474	29.3385	701	565.335	44	0.00314941	0.00322266	0	0	-4.59665
2475	29.4595	1390	1120.99	42	0.00314941	0.00307617	0	0	0.959929
2473	29.2175	996	803.244	42	0.00314941	0.00307617	0	0	-2.21756
2476	29.5805	1185	955.667	44	0.00314941	0.00322266	0	0	-0.693334
2475	29.4595	786	633.885	41	0.00314941	0.00300293	0	0	-3.91115
2477	29.7015	1486	1198.41	44	0.00314941	0.00322266	0	0	1.73414
2475	29.4595	1093	881.471	46	0.00314941	0.00336914	0	0	-1.43529
2473	29.2175	1237	997.603	44	0.00314941	0.00322266	0	0	-0.273969
2474	29.3385	861	694.37	42	0.00314941	0.00307617	0	0	-3.3063
2475	29.4595	1550	1250.03	43	0.00314941	0.00314941	0	0	2.25028
2475	29.4595	1125	907.278	45	0.00314941	0.0032959	0	0	-1.17722
2477	29.7015	1274	1027.44	46	0.00314941	0.00336914	0	0	0.024425
2474	29.3385	882	711.306	41	0.00314941	0.00300293	0	0	-3.13694
2475	29.4595	1561	1258.9	44	0.00314941	0.00322266	0	0	2.33899
2476	29.5805	1180	951.634	44	0.00314941	0.00322266	0	0	-0.733657
2478	29.8225	1282	1033.89	45	0.00314941	0.0032959	0	0	0.0889416
2472	29.0964	907	731.468	43	0.00314941	0.00314941	0	0	-2.93532
2478	29.8225	1612	1300.03	42	0.00314941	0.00307617	0	0	2.75029
2474	29.3385	1184	954.86	50	0.00314941	0.00366211	0	0	-0.701398
2479	29.9435	1314	1059.7	43	0.00314941	0.00314941	0	0	0.347013
2478	29.8225	949	765.34	41	0.00314941	0.00300293	0	0	-2.5966
2477	29.7015	1591	1283.09	44	0.00314941	0.00322266	0	0	2.58093
2479	29.9435	1208	974.215	44	0.00314941	0.00322266	0	0	-0.507846
2475	29.4595	1308	1054.86	45	0.00314941	0.0032959	0	0	0.298624
2477	29.7015	931	750.823	43	0.00314941	0.00314941	0	0	-2.74177
2472	29.0964	1630	1314.55	43	0.00314941	0.00314941	0	0	2.89546
2473	29.2175	1215	979.861	45	0.00314941	0.0032959	0	0	-0.451393
2473	29.2175	1321	1065.35	45	0.00314941	0.0032959	0	0	0.403464
2479	29.9435	957	771.792	44	0.00314941	0.00322266	0	0	-2.53208
2475	29.4595	1602	1291.96	44	0.00314941	0.00322266	0	0	2.66964
2477	29.7015	1204	970.99	44	0.00314941	0.00322266	0	0	-0.540104
2474	29.3385	1321	1065.35	45	0.00314941	0.0032959	0	0	0.403464
2474	29.3385	938	756.469	43	0.00314941	0.00314941	0	0	-2.68531
2476	29.5805	1626	1311.32	44	0.00314941	0.00322266	0	0	2.8632
2474	29.3385	1212	977.441	43	0.00314941	0.00314941	0	0	-0.475587
2473	29.2175	1295	1044.38	43	0.00314941	0.00314941	0	0	0.193783
2475	29.4595	967	779.856	43	0.00314941	0.00314941	0	0	-2.45144
2475	29.4595	1613	1300.84	43	0.00314941	0.00314941	0	0	2.75836
2475	29.4595	1194	962.925	45	0.00314941	0.0032959	0	0	-0.620751
2476	29.5805	1315	1060.51	45	0.00314941	0.0032959	0	0	0.355077
2478	29.8225	945	762.114	44	0.00314941	0.00322266	0	0	-2.62886
2477	29.7015	1594	1285.51	44	0.00314941	0.00322266	0	0	2.60513
2472	29.0964	1212	977.441	46	0.00314941	0.00336914	0	0	-0.475587
2476	29.5805	1291	1041.15	43	0.00314941	0.00314941	0	0	0.161523
2475	29.4595	964	777.437	46	0.00314941	0.00336914	0	0	-2.47563
2481	30.1856	1613	1300.84	43	0.00314941	0.00314941	0	0	2.75836
2475	29.4595	847	683.08	44	0.00314941	0.00322266	0	0	-3.4192
2475	29.4595	1234	995.184	44	0.00314941	0.00322266	0	0	-0.298163
2478	29.8225	1157	933.086	45	0.00314941	0.0032959	0	0	-0.919145
2477	29.7015	1495	1205.67	44	0.00314941	0.00322266	0	0	1.80672
2476	29.5805	823	663.725	44	0.00314941	0.00322266	0	0	-3.61275
2477	29.7015	1234	995.184	44	0.00314941	0.00322266	0	0	-0.298163
2473	29.2175	1140	919.375	46	0.00314941	0.00336914	0	0	-1.05625
2472	29.0964	1465	1181.48	44	0.00314941	0.00322266	0	0	1.56478
2477	29.7015	841	678.241	47	0.00314941	0.00344238	0	0	-3.46759
2476	29.5805	1242	1001.64	45	0.00314941	0.0032959	0	0	-0.233646
2477	29.7015	1136	916.15	44	0.00314941	0.00322266	0	0	-1.0885
2473	29.2175	1480	1193.58	46	0.00314941	0.00336914	0	0	1.68575
2476	29.5805	818	659.692	44	0.00314941	0.00322266	0	0	-3.65308
2476	29.5805	1221	984.7	44	0.00314941	0.00322266	0	0	-0.403005
2477	29.7015	1157	933.086	46	0.00314941	0.00336914	0	0	-0.919145
2473	29.2175	1457	1175.03	43	0.00314941	0.00314941	0	0	1.50026
2475	29.4595	812	654.853	45	0.00314941	0.0032959	0	0	-3.70147
2478	29.8225	1233	994.377	47	0.00314941	0.00344238	0	0	-0.306229
2474	29.3385	1137	916.956	44	0.00314941	0.00322266	0	0	-1.08044
2475	29.4595	1469	1184.7	45	0.00314941	0.0032959	0	0	1.59704
2477	29.7015	824	664.531	43	0.00314941	0.00314941	0	0	-3.60469
2474	29.3385	1205	971.796	45	0.00314941	0.0032959	0	0	-0.53204
2478	29.8225	1150	927.44	45	0.00314941	0.0032959	0	0	-0.975598
2474	29.3385	1447	1166.96	44	0.00314941	0.00322266	0	0	1.41962
2477	29.7015	807	650.821	42	0.00314941	0.00307617	0	0	-3.74179
2480	30.0646	1228	990.345	45	0.00314941	0.0032959	0	0	-0.346552
2476	29.5805	1133	913.73	43	0.00314941	0.00314941	0	0	-1.1127
2473	29.2175	1449	1168.57	42	0.00314941	0.00307617	0	0	1.43575
2476	29.5805	817	658.886	43	0.00314941	0.00314941	0	0	-3.66114
2476	29.5805	1203	970.183	44	0.00314941	0.00322266	0	0	-0.54817
2473	29.2175	1149	926.634	44	0.00314941	0.00322266	0	0	-0.983663
2475	29.4595	1449	1168.57	44	0.00314941	0.00322266	0	0	1.43575
2474	29.3385	794	640.337	43	0.00314941	0.00314941	0	0	-3.84663
2478	29.8225	1208	974.215	44	0.00314941	0.00322266	0	0	-0.507846
2474	29.3385	1136	916.15	46	0.00314941	0.00336914	0	0	-1.0885
2478	29.8225	1432	1154.86	42	0.00314941	0.00307617	0	0	1.29865
2476	29.5805	814	656.466	44	0.00314941	0.00322266	0	0	-3.68534
2474	29.3385	1212	977.441	48	0.00314941	0.00351562	0	0	-0.475587
2476	29.5805	1148	925.827	45	0.00314941	0.0032959	0	0	-0.991728
2477	29.7015	1446	1166.16	46	0.00314941	0.00336914	0	0	1.41155
2475	29.4595	795	641.143	43	0.00314941	0.00314941	0	0	-3.83857
2474	29.3385	1200	967.764	43	0.00314941	0.00314941	0	0	-0.572363
2474	29.3385	1142	920.988	42	0.00314941	0.00307617	0	0	-1.04012
2476	29.5805	1426	1150.03	44	0.00314941	0.00322266	0	0	1.25026
2476	29.5805	809	652.434	43	0.00314941	0.00314941	0	0	-3.72566
2474	29.3385	1217	981.474	44	0.00314941	0.00322266	0	0	-0.435263
2475	29.4595	1139	918.569	44	0.00314941	0.00322266	0	0	-1.06431
2474	29.3385	1436	1158.09	45	0.00314941	0.0032959	0	0	1.3309
2475	29.4595	790	637.111	45	0.00314941	0.0032959	0	0	-3.87889
2476	29.5805	1551	1250.83	43	0.00314941	0.0032959	0	0	2.25834
2476	29.5805	1189	958.893	43	0.00314941	0.0032959	0	0	-0.661075
2475	29.4595	1456	1174.22	46	0.00336914	0.0032959	0	0	1.4922
2475	29.4595	819	660.499	44	0.00322266	0.0032959	0	0	-3.64501
2475	29.4595	1251	1008.89	42	0.00307617	0.0032959	0	0	-0.161064
2475	29.4595	1179	950.828	45	0.0032959	0.0032959	0	0	-0.741722
2474	29.3385	1465	1181.48	42	0.00307617	0.0032959	0	0	1.56478
2476	29.5805	839	676.628	44	0.00322266	0.0032959	0	0	-3.48372
2473	29.2175	1225	987.925	43	0.00314941	0.0032959	0	0	-0.370746
2475	29.4595	1192	961.312	43	0.00314941	0.0032959	0	0	-0.636881
2477	29.7015	1452	1170.99	45	0.0032959	0.0032959	0	0	1.45994
2473	29.2175	822	662.918	41	0.00300293	0.0032959	0	0	-3.62082
2476	29.5805	1238	998.409	44	0.00322266	0.0032959	0	0	-0.265905
2476	29.5805	1179	950.828	49	0.00358887	0.0032959	0	0	-0.741722
2475	29.4595	1460	1177.45	44	0.00322266	0.0032959	0	0	1.52446
2477	29.7015	827	666.951	45	0.0032959	0.0032959	0	0	-3.58049
2474	29.3385	1215	979.861	44	0.00322266	0.0032959	0	0	-0.451393
2477	29.7015	1229	991.151	42	0.00307617	0.0032959	0	0	-0.338487
2473	29.2175	1212	977.441	45	0.0032959	0.0032959	0	0	-0.475587
2478	29.8225	953	768.566	43	0.00314941	0.0032959	0	0	-2.56434
2476	29.5805	1597	1287.93	44	0.00322266	0.0032959	0	0	2.62932
2476	29.5805	1214	979.054	45	0.0032959	0.0032959	0	0	-0.459457
2476	29.5805	1198	966.151	43	0.00314941	0.0032959	0	0	-0.588493
2475	29.4595	962	775.824	44	0.00322266	0.0032959	0	0	-2.49176
2476	29.5805	1578	1272.61	42	0.00307617	0.0032959	0	0	2.47609
2474	29.3385	1226	988.732	46	0.00336914	0.0032959	0	0	-0.362681
2477	29.7015	1197	965.344	42	0.00307617	0.0032959	0	0	-0.596557
2476	29.5805	947	763.727	43	0.00314941	0.0032959	0	0	-2.61273
2474	29.3385	1578	1272.61	48	0.00351562	0.0032959	0	0	2.47609
2477	29.7015	1197	965.344	43	0.00314941	0.0032959	0	0	-0.596557
2479	29.9435	1169	942.763	44	0.00322266	0.0032959	0	0	-0.822369
2478	29.8225	950	766.146	42	0.00307617	0.0032959	0	0	-2.58854
2477	29.7015	1583	1276.64	44	0.00322266	0.0032959	0	0	2.51642
2473	29.2175	1205	971.796	44	0.00322266	0.0032959	0	0	-0.53204
2476	29.5805	1191	960.505	43	0.00314941	0.0032959	0	0	-0.644946
2478	29.8225	925	745.984	43	0.00314941	0.0032959	0	0	-2.79015
2472	29.0964	1548	1248.42	45	0.0032959	0.0032959	0	0	2.23415
2475	29.4595	1196	964.538	42	0.00307617	0.0032959	0	0	-0.604622
2477	29.7015	1165	939.537	46	0.00336914	0.0032959	0	0	-0.854628
2476	29.5805	941	758.888	44	0.00322266	0.0032959	0	0	-2.66112
2477	29.7015	1548	1248.42	43	0.00314941	0.0032959	0	0	2.23415
2476	29.5805	1176	948.408	47	0.00344238	0.0032959	0	0	-0.765916
2473	29.2175	1156	932.279	42	0.00307617	0.0032959	0	0	-0.92721
2476	29.5805	933	752.436	43	0.00314941	0.0032959	0	0	-2.72564
2474	29.3385	1530	1233.9	44	0.00322266	0.0032959	0	0	2.08899
2476	29.5805	1183	954.054	43	0.00314941	0.0032959	0	0	-0.709463
2477	29.7015	1131	912.117	42	0.00307617	0.0032959	0	0	-1.12883
2475	29.4595	1142	920.988	42	0.00307617	0.0032959	0	0	-1.04012
2474	29.3385	1120	903.246	46	0.00336914	0.0032959	0	0	-1.21754
2481	30.1856	912	735.5	40	0.00292969	0.0032959	0	0	-2.895
2476	29.5805	1533	1236.32	44	0.00322266	0.0032959	0	0	2.11318
2475	29.4595	1103	889.536	48	0.00351562	0.0032959	0	0	-1.35464
2475	29.4595	1119	902.44	42	0.00307617	0.0032959	0	0	-1.2256
2478	29.8225	884	712.919	44	0.00322266	0.0032959	0	0	-3.12081
2476	29.5805	1502	1211.32	43	0.00314941	0.0032959	0	0	1.86318
2476	29.5805	1114	898.407	44	0.00322266	0.0032959	0	0	-1.26593
2477	29.7015	1095	883.084	42	0.00307617	0.0032959	0	0	-1.41916
2476	29.5805	888	716.145	43	0.00314941	0.0032959	0	0	-3.08855
2476	29.5805	1504	1212.93	42	0.00307617	0.0032959	0	0	1.87931
2476	29.5805	1086	875.826	44	0.00322266	0.0032959	0	0	-1.49174
2476	29.5805	1100	887.117	42	0.00307617	0.0032959	0	0	-1.37883
2476	29.5805	896	722.597	44	0.00322266	0.0032959	0	0	-3.02403
2477	29.7015	1489	1200.83	47	0.00344238	0.0032959	0	0	1.75833
2472	29.0964	1093	881.471	45	0.0032959	0.0032959	0	0	-1.43529
2476	29.5805	1072	864.536	43	0.00314941	0.0032959	0	0	-1.60464
2476	29.5805	871	702.435	44	0.00322266	0.0032959	0	0	-3.22565
2478	29.8225	1491	1202.45	44	0.00322266	0.0032959	0	0	1.77446
2475	29.4595	1111	895.988	43	0.00314941	0.0032959	0	0	-1.29012
2474	29.3385	1079	870.181	45	0.0032959	0.0032959	0	0	-1.54819
2477	29.7015	883	712.113	45	0.0032959	0.0032959	0	0	-3.12887
2474	29.3385	1464	1180.67	44	0.00322266	0.0032959	0	0	1.55672
2475	29.4595	1058	853.245	46	0.00336914	0.0032959	0	0	-1.71755
2475	29.4595	1066	859.697	43	0.00314941	0.0032959	0	0	-1.65303
2476	29.5805	841	678.241	44	0.00322266	0.0032959	0	0	-3.46759
2473	29.2175	1459	1176.64	44	0.00322266	0.0032959	0	0	1.51639
2476	29.5805	1090	879.052	44	0.00322266	0.0032959	0	0	-1.45948
2476	29.5805	1049	845.987	49	0.00358887	0.0032959	0	0	-1.79013
2473	29.2175	864	696.79	43	0.00314941	0.0032959	0	0	-3.2821
2478	29.8225	1449	1168.57	43	0.00314941	0.0032959	0	0	1.43575
2475	29.4595	1060	854.858	45	0.0032959	0.0032959	0	0	-1.70142
2472	29.0964	1063	857.277	44	0.00322266	0.0032959	0	0	-1.67723
2475	29.4595	845	681.467	45	0.0032959	0.0032959	0	0	-3.43533
2476	29.5805	1433	1155.67	43	0.00314941	0.0032959	0	0	1.30671
2472	29.0964	1051	847.6	44	0.00322266	0.0032959	0	0	-1.774
2476	29.5805	1041	839.535	44	0.00322266	0.0032959	0	0	-1.85465
2476	29.5805	872	703.242	44	0.00322266	0.0032959	0	0	-3.21758
2473	29.2175	1469	1184.7	43	0.00314941	0.0032959	0	0	1.59704
2477	29.7015	1041	839.535	43	0.00314941	0.0032959	0	0	-1.85465
2475	29.4595	1046	843.567	45	0.0032959	0.0032959	0	0	-1.81433
2473	29.2175	848	683.886	44	0.00322266	0.0032959	0	0	-3.41114
2478	29.8225	1441	1162.12	45	0.0032959	0.0032959	0	0	1.37123
2476	29.5805	1067	860.503	45	0.0032959	0.0032959	0	0	-1.64497
2474	29.3385	1035	834.696	40	0.00292969	0.0032959	0	0	-1.90304
2472	29.0964	862	695.177	44	0.00322266	0.0032959	0	0	-3.29823
2475	29.4595	1450	1169.38	42	0.00307617	0.0032959	0	0	1.44381
2475	29.4595	1032	832.277	42	0.00307617	0.0032959	0	0	-1.92723
2473	29.2175	1034	833.89	45	0.00307617	0.0032959	0.0032959	0	-1.9111
2474	29.3385	95	76.6146	95	0.00307617	0.0032959	0.00695801	0	-9.48385
2476	29.5805	659	531.464	95	0.00307617	0.0032959	0.00695801	0	-4.93536
2475	29.4595	272	219.36	98	0.00307617	0.0032959	0.00717773	0	-8.0564
2475	29.4595	264	212.908	96	0.00307617	0.0032959	0.00703125	0	-8.12092
2475	29.4595	117	94.357	98	0.00307617	0.0032959	0.00717773	0	-9.30643
2474	29.3385	721	581.465	94	0.00307617	0.0032959	0.00688477	0	-4.43535
2478	29.8225	335	270.167	96	0.00307617	0.0032959	0.00703125	0	-7.54833
2475	29.4595	335	270.167	95	0.00307617	0.0032959	0.00695801	0	-7.54833
2476	29.5805	164	132.261	100	0.00307617	0.0032959	0.00732422	0	-8.92739
2474	29.3385	733	591.142	97	0.00307617	0.0032959	0.00710449	0	-4.33858
2477	29.7015	340	274.2	97	0.00307617	0.0032959	0.00710449	0	-7.508
2473	29.2175	352	283.877	98	0.00307617	0.0032959	0.00717773	0	-7.41123
2474	29.3385	174	140.326	98	0.00307617	0.0032959	0.00717773	0	-8.84674
2477	29.7015	772	622.595	98	0.00307617	0.0032959	0.00717773	0	-4.02405
2473	29.2175	386	311.297	97	0.00307617	0.0032959	0.00710449	0	-7.13703
2474	29.3385	356	287.103	95	0.00307617	0.0032959	0.00695801	0	-7.37897
2476	29.5805	208	167.746	98	0.00307617	0.0032959	0.00717773	0	-8.57254
2475	29.4595	759	612.111	96	0.00307617	0.0032959	0.00703125	0	-4.12889
2477	29.7015	379	305.652	98	0.00307617	0.0032959	0.00717773	0	-7.19348
2476	29.5805	395	318.556	100	0.00307617	0.0032959	0.00732422	0	-7.06444
2474	29.3385	201	162.1	97	0.00307617	0.0032959	0.00710449	0	-8.629
2476	29.5805	777	626.627	95	0.00307617	0.0032959	0.00695801	0	-3.98373
2474	29.3385	413	333.072	99	0.00307617	0.0032959	0.00725098	0	-6.91928
2473	29.2175	381	307.265	95	0.00307617	0.0032959	0.00695801	0	-7.17735
2476	29.5805	226	182.262	98	0.00307617	0.0032959	0.00717773	0	-8.42738
2473	29.2175	810	653.24	96	0.00307617	0.0032959	0.00703125	0	-3.7176
2474	29.3385	401	323.394	97	0.00307617	0.0032959	0.00710449	0	-7.01606
2477	29.7015	415	334.685	97	0.00307617	0.0032959	0.00710449	0	-6.90315
2477	29.7015	224	180.649	98	0.00307617	0.0032959	0.00717773	0	-8.44351
2476	29.5805	784	632.272	96	0.00307617	0.0032959	0.00703125	0	-3.92728
2477	29.7015	428	345.169	97	0.00307617	0.0032959	0.00710449	0	-6.79831
2477	29.7015	396	319.362	97	0.00307617	0.0032959	0.00710449	0	-7.05638
2473	29.2175	247	199.198	96	0.00307617	0.0032959	0.00703125	0	-8.25802
2476	29.5805	819	660.499	96	0.00307617	0.0032959	0.00703125	0	-3.64501
2474	29.3385	414	333.878	97	0.00307617	0.0032959	0.00710449	0	-6.91122
2477	29.7015	421	339.524	96	0.00307617	0.0032959	0.00703125	0	-6.85476
2477	29.7015	252	203.23	98	0.00307617	0.0032959	0.00717773	0	-8.2177
2475	29.4595	797	642.756	96	0.00307617	0.0032959	0.00703125	0	-3.82244
2476	29.5805	437	352.427	96	0.00307617	0.0032959	0.00703125	0	-6.72573
2473	29.2175	415	334.685	98	0.00307617	0.0032959	0.00717773	0	-6.90315
2473	29.2175	239	192.746	94	0.00307617	0.0032959	0.00688477	0	-8.32254
2472	29.0964	823	663.725	96	0.00307617	0.0032959	0.00703125	0	-3.61275
2475	29.4595	438	353.234	96	0.00307617	0.0032959	0.00703125	0	-6.71766
2474	29.3385	437	352.427	94	0.00307617	0.0032959	0.00688477	0	-6.72573
2475	29.4595	273	220.166	97	0.00307617	0.0032959	0.00710449	0	-8.04834
2475	29.4595	821	662.112	97	0.00307617	0.0032959	0.00710449	0	-3.62888
2475	29.4595	262	211.295	96	0.00307617	0.0032959	0.00703125	0	-8.13705
2473	29.2175	817	658.886	97	0.00307617	0.0032959	0.00710449	0	-3.66114
2474	29.3385	454	366.137	96	0.00307617	0.0032959	0.00703125	0	-6.58863
2472	29.0964	418	337.104	96	0.00307617	0.0032959	0.00703125	0	-6.87896
2477	29.7015	262	211.295	99	0.00307617	0.0032959	0.00725098	0	-8.13705
2474	29.3385	837	675.015	97	0.00307617	0.0032959	0.00710449	0	-3.49985
2475	29.4595	447	360.492	99	0.00307617	0.0032959	0.00725098	0	-6.64508
2473	29.2175	449	362.105	98	0.00307617	0.0032959	0.00717773	0	-6.62895
2476	29.5805	291	234.683	99	0.00307617	0.0032959	0.00725098	0	-7.90317
2474	29.3385	829	668.563	101	0.00307617	0.0032959	0.00739746	0	-3.56437
2475	29.4595	449	362.105	96	0.00307617	0.0032959	0.00703125	0	-6.62895
2477	29.7015	442	356.46	96	0.00307617	0.0032959	0.00703125	0	-6.6854
2476	29.5805	289	233.07	97	0.00307617	0.0032959	0.00710449	0	-7.9193
2473	29.2175	853	687.919	99	0.00307617	0.0032959	0.00725098	0	-3.37081
2477	29.7015	103	83.0664	98	0.00307617	0.0032959	0.00717773	0	-9.41934
2474	29.3385	459	370.17	96	0.00307617	0.0032959	0.00703125	0	-6.5483
2473	29.2175	316	254.844	96	0.00307617	0.0032959	0.00703125	0	-7.70156
2475	29.4595	840	677.435	97	0.00307617	0.0032959	0.00710449	0	-3.47565
2474	29.3385	459	370.17	97	0.00307617	0.0032959	0.00710449	0	-6.5483
2477	29.7015	466	375.815	96	0.00307617	0.0032959	0.00703125	0	-6.49185
2475	29.4595	309	249.199	98	0.00307617	0.0032959	0.00717773	0	-7.75801
2475	29.4595	861	694.37	95	0.00307617	0.0032959	0.00695801	0	-3.3063
2476	29.5805	482	388.718	97	0.00307617	0.0032959	0.00710449	0	-6.36282
2474	29.3385	455	366.944	96	0.00307617	0.0032959	0.00703125	0	-6.58056
2475	29.4595	325	262.103	96	0.00307617	0.0032959	0.00703125	0	-7.62897
2476	29.5805	874	704.855	95	0.00307617	0.0032959	0.00695801	0	-3.20145
2475	29.4595	469	378.234	96	0.00307617	0.0032959	0.00703125	0	-6.46766
2476	29.5805	474	382.267	94	0.00307617	0.0032959	0.00688477	0	-6.42733
2475	29.4595	311	250.812	97	0.00307617	0.0032959	0.00710449	0	-7.74188
2476	29.5805	846	682.273	97	0.00307617	0.0032959	0.00710449	0	-3.42727
2477	29.7015	497	400.815	96	0.00307617	0.0032959	0.00703125	0	-6.24185
2476	29.5805	469	378.234	96	0.00307617	0.0032959	0.00703125	0	-6.46766
2474	29.3385	335	270.167	95	0.00307617	0.0032959	0.00695801	0	-7.54833
2476	29.5805	874	704.855	96	0.00307617	0.0032959	0.00703125	0	-3.20145
2478	29.8225	479	386.299	96	0.00307617	0.0032959	0.00703125	0	-6.38701
2475	29.4595	492	396.783	96	0.00307617	0.0032959	0.00703125	0	-6.28217
2479	29.9435	322	259.683	97	0.00307617	0.0032959	0.00710449	0	-7.65317
2473	29.2175	864	696.79	95	0.00307617	0.0032959	0.00695801	0	-3.2821
2473	29.2175	504	406.461	101	0.00307617	0.0032959	0.00739746	0	-6.18539
2477	29.7015	477	384.686	96	0.00307617	0.0032959	0.00703125	0	-6.40314
2479	29.9435	339	273.393	99	0.00307617	0.0032959	0.00725098	0	-7.51607
2475	29.4595	876	706.467	94	0.00307617	0.0032959	0.00688477	0	-3.18533
2478	29.8225	134	108.067	96	0.00307617	0.0032959	0.00703125	0	-9.16933
2475	29.4595	497	400.815	93	0.00307617	0.0032959	0.00681152	0	-6.24185
2476	29.5805	364	293.555	95	0.00307617	0.0032959	0.00695801	0	-7.31445
2475	29.4595	869	700.822	96	0.00307617	0.0032959	0.00703125	0	-3.24178
2474	29.3385	501	404.041	98	0.00307617	0.0032959	0.00717773	0	-6.20959
2476	29.5805	488	393.557	94	0.00307617	0.0032959	0.00688477	0	-6.31443
2477	29.7015	347	279.845	98	0.00307617	0.0032959	0.00717773	0	-7.45155
2475	29.4595	890	717.758	98	0.00717773	0.0032959	0.00717773	0	-3.07242
2475	29.4595	1416	1141.96	44	0.00322266	0.0032959	0.00717773	0	1.16961
2474	29.3385	1417	1142.77	45	0.0032959	0.0032959	0.00717773	0	1.17768
2471	28.9755	1262	1017.76	43	0.00314941	0.0032959	0.00717773	0	-0.0723517
2476	29.5805	1776	1432.29	43	0.00314941	0.0032959	0.00717773	0	4.0729
2474	29.3385	1398	1127.44	44	0.00322266	0.0032959	0.00717773	0	1.02445
2478	29.8225	1399	1128.25	43	0.00314941	0.0032959	0.00717773	0	1.03251
2474	29.3385	1232	993.571	46	0.00336914	0.0032959	0.00717773	0	-0.314293
2477	29.7015	1773	1429.87	40	0.00292969	0.0032959	0.00717773	0	4.04871
2475	29.4595	1401	1129.86	43	0.00314941	0.0032959	0.00717773	0	1.04864
2477	29.7015	1366	1101.64	45	0.0032959	0.0032959	0.00717773	0	0.766376
2477	29.7015	1245	1004.05	42	0.00307617	0.0032959	0.00717773	0	-0.209452
2474	29.3385	1769	1426.65	45	0.0032959	0.0032959	0.00717773	0	4.01645
2476	29.5805	1377	1110.51	44	0.00322266	0.0032959	0.00717773	0	0.855088
2473	29.2175	1375	1108.9	48	0.00351562	0.0032959	0.00717773	0	0.838959
2475	29.4595	1213	978.248	43	0.00314941	0.0032959	0.00717773	0	-0.467523
2478	29.8225	1733	1397.61	42	0.00307617	0.0032959	0.00717773	0	3.72612
2473	29.2175	1373	1107.28	44	0.00322266	0.0032959	0.00717773	0	0.82283
2476	29.5805	1331	1073.41	43	0.00314941	0.0032959	0.00717773	0	0.484111
2476	29.5805	1220	983.893	44	0.00322266	0.0032959	0.00717773	0	-0.411069
2476	29.5805	1726	1391.97	41	0.00300293	0.0032959	0.00717773	0	3.66967
2473	29.2175	1342	1082.28	42	0.00307617	0.0032959	0.00717773	0	0.572823
2475	29.4595	1349	1087.93	44	0.00322266	0.0032959	0.00717773	0	0.629277
2475	29.4595	1187	957.28	43	0.00314941	0.0032959	0.00717773	0	-0.677204
2473	29.2175	1706	1375.84	43	0.00314941	0.0032959	0.00717773	0	3.50837
2476	29.5805	1348	1087.12	45	0.0032959	0.0032959	0.00717773	0	0.621212
2475	29.4595	1308	1054.86	42	0.00307617	0.0032959	0.00717773	0	0.298624
2476	29.5805	1177	949.215	46	0.00336914	0.0032959	0.00717773	0	-0.757851
2475	29.4595	1701	1371.8	42	0.00307617	0.0032959	0.00717773	0	3.46805
2477	29.7015	1314	1059.7	43	0.00314941	0.0032959	0.00717773	0	0.347013
2477	29.7015	1319	1063.73	43	0.00314941	0.0032959	0.00717773	0	0.387336
2476	29.5805	1189	958.893	44	0.00322266	0.0032959	0.00717773	0	-0.661075
2475	29.4595	1677	1352.45	45	0.0032959	0.0032959	0.00717773	0	3.2745
2476	29.5805	1306	1053.25	43	0.00314941	0.0032959	0.00717773	0	0.282494
2476	29.5805	1278	1030.67	45	0.0032959	0.0032959	0.00717773	0	0.0566834
2474	29.3385	1157	933.086	45	0.0032959	0.0032959	0.00717773	0	-0.919145
2478	29.8225	1475	1189.54	42	0.00307617	0.0032959	0.00717773	0	1.64543
2474	29.3385	954	769.372	46	0.00336914	0.0032959	0.00717773	0	-2.55628
2479	29.9435	1305	1052.44	43	0.00314941	0.0032959	0.00717773	0	0.27443
2474	29.3385	1348	1087.12	45	0.0032959	0.0032959	0.00717773	0	0.621212
2476	29.5805	1448	1167.77	45	0.0032959	0.0032959	0.00717773	0	1.42768
2476	29.5805	953	768.566	43	0.00314941	0.0032959	0.00717773	0	-2.56434
2472	29.0964	1262	1017.76	46	0.00336914	0.0032959	0.00717773	0	-0.0723517
2473	29.2175	1314	1059.7	44	0.00322266	0.0032959	0.00717773	0	0.347013
2479	29.9435	1456	1174.22	44	0.00322266	0.0032959	0.00717773	0	1.4922
2473	29.2175	956	770.985	43	0.00314941	0.0032959	0.00717773	0	-2.54015
2473	29.2175	1255	1012.12	43	0.00314941	0.0032959	0.00717773	0	-0.128805
2474	29.3385	1323	1066.96	45	0.0032959	0.0032959	0.00717773	0	0.419595
2475	29.4595	1419	1144.38	44	0.00322266	0.0032959	0.00717773	0	1.19381
2478	29.8225	931	750.823	43	0.00314941	0.0032959	0.00717773	0	-2.74177
2473	29.2175	1270	1024.22	45	0.00314941	0.0032959	0.00717773	0	-0.00783447
2476	29.5805	1250	1008.09	45	0.00314941	0.0032959	0.00717773	0	-0.169128
2473	29.2175	1209	975.022	43	0.00314941	0.00314941	0.00717773	0	-0.499781
2475	29.4595	1101	887.923	44	0.00314941	0.00322266	0.00717773	0	-1.37077
2472	29.0964	1200	967.764	44	0.00314941	0.00322266	0.00717773	0	-0.572363
2473	29.2175	1251	1008.89	44	0.00314941	0.00322266	0.00717773	0	-0.161064
2474	29.3385	1184	954.86	44	0.00314941	0.00322266	0.00717773	0	-0.701398
2474	29.3385	1070	862.923	44	0.00314941	0.00322266	0.00717773	0	-1.62077
2477	29.7015	1202	969.377	41	0.00314941	0.00300293	0.00717773	0	-0.556234
2474	29.3385	1234	995.184	44	0.00314941	0.00322266	0.00717773	0	-0.298163
2480	30.0646	1172	945.183	42	0.00314941	0.00307617	0.00717773	0	-0.798174
2478	29.8225	1085	875.02	43	0.00314941	0.00314941	0.00717773	0	-1.4998
2474	29.3385	1178	950.021	44	0.00314941	0.00322266	0.00717773	0	-0.749787
2477	29.7015	1236	996.797	43	0.00314941	0.00314941	0.00717773	0	-0.282034
2477	29.7015	1185	955.667	43	0.00314941	0.00314941	0.00717773	0	-0.693334
2477	29.7015	1216	980.667	44	0.00314941	0.00322266	0.00717773	0	-0.443328
2476	29.5805	877	707.274	44	0.00314941	0.00322266	0.00717773	0	-3.17726
2474	29.3385	1205	971.796	46	0.00314941	0.00336914	0.00717773	0	-0.53204
2475	29.4595	1169	942.763	44	0.00314941	0.00322266	0.00717773	0	-0.822369
2474	29.3385	1224	987.119	44	0.00314941	0.00322266	0.00717773	0	-0.37881
2476	29.5805	850	685.499	44	0.00314941	0.00322266	0.00717773	0	-3.39501
2473	29.2175	1217	981.474	42	0.00314941	0.00307617	0.00717773	0	-0.435263
2473	29.2175	1166	940.344	43	0.00314941	0.00314941	0.00717773	0	-0.846563
2476	29.5805	1201	968.57	44	0.00314941	0.00322266	0.00717773	0	-0.564299
2474	29.3385	868	700.016	45	0.00314941	0.0032959	0.00717773	0	-3.24984
2475	29.4595	1182	953.247	44	0.00314941	0.00322266	0.00717773	0	-0.717527
2477	29.7015	1143	921.795	44	0.00314941	0.00322266	0.00717773	0	-1.03205
2475	29.4595	1217	981.474	45	0.00314941	0.0032959	0.00717773	0	-0.435263
2474	29.3385	837	675.015	43	0.00314941	0.00314941	0.00717773	0	-3.49985
2473	29.2175	1171	944.376	45	0.00314941	0.0032959	0.00717773	0	-0.80624
2474	29.3385	1148	925.827	47	0.00314941	0.00344238	0.00717773	0	-0.991728
2477	29.7015	1187	957.28	43	0.00314941	0.00314941	0.00717773	0	-0.677204
2477	29.7015	850	685.499	44	0.00314941	0.00322266	0.00717773	0	-3.39501
2474	29.3385	1185	955.667	44	0.00314941	0.00322266	0.00717773	0	-0.693334
2476	29.5805	1120	903.246	45	0.00314941	0.0032959	0.00717773	0	-1.21754
2478	29.8225	1184	954.86	45	0.00314941	0.0032959	0.00717773	0	-0.701398
2475	29.4595	831	670.176	44	0.00314941	0.00322266	0.00717773	0	-3.54824
2473	29.2175	1164	938.731	45	0.00314941	0.0032959	0.00717773	0	-0.862692
2477	29.7015	1144	922.601	44	0.00314941	0.00322266	0.00717773	0	-1.02399
2475	29.4595	1188	958.086	46	0.00314941	0.00336914	0.00717773	0	-0.66914
2476	29.5805	842	679.048	44	0.00314941	0.00322266	0.00717773	0	-3.45952
2476	29.5805	1174	946.795	43	0.00314941	0.00314941	0.00717773	0	-0.782045
2475	29.4595	1107	892.762	43	0.00314941	0.00314941	0.00717773	0	-1.32238
2475	29.4595	1164	938.731	43	0.00314941	0.00314941	0.00717773	0	-0.862692
2476	29.5805	838	675.822	44	0.00314941	0.00322266	0.00717773	0	-3.49178
2478	29.8225	1145	923.408	43	0.00314941	0.00314941	0.00717773	0	-1.01592
2476	29.5805	1112	896.794	41	0.00314941	0.00300293	0.00717773	0	-1.28206
2477	29.7015	1176	948.408	45	0.00314941	0.0032959	0.00717773	0	-0.765916
2476	29.5805	816	658.079	41	0.00314941	0.00300293	0.00717773	0	-3.66921
2477	29.7015	1155	931.473	45	0.00314941	0.0032959	0.00717773	0	-0.935275
2476	29.5805	1106	891.956	43	0.00314941	0.0032959	0.00717773	0	-1.33044
2475	29.4595	1179	950.828	44	0.00322266	0.0032959	0.00717773	0	-0.741722
2477	29.7015	860	693.564	45	0.0032959	0.0032959	0.00717773	0	-3.31436
2476	29.5805	1169	942.763	43	0.00314941	0.0032959	0.00717773	0	-0.822369
2476	29.5805	1129	910.504	44	0.00322266	0.0032959	0.00717773	0	-1.14496
2475	29.4595	1204	970.99	44	0.00322266	0.0032959	0.00717773	0	-0.540104
2475	29.4595	842	679.048	44	0.00322266	0.0032959	0.00717773	0	-3.45952
2479	29.9435	1183	954.054	43	0.00314941	0.0032959	0.00717773	0	-0.709463
2473	29.2175	1138	917.763	44	0.00322266	0.0032959	0.00717773	0	-1.07237
2473	29.2175	1175	947.602	48	0.00351562	0.0032959	0.00717773	0	-0.773981
2478	29.8225	851	686.306	44	0.00322266	0.0032959	0.00717773	0	-3.38694
2478	29.8225	1253	1010.51	45	0.0032959	0.0032959	0.00717773	0	-0.144935
2451	26.5556	1105	891.149	44	0.00322266	0.0032959	0.00717773	0	-1.33851
2476	29.5805	1188	958.086	45	0.0032959	0.0032959	0.00717773	0	-0.66914
2472	29.0964	828	667.757	41	0.00300293	0.0032959	0.00717773	0	-3.57243
2473	29.2175	1361	1097.61	42	0.00307617	0.0032959	0.00717773	0	0.726052
2476	29.5805	1119	902.44	44	0.00322266	0.0032959	0.00717773	0	-1.2256
2472	29.0964	1161	936.311	45	0.0032959	0.0032959	0.00717773	0	-0.886887
2477	29.7015	840	677.435	40	0.00292969	0.0032959	0.00717773	0	-3.47565
2476	29.5805	1458	1175.83	45	0.0032959	0.0032959	0.00717773	0	1.50833
2477	29.7015	1094	882.278	45	0.0032959	0.0032959	0.00717773	0	-1.42722
2477	29.7015	1100	887.117	43	0.00314941	0.0032959	0.00717773	0	-1.37883
2473	29.2175	1488	1200.03	41	0.00300293	0.0032959	0.00717773	0	1.75027
2478	29.8225	1101	887.923	43	0.00314941	0.0032959	0.00717773	0	-1.37077
2472	29.0964	1160	935.505	42	0.00307617	0.0032959	0.00717773	0	-0.894951
2474	29.3385	1213	978.248	41	0.00300293	0.0032959	0.00717773	0	-0.467523
2476	29.5805	1506	1214.54	45	0.0032959	0.0032959	0.00717773	0	1.89543
2479	29.9435	1073	865.342	44	0.00322266	0.0032959	0.00717773	0	-1.59658
2474	29.3385	1130	911.311	43	0.00314941	0.0032959	0.00717773	0	-1.13689
2476	29.5805	1214	979.054	41	0.00300293	0.0032959	0.00717773	0	-0.459457
2473	29.2175	1487	1199.22	45	0.0032959	0.0032959	0.00717773	0	1.7422
2477	29.7015	1087	876.633	45	0.0032959	0.0032959	0.00717773	0	-1.48367
2479	29.9435	1147	925.021	45	0.0032959	0.0032959	0.00717773	0	-0.999792
2472	29.0964	1183	954.054	46	0.00336914	0.0032959	0.00717773	0	-0.709463
2476	29.5805	1497	1207.29	43	0.00314941	0.0032959	0.00717773	0	1.82285
2480	30.0646	1070	862.923	44	0.00322266	0.0032959	0.00717773	0	-1.62077
2477	29.7015	1369	1104.06	43	0.00314941	0.0032959	0.00717773	0	0.790571
2473	29.2175	709	571.787	43	0.00314941	0.0032959	0.00717773	0	-4.53213
2477	29.7015	1046	843.567	43	0.00314941	0.0032959	0.00717773	0	-1.81433
2474	29.3385	1007	812.115	46	0.00336914	0.0032959	0.00717773	0	-2.12885
2475	29.4595	1386	1117.77	43	0.00314941	0.0032959	0.00717773	0	0.92767
2478	29.8225	685	552.432	44	0.00322266	0.0032959	0.00717773	0	-4.72568
2477	29.7015	1054	850.019	45	0.0032959	0.0032959	0.00717773	0	-1.74981
2475	29.4595	981	791.147	43	0.00314941	0.0032959	0.00717773	0	-2.33853
2476	29.5805	1359	1095.99	44	0.00322266	0.0032959	0.00717773	0	0.709924
2477	29.7015	771	621.788	47	0.00344238	0.0032959	0.00717773	0	-4.03212
2473	29.2175	1449	1168.57	43	0.00314941	0.0032959	0.00717773	0	1.43575
2473	29.2175	1086	875.826	44	0.00322266	0.0032959	0.00717773	0	-1.49174
2473	29.2175	1121	904.053	43	0.00314941	0.0032959	0.00717773	0	-1.20947
2478	29.8225	781	629.853	44	0.00322266	0.0032959	0.00717773	0	-3.95147
2475	29.4595	1425	1149.22	45	0.0032959	0.0032959	0.00717773	0	1.24219
2479	29.9435	1089	878.246	43	0.00314941	0.0032959	0.00717773	0	-1.46754
2476	29.5805	1137	916.956	43	0.00314941	0.0032959	0.00717773	0	-1.08044
2475	29.4595	767	618.562	42	0.00307617	0.0032959	0.00717773	0	-4.06438
2477	29.7015	1428	1151.64	43	0.00314941	0.0032959	0.00717773	0	1.26639
2479	29.9435	1087	876.633	44	0.00322266	0.0032959	0.00717773	0	-1.48367
2476	29.5805	1116	900.02	42	0.00307617	0.0032959	0.00717773	0	-1.2498
2474	29.3385	778	627.433	48	0.00351562	0.0032959	0.00717773	0	-3.97567
2475	29.4595	1444	1164.54	44	0.00322266	0.0032959	0.00717773	0	1.39542
2477	29.7015	1053	849.213	43	0.00314941	0.0032959	0.00717773	0	-1.75787
2476	29.5805	1114	898.407	45	0.0032959	0.0032959	0.00717773	0	-1.26593
2477	29.7015	766	617.756	42	0.00307617	0.0032959	0.00717773	0	-4.07244
2474	29.3385	1415	1141.15	41	0.00300293	0.0032959	0.00717773	0	1.16155
2477	29.7015	1071	863.729	44	0.00322266	0.0032959	0.00717773	0	-1.61271
2478	29.8225	1086	875.826	44	0.00322266	0.0032959	0.00717773	0	-1.49174
2474	29.3385	746	601.626	43	0.00314941	0.0032959	0.00717773	0	-4.23374
2478	29.8225	1438	1159.7	43	0.00314941	0.0032959	0.00717773	0	1.34703
2476	29.5805	1047	844.374	46	0.00336914	0.0032959	0.00717773	0	-1.80626
2474	29.3385	1100	887.117	43	0.00314941	0.0032959	0.00717773	0	-1.37883
2477	29.7015	770	620.982	44	0.00322266	0.0032959	0.00717773	0	-4.04018
2476	29.5805	1396	1125.83	44	0.00322266	0.0032959	0.00717773	0	1.00832
2474	29.3385	1049	845.987	40	0.00292969	0.0032959	0.00717773	0	-1.79013
2474	29.3385	1066	859.697	45	0.0032959	0.0032959	0.00717773	0	-1.65303
2473	29.2175	737	594.368	42	0.00307617	0.0032959	0.00717773	0	-4.30632
2474	29.3385	1410	1137.12	43	0.00314941	0.0032959	0.00717773	0	1.12122
2476	29.5805	1030	830.664	45	0.0032959	0.0032959	0.00717773	0	-1.94336
2476	29.5805	1062	856.471	42	0.00307617	0.0032959	0.00717773	0	-1.68529
2476	29.5805	753	607.272	44	0.00322266	0.0032959	0.00717773	0	-4.17728
2475	29.4595	1393	1123.41	45	0.0032959	0.0032959	0.00717773	0	0.984124
2476	29.5805	1035	834.696	45	0.0032959	0.0032959	0.00717773	0	-1.90304
2474	29.3385	1066	859.697	46	0.00336914	0.0032959	0.00717773	0	-1.65303
2476	29.5805	729	587.916	43	0.00314941	0.0032959	0.00717773	0	-4.37084
2474	29.3385	1384	1116.15	49	0.00358887	0.0032959	0.00717773	0	0.911542
2478	29.8225	1017	820.18	44	0.00322266	0.0032959	0.00717773	0	-2.0482
2479	29.9435	1040	838.729	43	0.00314941	0.0032959	0.00717773	0	-1.86271
2475	29.4595	743	599.207	43	0.00314941	0.0032959	0.00717773	0	-4.25793
2476	29.5805	1397	1126.64	44	0.00322266	0.0032959	0.00717773	0	1.01638
2474	29.3385	1030	830.664	45	0.0032959	0.0032959	0.00717773	0	-1.94336
2475	29.4595	1041	839.535	43	0.00314941	0.0032959	0.00717773	0	-1.85465
2476	29.5805	722	582.271	43	0.00314941	0.0032959	0.00717773	0	-4.42729
2478	29.8225	1368	1103.25	44	0.00322266	0.0032959	0.00717773	0	0.782506
2475	29.4595	1021	823.406	44	0.00322266	0.0032959	0.00717773	0	-2.01594
2476	29.5805	1020	822.599	44	0.00322266	0.0032959	0.00717773	0	-2.02401
2478	29.8225	730	588.723	44	0.00322266	0.0032959	0.00717773	0	-4.36277
2476	29.5805	1385	1116.96	44	0.00322266	0.0032959	0.00322266	0	0.919606
2477	29.7015	324	261.296	101	0.00322266	0.0032959	0.00739746	0	-7.63704
2477	29.7015	348	280.651	96	0.00322266	0.0032959	0.00703125	0	-7.44349
2476	29.5805	77	62.0982	97	0.00322266	0.0032959	0.00710449	0	-9.62902
2476	29.5805	691	557.271	94	0.00322266	0.0032959	0.00688477	0	-4.67729
2473	29.2175	354	285.49	97	0.00322266	0.0032959	0.00710449	0	-7.3951
2475	29.4595	358	288.716	95	0.00322266	0.0032959	0.00695801	0	-7.36284
2475	29.4595	99	79.8405	98	0.00322266	0.0032959	0.00717773	0	-9.4516
2475	29.4595	740	596.788	97	0.00322266	0.0032959	0.00710449	0	-4.28212
2475	29.4595	381	307.265	98	0.00322266	0.0032959	0.00717773	0	-7.17735
2478	29.8225	413	333.072	99	0.00322266	0.0032959	0.00725098	0	-6.91928
2475	29.4595	133	107.26	97	0.00322266	0.0032959	0.00710449	0	-9.17739
2474	29.3385	744	600.013	97	0.00322266	0.0032959	0.00710449	0	-4.24987
2477	29.7015	413	333.072	95	0.00322266	0.0032959	0.00695801	0	-6.91928
2473	29.2175	393	316.943	96	0.00322266	0.0032959	0.00703125	0	-7.08057
2480	30.0646	141	113.712	95	0.00322266	0.0032959	0.00695801	0	-9.11288
2473	29.2175	774	624.208	97	0.00322266	0.0032959	0.00710449	0	-4.00792
2477	29.7015	408	329.04	99	0.00322266	0.0032959	0.00725098	0	-6.9596
2473	29.2175	411	331.459	97	0.00322266	0.0032959	0.00710449	0	-6.93541
2476	29.5805	161	129.842	96	0.00322266	0.0032959	0.00703125	0	-8.95158
2474	29.3385	782	630.659	97	0.00322266	0.0032959	0.00710449	0	-3.94341
2476	29.5805	450	362.911	98	0.00322266	0.0032959	0.00717773	0	-6.62089
2476	29.5805	439	354.04	93	0.00322266	0.0032959	0.00681152	0	-6.7096
2474	29.3385	162	130.648	96	0.00322266	0.0032959	0.00703125	0	-8.94352
2474	29.3385	791	637.918	96	0.00322266	0.0032959	0.00703125	0	-3.87082
2473	29.2175	436	351.621	97	0.00322266	0.0032959	0.00710449	0	-6.73379
2474	29.3385	421	339.524	95	0.00322266	0.0032959	0.00695801	0	-6.85476
2477	29.7015	192	154.842	98	0.00322266	0.0032959	0.00717773	0	-8.70158
2475	29.4595	718	579.045	99	0.00322266	0.0032959	0.00725098	0	-4.45955
2477	29.7015	455	366.944	96	0.00322266	0.0032959	0.00703125	0	-6.58056
2476	29.5805	445	358.879	97	0.00322266	0.0032959	0.00710449	0	-6.66121
2475	29.4595	178	143.552	95	0.00322266	0.0032959	0.00695801	0	-8.81448
2476	29.5805	807	650.821	93	0.00322266	0.0032959	0.00681152	0	-3.74179
2476	29.5805	468	377.428	98	0.00322266	0.0032959	0.00717773	0	-6.47572
2474	29.3385	428	345.169	96	0.00322266	0.0032959	0.00703125	0	-6.79831
2478	29.8225	202	162.907	96	0.00322266	0.0032959	0.00703125	0	-8.62093
2476	29.5805	826	666.144	97	0.00322266	0.0032959	0.00710449	0	-3.58856
2474	29.3385	456	367.75	96	0.00322266	0.0032959	0.00703125	0	-6.5725
2473	29.2175	451	363.718	97	0.00322266	0.0032959	0.00710449	0	-6.61282
2476	29.5805	220	177.423	95	0.00322266	0.0032959	0.00695801	0	-8.47577
2474	29.3385	814	656.466	97	0.00322266	0.0032959	0.00710449	0	-3.68534
2475	29.4595	472	380.654	94	0.00322266	0.0032959	0.00688477	0	-6.44346
2478	29.8225	439	354.04	100	0.00322266	0.0032959	0.00732422	0	-6.7096
2476	29.5805	213	171.778	95	0.00322266	0.0032959	0.00695801	0	-8.53222
2478	29.8225	840	677.435	98	0.00322266	0.0032959	0.00717773	0	-3.47565
2474	29.3385	470	379.041	98	0.00322266	0.0032959	0.00717773	0	-6.45959
2473	29.2175	456	367.75	96	0.00322266	0.0032959	0.00703125	0	-6.5725
2477	29.7015	453	365.331	96	0.00322266	0.0032959	0.00703125	0	-6.59669
2474	29.3385	695	560.496	97	0.00322266	0.0032959	0.00710449	0	-4.64504
2476	29.5805	91	73.3887	96	0.00322266	0.0032959	0.00703125	0	-9.51611
2472	29.0964	450	362.911	97	0.00322266	0.0032959	0.00710449	0	-6.62089
2479	29.9435	475	383.073	97	0.00322266	0.0032959	0.00710449	0	-6.41927
2476	29.5805	683	550.819	98	0.00322266	0.0032959	0.00717773	0	-4.74181
2474	29.3385	77	62.0982	99	0.00322266	0.0032959	0.00725098	0	-9.62902
2475	29.4595	443	357.266	95	0.00322266	0.0032959	0.00695801	0	-6.67734
2475	29.4595	466	375.815	98	0.00322266	0.0032959	0.00717773	0	-6.49185
2475	29.4595	700	564.529	94	0.00322266	0.0032959	0.00688477	0	-4.60471
2476	29.5805	236	190.327	96	0.00322266	0.0032959	0.00703125	0	-8.34673
2475	29.4595	442	356.46	94	0.00322266	0.0032959	0.00688477	0	-6.6854
2476	29.5805	491	395.977	95	0.00322266	0.0032959	0.00695801	0	-6.29023
2474	29.3385	691	557.271	95	0.00322266	0.0032959	0.00695801	0	-4.67729
2476	29.5805	96	77.4211	96	0.00322266	0.0032959	0.00703125	0	-9.47579
2476	29.5805	466	375.815	93	0.00322266	0.0032959	0.00681152	0	-6.49185
2474	29.3385	478	385.493	96	0.00322266	0.0032959	0.00703125	0	-6.39507
2474	29.3385	694	559.69	98	0.00322266	0.0032959	0.00717773	0	-4.6531
2472	29.0964	109	87.9052	96	0.00322266	0.0032959	0.00703125	0	-9.37095
2476	29.5805	446	359.686	95	0.00322266	0.0032959	0.00695801	0	-6.65314
2474	29.3385	516	416.138	95	0.00322266	0.0032959	0.00695801	0	-6.08862
2475	29.4595	718	579.045	94	0.00322266	0.0032959	0.00688477	0	-4.45955
2475	29.4595	106	85.4858	94	0.00322266	0.0032959	0.00688477	0	-9.39514
2473	29.2175	474	382.267	96	0.00322266	0.0032959	0.00703125	0	-6.42733
2476	29.5805	497	400.815	90	0.00322266	0.0032959	0.0065918	0	-6.24185
2474	29.3385	712	574.206	97	0.00322266	0.0032959	0.00710449	0	-4.50794
2476	29.5805	123	99.1958	97	0.00322266	0.0032959	0.00710449	0	-9.25804
2475	29.4595	461	371.783	94	0.00322266	0.0032959	0.00688477	0	-6.53217
2476	29.5805	527	425.01	97	0.00322266	0.0032959	0.00710449	0	-5.9999
2475	29.4595	725	584.691	96	0.00322266	0.0032959	0.00703125	0	-4.40309
2476	29.5805	113	91.1311	96	0.00322266	0.0032959	0.00703125	0	-9.33869
2476	29.5805	479	386.299	101	0.00322266	0.0032959	0.00739746	0	-6.38701
2476	29.5805	540	435.494	97	0.00322266	0.0032959	0.00710449	0	-5.89506
2474	29.3385	708	570.981	96	0.00322266	0.0032959	0.00703125	0	-4.54019
2477	29.7015	136	109.68	96	0.00322266	0.0032959	0.00703125	0	-9.1532
2475	29.4595	473	381.46	98	0.00322266	0.0032959	0.00717773	0	-6.4354
2474	29.3385	530	427.429	98	0.00322266	0.0032959	0.00717773	0	-5.97571
2476	29.5805	735	592.755	96	0.00322266	0.0032959	0.00703125	0	-4.32245
2471	28.9755	138	111.293	98	0.00322266	0.0032959	0.00717773	0	-9.13707
2476	29.5805	501	404.041	96	0.00322266	0.0032959	0.00703125	0	-6.20959
2475	29.4595	544	438.72	98	0.00322266	0.0032959	0.00717773	0	-5.86281
2477	29.7015	467	376.621	95	0.00322266	0.0032959	0.00695801	0	-6.48379
2475	29.4595	289	233.07	94	0.00322266	0.0032959	0.00688477	0	-7.9193
2475	29.4595	482	388.718	97	0.00322266	0.0032959	0.00710449	0	-6.36282
2483	30.4276	530	427.429	95	0.00322266	0.0032959	0.00695801	0	-5.97571
2473	29.2175	491	395.977	96	0.00322266	0.0032959	0.00703125	0	-6.29023
2474	29.3385	318	256.457	98	0.00322266	0.0032959	0.00717773	0	-7.68543
2474	29.3385	508	409.687	97	0.00322266	0.0032959	0.00710449	0	-6.15313
2474	29.3385	544	438.72	96	0.00322266	0.0032959	0.00703125	0	-5.86281
2476	29.5805	478	385.493	96	0.00703125	0.0032959	0.00703125	0	-6.39507
2475	29.4595	1193	962.118	45	0.0032959	0.0032959	0.00703125	0	-0.628817
2476	29.5805	1416	1141.96	40	0.00292969	0.0032959	0.00703125	0	1.16961
2476	29.5805	1435	1157.28	45	0.0032959	0.0032959	0.00703125	0	1.32284
2473	29.2175	1404	1132.28	43	0.00314941	0.0032959	0.00703125	0	1.07284
2474	29.3385	1471	1186.32	44	0.00322266	0.0032959	0.00703125	0	1.61317
2476	29.5805	1020	822.599	46	0.00336914	0.0032959	0.00703125	0	-2.02401
2476	29.5805	1428	1151.64	45	0.0032959	0.0032959	0.00703125	0	1.26639
2473	29.2175	1368	1103.25	47	0.00344238	0.0032959	0.00703125	0	0.782506
2476	29.5805	1437	1158.9	44	0.00322266	0.0032959	0.00703125	0	1.33897
2474	29.3385	1027	828.244	43	0.00314941	0.0032959	0.00703125	0	-1.96756
2473	29.2175	1397	1126.64	44	0.00322266	0.0032959	0.00703125	0	1.01638
2476	29.5805	1356	1093.57	45	0.0032959	0.0032959	0.00703125	0	0.685729
2473	29.2175	1425	1149.22	44	0.00322266	0.0032959	0.00703125	0	1.24219
2476	29.5805	999	805.663	44	0.00322266	0.0032959	0.00703125	0	-2.19337
2473	29.2175	1401	1129.86	46	0.00336914	0.0032959	0.00703125	0	1.04864
2477	29.7015	1361	1097.61	42	0.00307617	0.0032959	0.00703125	0	0.726052
2473	29.2175	1399	1128.25	44	0.00322266	0.0032959	0.00703125	0	1.03251
2477	29.7015	1004	809.696	44	0.00322266	0.0032959	0.00703125	0	-2.15304
2474	29.3385	1370	1104.86	43	0.00314941	0.0032959	0.00703125	0	0.798635
2473	29.2175	1331	1073.41	44	0.00322266	0.0032959	0.00703125	0	0.484111
2475	29.4595	1400	1129.06	44	0.00322266	0.0032959	0.00703125	0	1.04058
2474	29.3385	964	777.437	44	0.00322266	0.0032959	0.00703125	0	-2.47563
2472	29.0964	1380	1112.93	44	0.00322266	0.0032959	0.00703125	0	0.879282
2475	29.4595	1335	1076.64	43	0.00314941	0.0032959	0.00703125	0	0.516371
2475	29.4595	1367	1102.44	44	0.00322266	0.0032959	0.00703125	0	0.774441
2474	29.3385	975	786.308	41	0.00300293	0.0032959	0.00703125	0	-2.38692
2474	29.3385	1361	1097.61	42	0.00307617	0.0032959	0.00703125	0	0.726052
2472	29.0964	1300	1048.41	43	0.00314941	0.0032959	0.00703125	0	0.234106
2478	29.8225	1379	1112.12	43	0.00314941	0.0032959	0.00703125	0	0.871218
2473	29.2175	940	758.082	44	0.00322266	0.0032959	0.00703125	0	-2.66918
2475	29.4595	1337	1078.25	42	0.00307617	0.0032959	0.00703125	0	0.5325
2476	29.5805	1305	1052.44	44	0.00322266	0.0032959	0.00703125	0	0.27443
2475	29.4595	1338	1079.06	44	0.00322266	0.0032959	0.00703125	0	0.540565
2474	29.3385	951	766.953	45	0.0032959	0.0032959	0.00703125	0	-2.58047
2475	29.4595	1341	1081.48	44	0.00322266	0.0032959	0.00703125	0	0.564758
2475	29.4595	1283	1034.7	43	0.00314941	0.0032959	0.00703125	0	0.0970068
2472	29.0964	1334	1075.83	48	0.00351562	0.0032959	0.00703125	0	0.508307
2475	29.4595	916	738.726	44	0.00322266	0.0032959	0.00703125	0	-2.86274
2478	29.8225	1315	1060.51	44	0.00322266	0.0032959	0.00703125	0	0.355077
2475	29.4595	1282	1033.89	44	0.00322266	0.0032959	0.00703125	0	0.0889416
2476	29.5805	1338	1079.06	44	0.00322266	0.0032959	0.00703125	0	0.540565
2474	29.3385	905	729.855	43	0.00314941	0.0032959	0.00703125	0	-2.95145
2475	29.4595	1315	1060.51	43	0.00314941	0.0032959	0.00703125	0	0.355077
2477	29.7015	1259	1015.35	43	0.00314941	0.0032959	0.00703125	0	-0.0965454
2474	29.3385	1308	1054.86	44	0.00322266	0.0032959	0.00703125	0	0.298624
2479	29.9435	912	735.5	42	0.00307617	0.0032959	0.00703125	0	-2.895
2472	29.0964	1306	1053.25	44	0.00322266	0.0032959	0.00703125	0	0.282494
2475	29.4595	1470	1185.51	44	0.00322266	0.0032959	0.00703125	0	1.6051
2474	29.3385	881	710.5	45	0.0032959	0.0032959	0.00703125	0	-3.145
2473	29.2175	1246	1004.86	42	0.00307617	0.0032959	0.00703125	0	-0.201388
2475	29.4595	1287	1037.93	44	0.00322266	0.0032959	0.00703125	0	0.129265
2476	29.5805	1433	1155.67	43	0.00314941	0.0032959	0.00703125	0	1.30671
2477	29.7015	886	714.532	44	0.00322266	0.0032959	0.00703125	0	-3.10468
2477	29.7015	1221	984.7	44	0.00322266	0.0032959	0.00703125	0	-0.403005
2477	29.7015	1262	1017.76	43	0.00314941	0.0032959	0.00703125	0	-0.0723517
2474	29.3385	1433	1155.67	42	0.00307617	0.0032959	0.00703125	0	1.30671
2475	29.4595	878	708.08	45	0.0032959	0.0032959	0.00703125	0	-3.1692
2477	29.7015	1220	983.893	43	0.00314941	0.0032959	0.00703125	0	-0.411069
2476	29.5805	1273	1026.64	44	0.00322266	0.0032959	0.00703125	0	0.0163599
2476	29.5805	1426	1150.03	47	0.00344238	0.0032959	0.00703125	0	1.25026
2475	29.4595	846	682.273	45	0.0032959	0.0032959	0.00703125	0	-3.42727
2476	29.5805	1187	957.28	43	0.00314941	0.0032959	0.00703125	0	-0.677204
2477	29.7015	1241	1000.83	46	0.00336914	0.0032959	0.00703125	0	-0.241711
2476	29.5805	1409	1136.32	43	0.00314941	0.0032959	0.00703125	0	1.11316
2473	29.2175	862	695.177	41	0.00300293	0.0032959	0.00703125	0	-3.29823
2472	29.0964	1187	957.28	43	0.00314941	0.0032959	0.00703125	0	-0.677204
2477	29.7015	1249	1007.28	44	0.00322266	0.0032959	0.00703125	0	-0.177192
2472	29.0964	1379	1112.12	44	0.00322266	0.0032959	0.00703125	0	0.871218
2476	29.5805	841	678.241	43	0.00314941	0.0032959	0.00703125	0	-3.46759
2475	29.4595	1193	962.118	44	0.00322266	0.0032959	0.00703125	0	-0.628817
2475	29.4595	1221	984.7	43	0.00314941	0.0032959	0.00703125	0	-0.403005
2477	29.7015	1377	1110.51	44	0.00322266	0.0032959	0.00703125	0	0.855088
2474	29.3385	843	679.854	44	0.00322266	0.0032959	0.00703125	0	-3.45146
2473	29.2175	1163	937.924	45	0.0032959	0.0032959	0.00703125	0	-0.870757
2476	29.5805	1233	994.377	45	0.0032959	0.0032959	0.00703125	0	-0.306229
2472	29.0964	1374	1108.09	43	0.00314941	0.0032959	0.00703125	0	0.830895
2476	29.5805	817	658.886	43	0.00314941	0.0032959	0.00703125	0	-3.66114
2474	29.3385	1171	944.376	44	0.00322266	0.0032959	0.00703125	0	-0.80624
2474	29.3385	1200	967.764	43	0.00314941	0.0032959	0.00703125	0	-0.572363
2473	29.2175	1348	1087.12	43	0.00314941	0.0032959	0.00703125	0	0.621212
2478	29.8225	834	672.596	43	0.00314941	0.0032959	0.00703125	0	-3.52404
2474	29.3385	1148	925.827	43	0.00314941	0.0032959	0.00703125	0	-0.991728
2474	29.3385	1216	980.667	45	0.0032959	0.0032959	0.00703125	0	-0.443328
2477	29.7015	1357	1094.38	43	0.00314941	0.0032959	0.00703125	0	0.693794
2471	28.9755	803	647.595	49	0.00358887	0.0032959	0.00703125	0	-3.77405
2475	29.4595	1148	925.827	44	0.00322266	0.0032959	0.00703125	0	-0.991728
2477	29.7015	1205	971.796	44	0.00322266	0.0032959	0.00703125	0	-0.53204
2476	29.5805	1325	1068.57	41	0.00300293	0.0032959	0.00703125	0	0.435724
2477	29.7015	817	658.886	44	0.00322266	0.0032959	0.00703125	0	-3.66114
2473	29.2175	1129	910.504	45	0.0032959	0.0032959	0.00703125	0	-1.14496
2474	29.3385	1173	945.989	44	0.00322266	0.0032959	0.00703125	0	-0.79011
2473	29.2175	1335	1076.64	43	0.00314941	0.0032959	0.00703125	0	0.516371
2475	29.4595	805	649.208	45	0.0032959	0.0032959	0.00703125	0	-3.75792
2473	29.2175	1139	918.569	44	0.00322266	0.0032959	0.00703125	0	-1.06431
2474	29.3385	1190	959.699	44	0.00322266	0.0032959	0.00703125	0	-0.65301
2476	29.5805	1309	1055.67	44	0.00322266	0.00322266	0.00703125	0	0.306689
2475	29.4595	755	608.885	45	0.00322266	0.0032959	0.00703125	0	-4.16115
2476	29.5805	1080	870.987	44	0.00322266	0.00322266	0.00703125	0	-1.54013
2478	29.8225	1127	908.891	43	0.00322266	0.00314941	0.00703125	0	-1.16109
2474	29.3385	1275	1028.25	43	0.00322266	0.00314941	0.00703125	0	0.032489
2477	29.7015	769	620.175	41	0.00322266	0.00300293	0.00703125	0	-4.04825
2475	29.4595	1073	865.342	46	0.00322266	0.00336914	0.00703125	0	-1.59658
2476	29.5805	1136	916.15	42	0.00322266	0.00307617	0.00703125	0	-1.0885
2475	29.4595	1255	1012.12	44	0.00322266	0.00322266	0.00703125	0	-0.128805
2476	29.5805	830	669.37	45	0.00322266	0.0032959	0.00703125	0	-3.5563
2473	29.2175	1082	872.6	43	0.00322266	0.00314941	0.00703125	0	-1.524
2473	29.2175	1118	901.633	44	0.00322266	0.00322266	0.00703125	0	-1.23367
2477	29.7015	1240	1000.02	44	0.00322266	0.00322266	0.00703125	0	-0.249775
2477	29.7015	760	612.917	44	0.00322266	0.00322266	0.00703125	0	-4.12083
2476	29.5805	1069	862.116	41	0.00322266	0.00300293	0.00703125	0	-1.62884
2476	29.5805	1145	923.408	45	0.00322266	0.0032959	0.00703125	0	-1.01592
2477	29.7015	1258	1014.54	42	0.00322266	0.00307617	0.00703125	0	-0.104611
2477	29.7015	753	607.272	44	0.00322266	0.00322266	0.00703125	0	-4.17728
2475	29.4595	1082	872.6	48	0.00322266	0.00351562	0.00703125	0	-1.524
2477	29.7015	1113	897.601	44	0.00322266	0.00322266	0.00703125	0	-1.27399
2476	29.5805	1233	994.377	45	0.00322266	0.0032959	0.00703125	0	-0.306229
2473	29.2175	758	611.304	45	0.00322266	0.0032959	0.00703125	0	-4.13696
2474	29.3385	1054	850.019	44	0.00322266	0.00322266	0.00703125	0	-1.74981
2476	29.5805	1122	904.859	43	0.00322266	0.00314941	0.00703125	0	-1.20141
2475	29.4595	1238	998.409	42	0.00322266	0.00307617	0.00703125	0	-0.265905
2475	29.4595	733	591.142	43	0.00322266	0.00314941	0.00703125	0	-4.33858
2473	29.2175	1063	857.277	44	0.00322266	0.00322266	0.00703125	0	-1.67723
2480	30.0646	1118	901.633	44	0.00322266	0.00322266	0.00703125	0	-1.23367
2474	29.3385	1213	978.248	43	0.00322266	0.00314941	0.00703125	0	-0.467523
2478	29.8225	752	606.465	43	0.00322266	0.00314941	0.00703125	0	-4.18535
2475	29.4595	1040	838.729	46	0.00322266	0.00336914	0.00703125	0	-1.86271
2473	29.2175	1083	873.407	44	0.00322266	0.00322266	0.00703125	0	-1.51593
2476	29.5805	1212	977.441	45	0.00322266	0.0032959	0.00703125	0	-0.475587
2477	29.7015	733	591.142	44	0.00322266	0.00322266	0.00703125	0	-4.33858
2475	29.4595	1035	834.696	43	0.00322266	0.00314941	0.00703125	0	-1.90304
2476	29.5805	1088	877.439	44	0.00322266	0.00322266	0.00703125	0	-1.47561
2475	29.4595	1176	948.408	43	0.00322266	0.00314941	0.00703125	0	-0.765916
2476	29.5805	809	652.434	44	0.00322266	0.00322266	0.00703125	0	-3.72566
2477	29.7015	994	801.631	45	0.00322266	0.0032959	0.00703125	0	-2.23369
2476	29.5805	1040	838.729	44	0.00322266	0.00322266	0.00703125	0	-1.86271
2475	29.4595	1162	937.118	44	0.00322266	0.00322266	0.00703125	0	-0.878821
2475	29.4595	697	562.109	42	0.00322266	0.00307617	0.00703125	0	-4.62891
2470	28.8545	964	777.437	46	0.00322266	0.00336914	0.00703125	0	-2.47563
2476	29.5805	1020	822.599	48	0.00322266	0.00351562	0.00703125	0	-2.02401
2478	29.8225	1101	887.923	43	0.00322266	0.00314941	0.00703125	0	-1.37077
2478	29.8225	619	499.205	46	0.00322266	0.00336914	0.00703125	0	-5.25795
2476	29.5805	911	734.694	43	0.00322266	0.00314941	0.00703125	0	-2.90306
2474	29.3385	605	487.914	44	0.00322266	0.00322266	0.00703125	0	-5.37086
2475	29.4595	745	600.82	42	0.00322266	0.00307617	0.00703125	0	-4.2418
2475	29.4595	777	626.627	45	0.00322266	0.0032959	0.00703125	0	-3.98373
2475	29.4595	870	701.629	42	0.00322266	0.00307617	0.00703125	0	-3.23371
2478	29.8225	503	405.654	44	0.00322266	0.00322266	0.00703125	0	-6.19346
2474	29.3385	646	520.979	47	0.00322266	0.00344238	0.00703125	0	-5.04021
2477	29.7015	676	545.174	44	0.00322266	0.00322266	0.00703125	0	-4.79826
2474	29.3385	746	601.626	44	0.00322266	0.00322266	0.00703125	0	-4.23374
2473	29.2175	267	215.327	43	0.00322266	0.00314941	0.00703125	0	-8.09673
2471	28.9755	549	442.752	43	0.00322266	0.00314941	0.00703125	0	-5.82248
2473	29.2175	573	462.107	44	0.00322266	0.00322266	0.00703125	0	-5.62893
2476	29.5805	685	552.432	44	0.00322266	0.00322266	0.00703125	0	-4.72568
2475	29.4595	203	163.713	45	0.00322266	0.0032959	0.00703125	0	-8.61287
2476	29.5805	448	361.298	43	0.00322266	0.00314941	0.00703125	0	-6.63702
2475	29.4595	504	406.461	45	0.00322266	0.0032959	0.00703125	0	-6.18539
2477	29.7015	592	477.43	43	0.00322266	0.00314941	0.00703125	0	-5.4757
2477	29.7015	95	76.6146	44	0.00322266	0.00322266	0.00703125	0	-9.48385
2475	29.4595	389	313.717	44	0.00322266	0.00322266	0.00703125	0	-7.11283
2476	29.5805	417	336.298	43	0.00322266	0.00314941	0.00703125	0	-6.88702
2476	29.5805	503	405.654	44	0.00322266	0.00322266	0.00703125	0	-6.19346
2477	29.7015	69	55.6464	44	0.00322266	0.00322266	0.00703125	0	-9.69354
2475	29.4595	332	267.748	44	0.00322266	0.00322266	0.00703125	0	-7.57252
2475	29.4595	410	330.653	44	0.00322266	0.00322266	0.00703125	0	-6.94347
2477	29.7015	495	399.203	43	0.00322266	0.00314941	0.00703125	0	-6.25797
2475	29.4595	33	26.6135	45	0.00322266	0.0032959	0.00703125	0	-9.98386
2474	29.3385	330	266.135	43	0.00322266	0.00314941	0.00703125	0	-7.58865
2478	29.8225	381	307.265	45	0.00322266	0.0032959	0.00703125	0	-7.17735
2476	29.5805	466	375.815	47	0.00322266	0.00344238	0.00703125	0	-6.49185
2473	29.2175	36	29.0329	42	0.00322266	0.00307617	0.00703125	0	-9.95967
2472	29.0964	282	227.424	44	0.00322266	0.00322266	0.00703125	0	-7.97576
2477	29.7015	381	307.265	45	0.00322266	0.0032959	0.00703125	0	-7.17735
2478	29.8225	494	398.396	45	0.00322266	0.0032959	0.00703125	0	-6.26604
2477	29.7015	37	29.8394	44	0.00322266	0.00322266	0.00703125	0	-9.95161
2472	29.0964	335	270.167	43	0.00322266	0.00314941	0.00703125	0	-7.54833
2474	29.3385	407	328.233	45	0.00322266	0.0032959	0.00703125	0	-6.96767
2475	29.4595	472	380.654	44	0.00322266	0.00322266	0.00703125	0	-6.44346
2475	29.4595	54	43.5494	43	0.00322266	0.00314941	0.00703125	0	-9.81451
2475	29.4595	319	257.264	44	0.00322266	0.00322266	0.00703125	0	-7.67736
2476	29.5805	404	325.814	45	0.00322266	0.0032959	0.00703125	0	-6.99186
2473	29.2175	500	403.235	42	0.00322266	0.00307617	0.00703125	0	-6.21765
2476	29.5805	47	37.9041	44	0.00322266	0.00322266	0.00703125	0	-9.87096
2475	29.4595	339	273.393	44	0.00322266	0.00322266	0.00703125	0	-7.51607
2477	29.7015	402	324.201	43	0.00322266	0.00314941	0.00703125	0	-7.00799
2476	29.5805	479	386.299	42	0.00322266	0.00307617	0.00703125	0	-6.38701
2473	29.2175	45	36.2911	44	0.00322266	0.00322266	0.00703125	0	-9.88709
2473	29.2175	343	276.619	43	0.00322266	0.00314941	0.00703125	0	-7.48381
2476	29.5805	413	333.072	44	0.00322266	0.00322266	0.00703125	0	-6.91928
2477	29.7015	504	406.461	46	0.00322266	0.00336914	0.00703125	0	-6.18539
2476	29.5805	65	52.4205	45	0.00322266	0.0032959	0.00703125	0	-9.72579
2477	29.7015	333	268.554	43	0.00314941	0.0032959	0.00703125	0	-7.56446
2480	30.0646	454	366.137	45	0.0032959	0.0032959	0.00703125	0	-6.58863
2474	29.3385	527	425.01	43	0.00314941	0.0032959	0.00703125	0	-5.9999
2477	29.7015	75	60.4852	41	0.00300293	0.0032959	0.00703125	0	-9.64515
2476	29.5805	372	300.007	45	0.0032959	0.0032959	0.00703125	0	-7.24993
2474	29.3385	413	333.072	43	0.00314941	0.0032959	0.00703125	0	-6.91928
2474	29.3385	487	392.751	43	0.00314941	0.0032959	0.00703125	0	-6.32249
2475	29.4595	59	47.5817	44	0.00322266	0.0032959	0.00703125	0	-9.77418
2474	29.3385	313	252.425	43	0.00314941	0.0032959	0.00703125	0	-7.72575
2476	29.5805	482	388.718	45	0.0032959	0.0032959	0.00703125	0	-6.36282
2474	29.3385	545	439.526	43	0.00314941	0.0032959	0.00703125	0	-5.85474
2476	29.5805	68	54.8399	45	0.0032959	0.0032959	0.00703125	0	-9.7016
2476	29.5805	380	306.458	44	0.00322266	0.0032959	0.00703125	0	-7.18542
2476	29.5805	404	325.814	43	0.00314941	0.0032959	0.00703125	0	-6.99186
2474	29.3385	471	379.847	43	0.00314941	0.0032959	0.00703125	0	-6.45153
2476	29.5805	66	53.227	45	0.0032959	0.0032959	0.00703125	0	-9.71773
2474	29.3385	309	249.199	45	0.0032959	0.0032959	0.00703125	0	-7.75801
2476	29.5805	396	319.362	45	0.0032959	0.0032959	0.00703125	0	-7.05638
2474	29.3385	470	379.041	43	0.00314941	0.0032959	0.00703125	0	-6.45959
