#Temperatur		Druck		Absorbtion	ohne LED	Blau	IR		Echolot		Messpunkte: 100/s	LEDZeit: 2/s
2472	29.0964	1238	998.409	44	0.00322266	0.0032959	0.00703125	0	-0.265905
2468	28.6125	1221	984.7	45	0.0032959	0.0032959	0.00703125	0	-0.403005
2466	28.3704	973	784.695	45	0.0032959	0.0032959	0.00703125	0	-2.40305
2473	29.2175	779	628.24	45	0.0032959	0.0032959	0.00703125	0	-3.9676
2481	30.1856	1275	1028.25	43	0.00314941	0.0032959	0.00703125	0	0.032489
2478	29.8225	1089	878.246	44	0.00322266	0.0032959	0.00703125	0	-1.46754
2469	28.7335	1047	844.374	44	0.00322266	0.0032959	0.00703125	0	-1.80626
2473	29.2175	633	510.495	45	0.0032959	0.0032959	0.00703125	0	-5.14505
2481	30.1856	1122	904.859	44	0.00322266	0.0032959	0.00703125	0	-1.20141
2470	28.8545	997	804.05	45	0.0032959	0.0032959	0.00703125	0	-2.2095
2477	29.7015	727	586.304	44	0.00322266	0.0032959	0.00703125	0	-4.38696
2468	28.6125	535	431.461	45	0.0032959	0.0032959	0.00703125	0	-5.93539
2477	29.7015	1298	1046.8	43	0.00314941	0.0032959	0.00703125	0	0.217977
2470	28.8545	1369	1104.06	43	0.00314941	0.0032959	0.00703125	0	0.790571
2473	29.2175	1389	1120.19	45	0.0032959	0.0032959	0.00703125	0	0.951865
2467	28.4914	1142	920.988	40	0.00292969	0.0032959	0.00703125	0	-1.04012
2472	29.0964	1997	1610.52	45	0.0032959	0.0032959	0.00703125	0	5.8552
2477	29.7015	1565	1262.13	45	0.0032959	0.0032959	0.00703125	0	2.37125
2471	28.9755	1765	1423.42	42	0.00307617	0.0032959	0.00703125	0	3.98419
2466	28.3704	1642	1324.22	42	0.00307617	0.0032959	0.00703125	0	2.99223
2472	29.0964	2583	2083.11	43	0.00314941	0.0032959	0.00703125	0	10.5811
2482	30.3066	2127	1715.36	44	0.00322266	0.0032959	0.00703125	0	6.90361
2477	29.7015	2386	1924.24	45	0.0032959	0.0032959	0.00703125	0	8.99237
2470	28.8545	2156	1738.75	43	0.00314941	0.0032959	0.00703125	0	7.13749
2469	28.7335	2889	2329.89	45	0.0032959	0.0032959	0.00703125	0	13.0489
2466	28.3704	2521	2033.11	44	0.00322266	0.0032959	0.00703125	0	10.0811
2467	28.4914	2699	2176.66	42	0.00307617	0.0032959	0.00703125	0	11.5166
2470	28.8545	2597	2094.4	41	0.00300293	0.0032959	0.00703125	0	10.694
2468	28.6125	3383	2728.29	44	0.00322266	0.0032959	0.00703125	0	17.0329
2468	28.6125	2836	2287.15	43	0.00314941	0.0032959	0.00703125	0	12.6215
2478	29.8225	2954	2382.31	43	0.00314941	0.0032959	0.00703125	0	13.5731
2469	28.7335	2734	2204.89	44	0.00322266	0.0032959	0.00703125	0	11.7989
2475	29.4595	3170	2556.51	45	0.0032959	0.0032959	0.00703125	0	15.3151
2475	29.4595	2658	2143.6	42	0.00307617	0.0032959	0.00703125	0	11.186
2477	29.7015	3618	2917.81	41	0.00300293	0.0032959	0.00703125	0	18.9281
2470	28.8545	3026	2440.38	44	0.00322266	0.0032959	0.00703125	0	14.1538
2472	29.0964	3225	2600.86	42	0.00307617	0.0032959	0.00703125	0	15.7586
2477	29.7015	2741	2210.53	45	0.0032959	0.0032959	0.00703125	0	11.8553
2465	28.2494	3675	2963.78	44	0.00322266	0.0032959	0.00703125	0	19.3878
2476	29.5805	3153	2542.8	41	0.00300293	0.0032959	0.00703125	0	15.178
2472	29.0964	3169	2555.7	44	0.00322266	0.0032959	0.00703125	0	15.307
2467	28.4914	2694	2172.63	41	0.00300293	0.0032959	0.00703125	0	11.4763
2468	28.6125	3721	3000.87	44	0.00322266	0.0032959	0.00703125	0	19.7587
2478	29.8225	3169	2555.7	45	0.0032959	0.0032959	0.00703125	0	15.307
2470	28.8545	3230	2604.9	42	0.00307617	0.0032959	0.00703125	0	15.799
2469	28.7335	2742	2211.34	42	0.00307617	0.0032959	0.00703125	0	11.8634
2471	28.9755	3636	2932.32	42	0.00307617	0.0032959	0.00703125	0	19.0732
2469	28.7335	3197	2578.28	41	0.00300293	0.0032959	0.00703125	0	15.5328
2471	28.9755	3186	2569.41	42	0.00307617	0.0032959	0.00703125	0	15.4441
2474	29.3385	2945	2375.05	44	0.00322266	0.0032959	0.00703125	0	13.5005
2474	29.3385	3420	2758.13	44	0.00322266	0.0032959	0.00703125	0	17.3313
2471	28.9755	3153	2542.8	42	0.00307617	0.0032959	0.00703125	0	15.178
2469	28.7335	3242	2614.57	43	0.00314941	0.0032959	0.00703125	0	15.8957
2470	28.8545	2831	2283.12	43	0.00314941	0.0032959	0.00703125	0	12.5812
2465	28.2494	3669	2958.94	44	0.00322266	0.0032959	0.00703125	0	19.3394
2478	29.8225	2937	2368.6	43	0.00314941	0.0032959	0.00703125	0	13.436
2461	27.7655	3179	2563.77	41	0.00300293	0.0032959	0.00703125	0	15.3877
2474	29.3385	2909	2346.02	44	0.00322266	0.0032959	0.00703125	0	13.2102
2473	29.2175	3496	2819.42	42	0.00307617	0.0032959	0.00703125	0	17.9442
2470	28.8545	3050	2459.73	42	0.00307617	0.0032959	0.00703125	0	14.3473
2476	29.5805	3229	2604.09	46	0.00336914	0.0032959	0.00703125	0	15.7909
2470	28.8545	2861	2307.31	44	0.00322266	0.0032959	0.00703125	0	12.8231
2478	29.8225	3458	2788.77	44	0.00322266	0.0032959	0.00703125	0	17.6377
2471	28.9755	3106	2504.9	45	0.0032959	0.0032959	0.00703125	0	14.799
2475	29.4595	3158	2546.83	43	0.00314941	0.0032959	0.00703125	0	15.2183
2471	28.9755	2893	2333.12	43	0.00314941	0.0032959	0.00703125	0	13.0812
2468	28.6125	3480	2806.51	43	0.00314941	0.0032959	0.00703125	0	17.8151
2468	28.6125	3010	2427.47	41	0.00300293	0.0032959	0.00703125	0	14.0247
2465	28.2494	3076	2480.7	43	0.00314941	0.0032959	0.00703125	0	14.557
2479	29.9435	2629	2120.21	44	0.00322266	0.0032959	0.00703125	0	10.9521
2468	28.6125	3540	2854.9	44	0.00322266	0.0032959	0.00703125	0	18.299
2477	29.7015	3044	2454.89	47	0.00344238	0.0032959	0.00703125	0	14.2989
2478	29.8225	3117	2513.77	44	0.00322266	0.0032959	0.00703125	0	14.8877
2468	28.6125	2732	2203.28	45	0.0032959	0.0032959	0.00703125	0	11.7828
2469	28.7335	3408	2748.45	44	0.00322266	0.0032959	0.00703125	0	17.2345
2468	28.6125	3010	2427.47	43	0.00314941	0.0032959	0.00703125	0	14.0247
2467	28.4914	3076	2480.7	41	0.00300293	0.0032959	0.00703125	0	14.557
2474	29.3385	2598	2095.21	44	0.00322266	0.0032959	0.00703125	0	10.7021
2473	29.2175	3410	2750.06	45	0.0032959	0.0032959	0.00703125	0	17.2506
2472	29.0964	2896	2335.54	42	0.00307617	0.0032959	0.00703125	0	13.1054
2464	28.1285	3083	2486.35	44	0.00322266	0.0032959	0.00703125	0	14.6135
2466	28.3704	2817	2271.83	43	0.00322266	0.00314941	0.00703125	0	12.4683
2474	29.3385	3243	2615.38	44	0.00322266	0.00322266	0.00703125	0	15.9038
2467	28.4914	2983	2405.7	43	0.00322266	0.00314941	0.00703125	0	13.807
2472	29.0964	2878	2321.02	42	0.00322266	0.00307617	0.00703125	0	12.9602
2468	28.6125	2632	2122.63	42	0.00322266	0.00307617	0.00703125	0	10.9763
2476	29.5805	3441	2775.06	42	0.00322266	0.00307617	0.00703125	0	17.5006
2468	28.6125	2834	2285.54	44	0.00322266	0.00322266	0.00703125	0	12.6054
2469	28.7335	2943	2373.44	43	0.00322266	0.00314941	0.00703125	0	13.4844
2474	29.3385	2534	2043.59	44	0.00322266	0.00322266	0.00703125	0	10.1859
2476	29.5805	3421	2758.93	44	0.00322266	0.00322266	0.00703125	0	17.3393
2476	29.5805	2981	2404.09	42	0.00322266	0.00307617	0.00703125	0	13.7909
2473	29.2175	2952	2380.7	44	0.00322266	0.00322266	0.00703125	0	13.557
2474	29.3385	2657	2142.79	43	0.00322266	0.00314941	0.00703125	0	11.1779
2469	28.7335	3360	2709.74	42	0.00322266	0.00307617	0.00703125	0	16.8474
2465	28.2494	3008	2425.86	44	0.00322266	0.00322266	0.00703125	0	14.0086
2479	29.9435	3030	2443.6	43	0.00322266	0.00314941	0.00703125	0	14.186
2476	29.5805	2532	2041.98	45	0.00322266	0.0032959	0.00703125	0	10.1698
2470	28.8545	3362	2711.35	45	0.00322266	0.0032959	0.00703125	0	16.8635
2480	30.0646	2890	2330.7	43	0.00322266	0.00314941	0.00703125	0	13.057
2474	29.3385	2864	2309.73	44	0.00322266	0.00322266	0.00703125	0	12.8473
2468	28.6125	2490	2008.11	42	0.00322266	0.00307617	0.00703125	0	9.8311
2468	28.6125	3289	2652.48	41	0.00322266	0.00300293	0.00703125	0	16.2748
2469	28.7335	2856	2303.28	43	0.00322266	0.00314941	0.00703125	0	12.7828
2477	29.7015	2773	2236.34	43	0.00322266	0.00314941	0.00703125	0	12.1134
2473	29.2175	2457	1981.5	43	0.00322266	0.00314941	0.00703125	0	9.56496
2470	28.8545	3297	2658.93	43	0.00322266	0.00314941	0.00703125	0	16.3393
2477	29.7015	2712	2187.15	45	0.00322266	0.0032959	0.00703125	0	11.6215
2470	28.8545	2775	2237.95	42	0.00322266	0.00307617	0.00703125	0	12.1295
2478	29.8225	2526	2037.14	44	0.00322266	0.00322266	0.00703125	0	10.1214
2472	29.0964	3166	2553.28	44	0.00322266	0.00322266	0.00703125	0	15.2828
2473	29.2175	2873	2316.99	42	0.00322266	0.00307617	0.00703125	0	12.9199
2468	28.6125	2748	2216.18	44	0.00322266	0.00322266	0.00703125	0	11.9118
2468	28.6125	2543	2050.85	45	0.00322266	0.0032959	0.00703125	0	10.2585
2474	29.3385	3169	2555.7	43	0.00322266	0.00314941	0.00703125	0	15.307
2470	28.8545	2915	2350.86	44	0.00322266	0.00322266	0.00703125	0	13.2586
2476	29.5805	2801	2258.92	44	0.00322266	0.00322266	0.00703125	0	12.3392
2473	29.2175	2387	1925.04	44	0.00322266	0.00322266	0.00703125	0	9.00043
2464	28.1285	3058	2466.18	41	0.00322266	0.00300293	0.00703125	0	14.4118
2472	29.0964	2822	2275.86	43	0.00322266	0.00314941	0.00703125	0	12.5086
2480	30.0646	2796	2254.89	42	0.00322266	0.00307617	0.00703125	0	12.2989
2472	29.0964	2358	1901.66	42	0.00322266	0.00307617	0.00703125	0	8.76656
2474	29.3385	3198	2579.09	41	0.00322266	0.00300293	0.00703125	0	15.5409
2468	28.6125	2620	2112.95	44	0.00322266	0.00322266	0.00703125	0	10.8795
2470	28.8545	2722	2195.21	44	0.00322266	0.00322266	0.00703125	0	11.7021
2481	30.1856	2562	2066.18	44	0.00322266	0.00322266	0.00703125	0	10.4118
2464	28.1285	3165	2552.48	43	0.00322266	0.00314941	0.00703125	0	15.2748
2468	28.6125	2722	2195.21	44	0.00322266	0.00322266	0.00703125	0	11.7021
2473	29.2175	3106	2504.9	44	0.00322266	0.00322266	0.00703125	0	14.799
2474	29.3385	2608	2103.27	43	0.00322266	0.00314941	0.00703125	0	10.7827
2467	28.4914	2609	2104.08	43	0.00322266	0.00314941	0.00703125	0	10.7908
2480	30.0646	2496	2012.95	45	0.00322266	0.0032959	0.00703125	0	9.87948
2469	28.7335	3095	2496.02	41	0.00322266	0.00300293	0.00703125	0	14.7102
2478	29.8225	2732	2203.28	45	0.00322266	0.0032959	0.00703125	0	11.7828
2476	29.5805	2690	2169.4	41	0.00322266	0.00300293	0.00703125	0	11.444
2469	28.7335	2277	1836.33	45	0.00322266	0.0032959	0.00703125	0	8.11332
2479	29.9435	2978	2401.67	44	0.00322266	0.00322266	0.00703125	0	13.7667
2471	28.9755	2633	2123.43	42	0.00322266	0.00307617	0.00703125	0	10.9843
2469	28.7335	2669	2152.47	44	0.00322266	0.00322266	0.00703125	0	11.2747
2470	28.8545	2441	1968.59	44	0.00322266	0.00322266	0.00703125	0	9.43593
2467	28.4914	3037	2449.25	43	0.00322266	0.00314941	0.00703125	0	14.2425
2470	28.8545	2560	2064.56	42	0.00322266	0.00307617	0.00703125	0	10.3956
2472	29.0964	2609	2104.08	43	0.00322266	0.00314941	0.00703125	0	10.7908
2478	29.8225	2525	2036.34	42	0.00322266	0.00307617	0.00703125	0	10.1134
2469	28.7335	3028	2441.99	43	0.00322266	0.00314941	0.00703125	0	14.1699
2476	29.5805	2486	2004.88	40	0.00322266	0.00292969	0.00703125	0	9.79884
2474	29.3385	2551	2057.3	42	0.00322266	0.00307617	0.00703125	0	10.323
2465	28.2494	2366	1908.11	46	0.00322266	0.00336914	0.00703125	0	8.83107
2472	29.0964	2892	2332.31	44	0.00322266	0.00322266	0.00703125	0	13.0731
2468	28.6125	2522	2033.92	44	0.00322266	0.00322266	0.00703125	0	10.0892
2475	29.4595	2492	2009.72	44	0.00322266	0.00322266	0.00703125	0	9.84722
2481	30.1856	2342	1888.75	43	0.00322266	0.00314941	0.00703125	0	8.63752
2474	29.3385	2970	2395.22	43	0.00322266	0.00314941	0.00703125	0	13.7022
2471	28.9755	2586	2085.53	43	0.00322266	0.00314941	0.00703125	0	10.6053
2476	29.5805	2713	2187.95	43	0.00322266	0.00314941	0.00703125	0	11.6295
2477	29.7015	2450	1975.85	46	0.00322266	0.00336914	0.00703125	0	9.50851
2478	29.8225	2985	2407.31	44	0.00322266	0.00322266	0.00703125	0	13.8231
2471	28.9755	2704	2180.69	43	0.00322266	0.00314941	0.00703125	0	11.5569
2470	28.8545	2490	2008.11	44	0.00322266	0.00322266	0.00703125	0	9.8311
2468	28.6125	2422	1953.27	43	0.00322266	0.00314941	0.00703125	0	9.2827
2474	29.3385	2793	2252.47	42	0.00322266	0.00307617	0.00703125	0	12.2747
2480	30.0646	2488	2006.5	43	0.00322266	0.00314941	0.00703125	0	9.81497
2468	28.6125	2505	2020.21	44	0.00322266	0.00322266	0.00703125	0	9.95207
2470	28.8545	2512	2025.85	43	0.00322266	0.00314941	0.00703125	0	10.0085
2475	29.4595	2919	2354.09	46	0.00322266	0.00336914	0.00703125	0	13.2909
2470	28.8545	2634	2124.24	44	0.00322266	0.00322266	0.00703125	0	10.9924
2464	28.1285	2610	2104.89	44	0.00322266	0.00322266	0.00703125	0	10.7989
2469	28.7335	2520	2032.3	44	0.00322266	0.00322266	0.00703125	0	10.073
2480	30.0646	2807	2263.76	42	0.00322266	0.00307617	0.00703125	0	12.3876
2471	28.9755	2458	1982.3	45	0.00322266	0.0032959	0.00703125	0	9.57303
2473	29.2175	2580	2080.69	42	0.00322266	0.00307617	0.00703125	0	10.5569
2478	29.8225	2385	1923.43	45	0.00322266	0.0032959	0.00703125	0	8.9843
2469	28.7335	2623	2115.37	42	0.00322266	0.00307617	0.00703125	0	10.9037
2474	29.3385	2638	2127.47	43	0.00322266	0.00314941	0.00703125	0	11.0247
2486	30.7907	2446	1972.62	42	0.00322266	0.00307617	0.00703125	0	9.47625
2475	29.4595	2374	1914.56	44	0.00322266	0.00322266	0.00703125	0	8.89559
2468	28.6125	2615	2108.92	47	0.00322266	0.00344238	0.00703125	0	10.8392
2481	30.1856	2441	1968.59	43	0.00314941	0.00344238	0.00703125	0	9.43593
2468	28.6125	2435	1963.75	45	0.0032959	0.00344238	0.00703125	0	9.38754
2468	28.6125	2537	2046.01	43	0.00314941	0.00344238	0.00703125	0	10.2101
2472	29.0964	2679	2160.53	45	0.0032959	0.00344238	0.00703125	0	11.3553
2475	29.4595	2502	2017.79	42	0.00307617	0.00344238	0.00703125	0	9.92787
2468	28.6125	2599	2096.01	43	0.00314941	0.00344238	0.00703125	0	10.7101
2467	28.4914	2483	2002.46	44	0.00322266	0.00344238	0.00703125	0	9.77464
2464	28.1285	2857	2304.08	44	0.00322266	0.00344238	0.00703125	0	12.7908
2469	28.7335	2610	2104.89	40	0.00292969	0.00344238	0.00703125	0	10.7989
2471	28.9755	2345	1891.17	45	0.0032959	0.00344238	0.00703125	0	8.66172
2472	29.0964	2524	2035.53	46	0.00336914	0.00344238	0.00703125	0	10.1053
2480	30.0646	2635	2125.05	41	0.00300293	0.00344238	0.00703125	0	11.0005
2470	28.8545	2467	1989.56	45	0.0032959	0.00344238	0.00703125	0	9.64561
2473	29.2175	2443	1970.21	44	0.00322266	0.00344238	0.00703125	0	9.45206
2478	29.8225	2573	2075.05	42	0.00307617	0.00344238	0.00703125	0	10.5005
2473	29.2175	2832	2283.92	43	0.00314941	0.00344238	0.00703125	0	12.5892
2470	28.8545	2355	1899.24	43	0.00314941	0.00344238	0.00703125	0	8.74236
2474	29.3385	2391	1928.27	44	0.00322266	0.00344238	0.00703125	0	9.03269
2472	29.0964	2548	2054.89	45	0.0032959	0.00344238	0.00703125	0	10.2989
2473	29.2175	2680	2161.34	44	0.00322266	0.00344238	0.00703125	0	11.3634
2477	29.7015	2482	2001.66	42	0.00307617	0.00344238	0.00703125	0	9.76658
2471	28.9755	2440	1967.79	45	0.0032959	0.00344238	0.00703125	0	9.42786
2472	29.0964	2560	2064.56	41	0.00300293	0.00344238	0.00703125	0	10.3956
2478	29.8225	2606	2101.66	41	0.00300293	0.00344238	0.00703125	0	10.7666
2467	28.4914	2569	2071.82	49	0.00358887	0.00344238	0.00703125	0	10.4682
2472	29.0964	2371	1912.14	40	0.00292969	0.00344238	0.00703125	0	8.8714
2476	29.5805	2328	1877.46	44	0.00322266	0.00344238	0.00703125	0	8.52462
2467	28.4914	2742	2211.34	43	0.00314941	0.00344238	0.00703125	0	11.8634
2472	29.0964	2305	1858.91	42	0.00307617	0.00344238	0.00703125	0	8.33913
2477	29.7015	2434	1962.95	45	0.0032959	0.00344238	0.00703125	0	9.37947
2461	27.7655	2561	2065.37	43	0.00314941	0.00344238	0.00703125	0	10.4037
2468	28.6125	2599	2096.01	43	0.00314941	0.00344238	0.00703125	0	10.7101
2475	29.4595	2316	1867.78	43	0.00314941	0.00344238	0.00703125	0	8.42784
2459	27.5235	2254	1817.78	41	0.00300293	0.00344238	0.00703125	0	7.92783
2467	28.4914	2395	1931.49	43	0.00314941	0.00344238	0.00703125	0	9.06495
2469	28.7335	2513	2026.66	45	0.0032959	0.00344238	0.00703125	0	10.0166
2471	28.9755	2517	2029.88	44	0.00322266	0.00344238	0.00703125	0	10.0488
2477	29.7015	2469	1991.17	43	0.00314941	0.00344238	0.00703125	0	9.66174
2471	28.9755	2398	1933.91	45	0.0032959	0.00344238	0.00703125	0	9.08914
2468	28.6125	2467	1989.56	44	0.00322266	0.00344238	0.00703125	0	9.64561
2476	29.5805	2385	1923.43	42	0.00307617	0.00344238	0.00703125	0	8.9843
2468	28.6125	2478	1998.43	45	0.0032959	0.00344238	0.00703125	0	9.73432
2479	29.9435	2382	1921.01	43	0.00314941	0.00344238	0.00703125	0	8.96011
2477	29.7015	2668	2151.66	42	0.00307617	0.00344238	0.00703125	0	11.2666
2472	29.0964	2261	1823.43	44	0.00322266	0.00344238	0.00703125	0	7.98428
2467	28.4914	2159	1741.17	43	0.00314941	0.00344238	0.00703125	0	7.16168
2473	29.2175	2270	1830.69	45	0.0032959	0.00344238	0.00703125	0	8.05686
2482	30.3066	2198	1772.62	49	0.00358887	0.00344238	0.00703125	0	7.4762
2473	29.2175	2261	1823.43	43	0.00314941	0.00344238	0.00703125	0	7.98428
2476	29.5805	2678	2159.73	45	0.0032959	0.00344238	0.00703125	0	11.3473
2471	28.9755	1951	1573.42	44	0.00322266	0.00344238	0.00703125	0	5.48422
2471	28.9755	2272	1832.3	44	0.00322266	0.00344238	0.00703125	0	8.07299
2477	29.7015	2363	1905.69	45	0.0032959	0.00344238	0.00703125	0	8.80688
2480	30.0646	2472	1993.59	42	0.00307617	0.00344238	0.00703125	0	9.68593
2474	29.3385	1843	1486.32	43	0.00314941	0.00344238	0.00703125	0	4.61324
2465	28.2494	2325	1875.04	44	0.00322266	0.00344238	0.00703125	0	8.50042
2472	29.0964	2425	1955.69	47	0.00344238	0.00344238	0.00703125	0	9.30689
2474	29.3385	2560	2064.56	44	0.00322266	0.00344238	0.00703125	0	10.3956
2467	28.4914	1991	1605.68	45	0.0032959	0.00344238	0.00703125	0	5.80681
2480	30.0646	2374	1914.56	43	0.00314941	0.00344238	0.00703125	0	8.89559
2470	28.8545	2211	1783.1	42	0.00307617	0.00344238	0.00703125	0	7.58105
2471	28.9755	2620	2112.95	44	0.00322266	0.00344238	0.00703125	0	10.8795
2472	29.0964	1702	1372.61	45	0.0032959	0.00344238	0.00703125	0	3.47611
2481	30.1856	2318	1869.4	41	0.00300293	0.00344238	0.00703125	0	8.44397
2467	28.4914	2248	1812.94	46	0.00336914	0.00344238	0.00703125	0	7.87944
2466	28.3704	2473	1994.4	43	0.00314941	0.00344238	0.00703125	0	9.694
2470	28.8545	1963	1583.1	43	0.00314941	0.00344238	0.00703125	0	5.581
2472	29.0964	2323	1873.43	45	0.0032959	0.00344238	0.00703125	0	8.48429
2468	28.6125	2327	1876.66	43	0.00314941	0.00344238	0.00703125	0	8.51655
2476	29.5805	2436	1964.56	44	0.00322266	0.00344238	0.00703125	0	9.3956
2471	28.9755	1926	1553.26	46	0.00336914	0.00344238	0.00703125	0	5.28261
2476	29.5805	2328	1877.46	44	0.00322266	0.00344238	0.00703125	0	8.52462
2484	30.5486	2329	1878.27	42	0.00307617	0.00344238	0.00703125	0	8.53268
2470	28.8545	2380	1919.4	42	0.00307617	0.00344238	0.00703125	0	8.94398
2477	29.7015	1735	1399.22	44	0.00322266	0.00344238	0.00703125	0	3.74225
2473	29.2175	2298	1853.27	44	0.00322266	0.00344238	0.00703125	0	8.28267
2480	30.0646	2240	1806.49	48	0.00351562	0.00344238	0.00703125	0	7.81492
2470	28.8545	2266	1827.46	44	0.00322266	0.00344238	0.00703125	0	8.0246
2478	29.8225	1930	1556.49	43	0.00314941	0.00344238	0.00703125	0	5.31487
2469	28.7335	2110	1701.65	45	0.0032959	0.00344238	0.00703125	0	6.76651
2465	28.2494	2236	1803.27	42	0.00307617	0.00344238	0.00703125	0	7.78266
2470	28.8545	2413	1946.01	44	0.00322266	0.00344238	0.00703125	0	9.21011
2469	28.7335	1748	1409.71	45	0.0032959	0.00344238	0.00703125	0	3.84709
2470	28.8545	2155	1737.94	41	0.00300293	0.00344238	0.00703125	0	7.12942
2480	30.0646	2314	1866.17	45	0.0032959	0.00344238	0.00703125	0	8.41171
2475	29.4595	2430	1959.72	43	0.00314941	0.00344238	0.00703125	0	9.34721
2469	28.7335	1827	1473.42	43	0.00314941	0.00344238	0.00703125	0	4.4842
2469	28.7335	1981	1597.62	46	0.00336914	0.00344238	0.00703125	0	5.72616
2466	28.3704	2113	1704.07	42	0.00307617	0.00344238	0.00703125	0	6.79071
2476	29.5805	2282	1840.36	40	0.00292969	0.00344238	0.00703125	0	8.15364
2464	28.1285	1671	1347.61	45	0.0032959	0.00344238	0.00703125	0	3.22611
2472	29.0964	2265	1826.65	45	0.0032959	0.00344238	0.00703125	0	8.01654
2471	28.9755	2301	1855.69	42	0.00307617	0.00344238	0.00703125	0	8.30687
2471	28.9755	2249	1813.75	44	0.00322266	0.00344238	0.00703125	0	7.88751
2471	28.9755	1704	1374.22	44	0.00322266	0.00344238	0.00703125	0	3.49224
2474	29.3385	2101	1694.39	41	0.00300293	0.00344238	0.00703125	0	6.69393
2469	28.7335	2148	1732.3	44	0.00300293	0.00344238	0.00322266	0	7.07297
2470	28.8545	1450	1169.38	97	0.00300293	0.00344238	0.00710449	0	1.44381
2469	28.7335	806	650.015	94	0.00300293	0.00344238	0.00688477	0	-3.74985
2473	29.2175	1278	1030.67	97	0.00300293	0.00344238	0.00710449	0	0.0566834
2471	28.9755	1186	956.473	96	0.00300293	0.00344238	0.00703125	0	-0.685269
2474	29.3385	1294	1043.57	95	0.00300293	0.00344238	0.00695801	0	0.185719
2476	29.5805	737	594.368	97	0.00300293	0.00344238	0.00710449	0	-4.30632
2478	29.8225	1113	897.601	95	0.00300293	0.00344238	0.00695801	0	-1.27399
2480	30.0646	1072	864.536	98	0.00300293	0.00344238	0.00717773	0	-1.60464
2476	29.5805	1256	1012.93	96	0.00300293	0.00344238	0.00703125	0	-0.120741
2476	29.5805	774	624.208	96	0.00300293	0.00344238	0.00703125	0	-4.00792
2468	28.6125	1122	904.859	95	0.00300293	0.00344238	0.00695801	0	-1.20141
2469	28.7335	1229	991.151	97	0.00300293	0.00344238	0.00710449	0	-0.338487
2472	29.0964	1418	1143.57	97	0.00300293	0.00344238	0.00710449	0	1.18574
2477	29.7015	761	613.723	94	0.00300293	0.00344238	0.00688477	0	-4.11277
2474	29.3385	1132	912.924	97	0.00300293	0.00344238	0.00710449	0	-1.12076
2469	28.7335	1316	1061.31	97	0.00300293	0.00344238	0.00710449	0	0.363141
2479	29.9435	1526	1230.67	98	0.00300293	0.00344238	0.00717773	0	2.05673
2469	28.7335	776	625.82	98	0.00300293	0.00344238	0.00717773	0	-3.9918
2475	29.4595	1308	1054.86	95	0.00300293	0.00344238	0.00695801	0	0.298624
2475	29.4595	1114	898.407	96	0.00300293	0.00344238	0.00703125	0	-1.26593
2471	28.9755	1325	1068.57	98	0.00300293	0.00344238	0.00717773	0	0.435724
2472	29.0964	772	622.595	95	0.00300293	0.00344238	0.00695801	0	-4.02405
2467	28.4914	1039	837.922	96	0.00300293	0.00344238	0.00703125	0	-1.87078
2469	28.7335	1184	954.86	95	0.00300293	0.00344238	0.00695801	0	-0.701398
2470	28.8545	1452	1170.99	99	0.00300293	0.00344238	0.00725098	0	1.45994
2471	28.9755	744	600.013	94	0.00300293	0.00344238	0.00688477	0	-4.24987
2470	28.8545	1269	1023.41	95	0.00300293	0.00344238	0.00695801	0	-0.0158984
2469	28.7335	1127	908.891	95	0.00300293	0.00344238	0.00695801	0	-1.16109
2479	29.9435	1350	1088.73	97	0.00300293	0.00344238	0.00710449	0	0.637341
2473	29.2175	780	629.046	98	0.00300293	0.00344238	0.00717773	0	-3.95954
2477	29.7015	1285	1036.31	93	0.00300293	0.00344238	0.00681152	0	0.113136
2472	29.0964	1124	906.472	96	0.00300293	0.00344238	0.00703125	0	-1.18528
2469	28.7335	1543	1244.38	98	0.00300293	0.00344238	0.00717773	0	2.19383
2470	28.8545	747	602.433	93	0.00300293	0.00344238	0.00681152	0	-4.22567
2476	29.5805	1204	970.99	95	0.00300293	0.00344238	0.00695801	0	-0.540104
2471	28.9755	1246	1004.86	96	0.00300293	0.00344238	0.00703125	0	-0.201388
2475	29.4595	1527	1231.48	98	0.00300293	0.00344238	0.00717773	0	2.06479
2471	28.9755	683	550.819	96	0.00300293	0.00344238	0.00703125	0	-4.74181
2475	29.4595	1140	919.375	96	0.00300293	0.00344238	0.00703125	0	-1.05625
2473	29.2175	1194	962.925	97	0.00300293	0.00344238	0.00710449	0	-0.620751
2468	28.6125	1357	1094.38	94	0.00300293	0.00344238	0.00688477	0	0.693794
2476	29.5805	642	517.754	93	0.00300293	0.00344238	0.00681152	0	-5.07246
2473	29.2175	1122	904.859	97	0.00300293	0.00344238	0.00710449	0	-1.20141
2471	28.9755	1299	1047.6	97	0.00300293	0.00344238	0.00710449	0	0.226042
2474	29.3385	1339	1079.86	95	0.00300293	0.00344238	0.00695801	0	0.54863
2472	29.0964	731	589.529	95	0.00300293	0.00344238	0.00695801	0	-4.35471
2479	29.9435	1752	1412.93	96	0.00300293	0.00344238	0.00703125	0	3.87935
2473	29.2175	1088	877.439	95	0.00300293	0.00344238	0.00695801	0	-1.47561
2472	29.0964	1266	1020.99	96	0.00300293	0.00344238	0.00703125	0	-0.040094
2473	29.2175	990	798.405	96	0.00300293	0.00344238	0.00703125	0	-2.26595
2474	29.3385	1687	1360.51	96	0.00300293	0.00344238	0.00703125	0	3.35514
2475	29.4595	1208	974.215	96	0.00300293	0.00344238	0.00703125	0	-0.507846
2475	29.4595	1226	988.732	97	0.00300293	0.00344238	0.00710449	0	-0.362681
2471	28.9755	1172	945.183	94	0.00300293	0.00344238	0.00688477	0	-0.798174
2474	29.3385	1558	1256.48	95	0.00300293	0.00344238	0.00695801	0	2.3148
2476	29.5805	1268	1022.6	96	0.00300293	0.00344238	0.00703125	0	-0.0239642
2475	29.4595	1184	954.86	96	0.00300293	0.00344238	0.00703125	0	-0.701398
2464	28.1285	1120	903.246	94	0.00300293	0.00344238	0.00688477	0	-1.21754
2479	29.9435	1698	1369.39	97	0.00300293	0.00344238	0.00710449	0	3.44386
2465	28.2494	1210	975.828	95	0.00300293	0.00344238	0.00695801	0	-0.491716
2470	28.8545	1294	1043.57	98	0.00300293	0.00344238	0.00717773	0	0.185719
2473	29.2175	990	798.405	96	0.00300293	0.00344238	0.00703125	0	-2.26595
2476	29.5805	1437	1158.9	97	0.00300293	0.00344238	0.00710449	0	1.33897
2473	29.2175	1195	963.731	95	0.00300293	0.00344238	0.00695801	0	-0.612687
2471	28.9755	1165	939.537	96	0.00300293	0.00344238	0.00703125	0	-0.854628
2473	29.2175	1018	820.986	94	0.00300293	0.00344238	0.00688477	0	-2.04014
2474	29.3385	1535	1237.93	96	0.00300293	0.00344238	0.00703125	0	2.12931
2479	29.9435	1258	1014.54	95	0.00300293	0.00344238	0.00695801	0	-0.104611
2472	29.0964	1320	1064.54	96	0.00300293	0.00344238	0.00703125	0	0.3954
2470	28.8545	995	802.437	100	0.00300293	0.00344238	0.00732422	0	-2.22563
2478	29.8225	1727	1392.77	98	0.00300293	0.00344238	0.00717773	0	3.67773
2477	29.7015	1082	872.6	96	0.00300293	0.00344238	0.00703125	0	-1.524
2476	29.5805	1344	1083.9	96	0.00300293	0.00344238	0.00703125	0	0.588954
2471	28.9755	1130	911.311	96	0.00300293	0.00344238	0.00703125	0	-1.13689
2474	29.3385	1654	1333.9	94	0.00300293	0.00344238	0.00688477	0	3.08901
2475	29.4595	1279	1031.47	96	0.00300293	0.00344238	0.00703125	0	0.0647485
2470	28.8545	1202	969.377	96	0.00300293	0.00344238	0.00703125	0	-0.556234
2473	29.2175	1084	874.213	95	0.00300293	0.00344238	0.00695801	0	-1.50787
2473	29.2175	1757	1416.97	98	0.00300293	0.00344238	0.00717773	0	3.91967
2471	28.9755	1204	970.99	94	0.00300293	0.00344238	0.00688477	0	-0.540104
2472	29.0964	1090	879.052	98	0.00300293	0.00344238	0.00717773	0	-1.45948
2476	29.5805	1011	815.341	97	0.00300293	0.00344238	0.00710449	0	-2.09659
2470	28.8545	1554	1253.25	97	0.00300293	0.00344238	0.00710449	0	2.28254
2476	29.5805	836	674.209	94	0.00300293	0.00344238	0.00688477	0	-3.50791
2474	29.3385	1161	936.311	97	0.00300293	0.00344238	0.00710449	0	-0.886887
2478	29.8225	1397	1126.64	97	0.00300293	0.00344238	0.00710449	0	1.01638
2472	29.0964	1333	1075.02	97	0.00300293	0.00344238	0.00710449	0	0.500242
2465	28.2494	901	726.629	94	0.00300293	0.00344238	0.00688477	0	-2.98371
2474	29.3385	1063	857.277	97	0.00300293	0.00344238	0.00710449	0	-1.67723
2472	29.0964	1151	928.247	98	0.00300293	0.00344238	0.00717773	0	-0.967534
2473	29.2175	1406	1133.9	97	0.00300293	0.00344238	0.00710449	0	1.08896
2473	29.2175	885	713.726	98	0.00300293	0.00344238	0.00717773	0	-3.11274
2477	29.7015	1293	1042.77	94	0.00300293	0.00344238	0.00688477	0	0.177654
2468	28.6125	1286	1037.12	99	0.00300293	0.00344238	0.00725098	0	0.1212
2469	28.7335	1248	1006.47	96	0.00300293	0.00344238	0.00703125	0	-0.185258
2470	28.8545	782	630.659	95	0.00695801	0.00344238	0.00703125	0	-3.94341
2469	28.7335	2052	1654.88	45	0.0032959	0.00344238	0.00703125	0	6.29876
2475	29.4595	2177	1755.68	43	0.00314941	0.00344238	0.00703125	0	7.30685
2477	29.7015	2029	1636.33	45	0.0032959	0.00344238	0.00703125	0	6.11327
2468	28.6125	2060	1661.33	44	0.00322266	0.00344238	0.00703125	0	6.36328
2474	29.3385	2134	1721.01	39	0.00285645	0.00344238	0.00703125	0	6.96006
2474	29.3385	2246	1811.33	43	0.00314941	0.00344238	0.00703125	0	7.86331
2471	28.9755	1980	1596.81	44	0.00322266	0.00344238	0.00703125	0	5.7181
2480	30.0646	1952	1574.23	45	0.0032959	0.00344238	0.00703125	0	5.49229
2480	30.0646	2094	1688.75	48	0.00351562	0.00344238	0.00703125	0	6.63748
2466	28.3704	2172	1751.65	45	0.0032959	0.00344238	0.00703125	0	7.26652
2472	29.0964	2005	1616.97	43	0.00314941	0.00344238	0.00703125	0	5.91972
2471	28.9755	2076	1674.23	43	0.00314941	0.00344238	0.00703125	0	6.49231
2471	28.9755	2022	1630.68	44	0.00322266	0.00344238	0.00703125	0	6.05682
2476	29.5805	2173	1752.46	44	0.00322266	0.00344238	0.00703125	0	7.27459
2470	28.8545	2168	1748.43	43	0.00314941	0.00344238	0.00703125	0	7.23426
2475	29.4595	2254	1817.78	46	0.00336914	0.00344238	0.00703125	0	7.92783
2469	28.7335	1706	1375.84	44	0.00322266	0.00344238	0.00703125	0	3.50837
2468	28.6125	1971	1589.55	44	0.00322266	0.00344238	0.00703125	0	5.64552
2469	28.7335	1956	1577.45	44	0.00322266	0.00344238	0.00703125	0	5.52455
2474	29.3385	2149	1733.1	45	0.0032959	0.00344238	0.00703125	0	7.08104
2471	28.9755	1747	1408.9	42	0.00307617	0.00344238	0.00703125	0	3.83903
2467	28.4914	2121	1710.52	45	0.0032959	0.00344238	0.00703125	0	6.85522
2459	27.5235	2002	1614.55	42	0.00307617	0.00344238	0.00703125	0	5.89552
2473	29.2175	2192	1767.78	43	0.00314941	0.00344238	0.00703125	0	7.42782
2466	28.3704	1606	1295.19	46	0.00336914	0.00344238	0.00703125	0	2.7019
2471	28.9755	2212	1783.91	43	0.00314941	0.00344238	0.00703125	0	7.58911
2469	28.7335	2037	1642.78	43	0.00314941	0.00344238	0.00703125	0	6.17779
2468	28.6125	2063	1663.75	45	0.0032959	0.00344238	0.00703125	0	6.38747
2474	29.3385	1804	1454.87	41	0.00300293	0.00344238	0.00703125	0	4.29871
2478	29.8225	2136	1722.62	45	0.0032959	0.00344238	0.00703125	0	6.97619
2474	29.3385	1970	1588.75	44	0.00322266	0.00344238	0.00703125	0	5.63745
2468	28.6125	2019	1628.26	45	0.0032959	0.00344238	0.00703125	0	6.03262
2466	28.3704	1712	1380.68	44	0.00322266	0.00344238	0.00703125	0	3.55676
2472	29.0964	2044	1648.42	45	0.0032959	0.00344238	0.00703125	0	6.23424
2470	28.8545	2177	1755.68	44	0.00322266	0.00344238	0.00703125	0	7.30685
2474	29.3385	1923	1550.84	42	0.00307617	0.00344238	0.00703125	0	5.25841
2471	28.9755	1622	1308.09	45	0.0032959	0.00344238	0.00703125	0	2.83094
2472	29.0964	2160	1741.97	43	0.00314941	0.00344238	0.00703125	0	7.16975
2468	28.6125	1982	1598.42	45	0.0032959	0.00344238	0.00703125	0	5.73423
2467	28.4914	1942	1566.16	48	0.00351562	0.00344238	0.00703125	0	5.41164
2472	29.0964	1586	1279.06	43	0.00314941	0.00344238	0.00703125	0	2.54061
2481	30.1856	1993	1607.29	43	0.00314941	0.00344238	0.00703125	0	5.82294
2475	29.4595	1949	1571.81	43	0.00314941	0.00344238	0.00703125	0	5.4681
2474	29.3385	2153	1736.33	45	0.0032959	0.00344238	0.00703125	0	7.11329
2473	29.2175	1729	1394.39	42	0.00307617	0.00344238	0.00703125	0	3.69386
2462	27.8865	2122	1711.33	44	0.00322266	0.00344238	0.00703125	0	6.86329
2477	29.7015	2227	1796.01	45	0.0032959	0.00344238	0.00703125	0	7.71008
2470	28.8545	1864	1503.26	45	0.0032959	0.00344238	0.00703125	0	4.7826
2474	29.3385	1955	1576.65	44	0.00322266	0.00344238	0.00703125	0	5.51648
2467	28.4914	1785	1439.55	42	0.00307617	0.00344238	0.00703125	0	4.14548
2470	28.8545	2237	1804.07	45	0.0032959	0.00344238	0.00703125	0	7.79073
2473	29.2175	2059	1660.52	44	0.00322266	0.00344238	0.00703125	0	6.35521
2476	29.5805	1902	1533.91	43	0.00314941	0.00344238	0.00703125	0	5.08905
2472	29.0964	1662	1340.35	45	0.0032959	0.00344238	0.00703125	0	3.15353
2464	28.1285	2443	1970.21	43	0.00314941	0.00344238	0.00703125	0	9.45206
2473	29.2175	1974	1591.97	43	0.00314941	0.00344238	0.00703125	0	5.66971
2479	29.9435	1817	1465.36	42	0.00307617	0.00344238	0.00703125	0	4.40355
2465	28.2494	1901	1533.1	42	0.00307617	0.00344238	0.00703125	0	5.08099
2473	29.2175	2156	1738.75	39	0.00285645	0.00344238	0.00703125	0	7.13749
2475	29.4595	1995	1608.91	42	0.00307617	0.00344238	0.00703125	0	5.83907
2470	28.8545	1977	1594.39	44	0.00322266	0.00344238	0.00703125	0	5.69391
2470	28.8545	1692	1364.55	42	0.00307617	0.00344238	0.00703125	0	3.39547
2475	29.4595	2184	1761.33	45	0.0032959	0.00344238	0.00703125	0	7.3633
2464	28.1285	1870	1508.1	42	0.00307617	0.00344238	0.00703125	0	4.83098
2473	29.2175	1837	1481.48	42	0.00307617	0.00344238	0.00703125	0	4.56485
2473	29.2175	1652	1332.29	42	0.00307617	0.00344238	0.00703125	0	3.07288
2472	29.0964	2330	1879.07	43	0.00314941	0.00344238	0.00703125	0	8.54074
2480	30.0646	1932	1558.1	44	0.00322266	0.00344238	0.00703125	0	5.331
2470	28.8545	1843	1486.32	43	0.00314941	0.00344238	0.00703125	0	4.61324
2472	29.0964	1848	1490.36	46	0.00336914	0.00344238	0.00703125	0	4.65356
2466	28.3704	2205	1778.27	42	0.00307617	0.00344238	0.00703125	0	7.53266
2468	28.6125	1841	1484.71	43	0.00314941	0.00344238	0.00703125	0	4.59711
2478	29.8225	1862	1501.65	44	0.00322266	0.00344238	0.00703125	0	4.76647
2460	27.6445	1700	1371	44	0.00322266	0.00344238	0.00703125	0	3.45999
2472	29.0964	2236	1803.27	44	0.00322266	0.00344238	0.00703125	0	7.78266
2461	27.7655	1860	1500.03	45	0.0032959	0.00344238	0.00703125	0	4.75034
2478	29.8225	1874	1511.32	45	0.0032959	0.00344238	0.00703125	0	4.86324
2476	29.5805	1619	1305.67	44	0.00322266	0.00344238	0.00703125	0	2.80675
2473	29.2175	2232	1800.04	44	0.00322266	0.00344238	0.00703125	0	7.7504
2475	29.4595	1875	1512.13	44	0.00322266	0.00344238	0.00703125	0	4.87131
2468	28.6125	1762	1421	43	0.00314941	0.00344238	0.00703125	0	3.96
2470	28.8545	1652	1332.29	44	0.00322266	0.00344238	0.00703125	0	3.07288
2477	29.7015	2036	1641.97	43	0.00314941	0.00344238	0.00703125	0	6.16972
2475	29.4595	1785	1439.55	42	0.00307617	0.00344238	0.00703125	0	4.14548
2471	28.9755	1681	1355.68	45	0.0032959	0.00344238	0.00703125	0	3.30676
2473	29.2175	1739	1402.45	41	0.00300293	0.00344238	0.00703125	0	3.77451
2472	29.0964	2233	1800.85	44	0.00322266	0.00344238	0.00703125	0	7.75847
2467	28.4914	1389	1120.19	46	0.00336914	0.00344238	0.00703125	0	0.951865
2473	29.2175	1752	1412.93	43	0.00314941	0.00344238	0.00703125	0	3.87935
2474	29.3385	1490	1201.64	45	0.0032959	0.00344238	0.00703125	0	1.7664
2476	29.5805	2069	1668.59	43	0.00314941	0.00344238	0.00703125	0	6.43586
2472	29.0964	1680	1354.87	42	0.00307617	0.00344238	0.00703125	0	3.29869
2470	28.8545	1696	1367.77	43	0.00314941	0.00344238	0.00703125	0	3.42773
2461	27.7655	1732	1396.81	43	0.00314941	0.00344238	0.00703125	0	3.71806
2470	28.8545	2097	1691.17	42	0.00307617	0.00344238	0.00703125	0	6.66167
2475	29.4595	1718	1385.52	43	0.00307617	0.00314941	0.00703125	0	3.60515
2476	29.5805	1716	1383.9	45	0.00307617	0.0032959	0.00703125	0	3.58902
2469	28.7335	1596	1287.13	43	0.00307617	0.00314941	0.00703125	0	2.62126
2478	29.8225	1945	1568.58	46	0.00307617	0.00336914	0.00703125	0	5.43584
2468	28.6125	1707	1376.64	42	0.00307617	0.00307617	0.00703125	0	3.51644
2469	28.7335	1731	1396	43	0.00307617	0.00314941	0.00703125	0	3.70999
2476	29.5805	1440	1161.32	47	0.00307617	0.00344238	0.00703125	0	1.36316
2467	28.4914	1879	1515.36	42	0.00307617	0.00307617	0.00703125	0	4.90357
2480	30.0646	1679	1354.06	43	0.00307617	0.00314941	0.00703125	0	3.29063
2468	28.6125	1718	1385.52	43	0.00307617	0.00314941	0.00703125	0	3.60515
2470	28.8545	1754	1414.55	45	0.00307617	0.0032959	0.00703125	0	3.89548
2467	28.4914	2148	1732.3	43	0.00307617	0.00314941	0.00703125	0	7.07297
2474	29.3385	1628	1312.93	41	0.00307617	0.00300293	0.00703125	0	2.87933
2477	29.7015	1688	1361.32	45	0.00307617	0.0032959	0.00703125	0	3.36321
2473	29.2175	1554	1253.25	43	0.00307617	0.00314941	0.00703125	0	2.28254
2467	28.4914	1929	1555.68	44	0.00307617	0.00322266	0.00703125	0	5.3068
2467	28.4914	1777	1433.1	44	0.00307617	0.00322266	0.00703125	0	4.08097
2500	32.4852	1821	1468.58	45	0.00307617	0.0032959	0.00703125	0	4.43581
2480	30.0646	1720	1387.13	44	0.00307617	0.00322266	0.00703125	0	3.62128
2470	28.8545	1970	1588.75	56	0.00307617	0.00410156	0.00703125	0	5.63745
2470	28.8545	1383	1115.35	46	0.00307617	0.00336914	0.00703125	0	0.903477
2468	28.6125	1795	1447.61	42	0.00307617	0.00307617	0.00703125	0	4.22613
2470	28.8545	1726	1391.97	42	0.00307617	0.00307617	0.00703125	0	3.66967
2477	29.7015	1951	1573.42	52	0.00307617	0.00380859	0.00703125	0	5.48422
2470	28.8545	1716	1383.9	43	0.00307617	0.00314941	0.00703125	0	3.58902
2474	29.3385	1881	1516.97	45	0.00307617	0.0032959	0.00703125	0	4.91969
2472	29.0964	1617	1304.06	44	0.00307617	0.00322266	0.00703125	0	2.79062
2476	29.5805	2171	1750.85	51	0.00307617	0.00373535	0.00703125	0	7.25846
2466	28.3704	1428	1151.64	43	0.00307617	0.00314941	0.00703125	0	1.26639
2466	28.3704	1813	1462.13	43	0.00307617	0.00314941	0.00703125	0	4.3713
2479	29.9435	1821	1468.58	43	0.00307617	0.00314941	0.00703125	0	4.43581
2476	29.5805	2130	1717.78	46	0.00307617	0.00336914	0.00703125	0	6.9278
2480	30.0646	1508	1216.16	44	0.00307617	0.00322266	0.00703125	0	1.91156
2475	29.4595	1843	1486.32	42	0.00307617	0.00307617	0.00703125	0	4.61324
2470	28.8545	1784	1438.74	45	0.00307617	0.0032959	0.00703125	0	4.13742
2474	29.3385	2233	1800.85	43	0.00307617	0.00314941	0.00703125	0	7.75847
2470	28.8545	1501	1210.51	43	0.00307617	0.00314941	0.00703125	0	1.85511
2474	29.3385	1885	1520.2	44	0.00307617	0.00322266	0.00703125	0	4.95195
2466	28.3704	1731	1396	42	0.00307617	0.00307617	0.00703125	0	3.70999
2468	28.6125	2167	1747.62	43	0.00307617	0.00314941	0.00703125	0	7.2262
2469	28.7335	1494	1204.87	45	0.00307617	0.0032959	0.00703125	0	1.79866
2478	29.8225	1681	1355.68	43	0.00307617	0.00314941	0.00703125	0	3.30676
2472	29.0964	1666	1343.58	43	0.00307617	0.00314941	0.00703125	0	3.18578
2472	29.0964	1948	1571	44	0.00307617	0.00322266	0.00703125	0	5.46003
2470	28.8545	1406	1133.9	45	0.00307617	0.0032959	0.00703125	0	1.08896
2476	29.5805	1613	1300.84	43	0.00307617	0.00314941	0.00703125	0	2.75836
2472	29.0964	1661	1339.55	47	0.00307617	0.00344238	0.00703125	0	3.14546
2472	29.0964	1876	1512.94	45	0.00307617	0.0032959	0.00703125	0	4.87937
2470	28.8545	1443	1163.74	41	0.00307617	0.00300293	0.00703125	0	1.38736
2477	29.7015	2032	1638.75	43	0.00307617	0.00314941	0.00703125	0	6.13746
2469	28.7335	1638	1321	44	0.00307617	0.00322266	0.00703125	0	2.95997
2472	29.0964	1831	1476.65	44	0.00307617	0.00322266	0.00703125	0	4.51646
2470	28.8545	1247	1005.67	42	0.00307617	0.00307617	0.00703125	0	-0.193322
2472	29.0964	1993	1607.29	45	0.00307617	0.0032959	0.00703125	0	5.82294
2465	28.2494	1633	1316.97	44	0.00307617	0.00322266	0.00703125	0	2.91965
2475	29.4595	1820	1467.77	43	0.00307617	0.00314941	0.00703125	0	4.42775
2471	28.9755	1320	1064.54	44	0.00307617	0.00322266	0.00703125	0	0.3954
2462	27.8865	2112	1703.26	43	0.00307617	0.00314941	0.00703125	0	6.78264
2471	28.9755	1832	1477.45	41	0.00307617	0.00300293	0.00703125	0	4.52453
2469	28.7335	1834	1479.07	44	0.00307617	0.00322266	0.00703125	0	4.54066
2469	28.7335	1349	1087.93	44	0.00307617	0.00322266	0.00703125	0	0.629277
2480	30.0646	2146	1730.68	43	0.00307617	0.00314941	0.00703125	0	7.05684
2470	28.8545	1711	1379.87	45	0.00307617	0.0032959	0.00703125	0	3.5487
2466	28.3704	1814	1462.94	44	0.00307617	0.00322266	0.00703125	0	4.37936
2476	29.5805	1417	1142.77	43	0.00307617	0.00314941	0.00703125	0	1.17768
2473	29.2175	2057	1658.91	44	0.00307617	0.00322266	0.00703125	0	6.33908
2477	29.7015	1912	1541.97	44	0.00307617	0.00322266	0.00703125	0	5.1697
2469	28.7335	1767	1425.03	42	0.00307617	0.00307617	0.00703125	0	4.00032
2474	29.3385	1599	1289.55	43	0.00307617	0.00314941	0.00703125	0	2.64545
2473	29.2175	2259	1821.82	44	0.00307617	0.00322266	0.00703125	0	7.96815
2468	28.6125	1733	1397.61	42	0.00307617	0.00307617	0.00703125	0	3.72612
2476	29.5805	1853	1494.39	46	0.00307617	0.00336914	0.00703125	0	4.69388
2476	29.5805	1536	1238.74	43	0.00307617	0.00314941	0.00703125	0	2.13737
2467	28.4914	2061	1662.13	44	0.00307617	0.00322266	0.00703125	0	6.37134
2471	28.9755	1739	1402.45	45	0.00307617	0.0032959	0.00703125	0	3.77451
2471	28.9755	1849	1491.16	44	0.00307617	0.00322266	0.00703125	0	4.66163
2473	29.2175	1463	1179.87	44	0.00307617	0.00322266	0.00703125	0	1.54865
2468	28.6125	2111	1702.46	43	0.00307617	0.00314941	0.00703125	0	6.77458
2479	29.9435	1729	1394.39	44	0.00307617	0.00322266	0.00703125	0	3.69386
2471	28.9755	1722	1388.74	42	0.00307617	0.00307617	0.00703125	0	3.63741
2478	29.8225	1348	1087.12	45	0.00307617	0.0032959	0.00703125	0	0.621212
2476	29.5805	2233	1800.85	45	0.00307617	0.0032959	0.00703125	0	7.75847
2474	29.3385	1719	1386.32	46	0.00307617	0.00336914	0.00703125	0	3.61322
2469	28.7335	1816	1464.55	43	0.00307617	0.00314941	0.00703125	0	4.39549
2467	28.4914	1391	1121.8	43	0.00307617	0.00314941	0.00703125	0	0.967993
2466	28.3704	2003	1615.36	45	0.00307617	0.0032959	0.00703125	0	5.90359
2471	28.9755	1597	1287.93	41	0.00307617	0.00300293	0.00703125	0	2.62932
2468	28.6125	1803	1454.06	43	0.00307617	0.00314941	0.00703125	0	4.29065
2468	28.6125	1320	1064.54	43	0.00307617	0.00314941	0.00703125	0	0.3954
2471	28.9755	1892	1525.84	43	0.00307617	0.00314941	0.00703125	0	5.00841
2474	29.3385	1578	1272.61	43	0.00307617	0.00314941	0.00703125	0	2.47609
2479	29.9435	1722	1388.74	44	0.00307617	0.00322266	0.00703125	0	3.63741
2482	30.3066	1466	1182.28	45	0.00307617	0.0032959	0.00703125	0	1.57285
2471	28.9755	1900	1532.29	46	0.00307617	0.00336914	0.00703125	0	5.07292
2476	29.5805	1561	1258.9	45	0.00307617	0.0032959	0.00703125	0	2.33899
2474	29.3385	1600	1290.35	42	0.00307617	0.00307617	0.00703125	0	2.65352
2472	29.0964	1264	1019.38	44	0.00322266	0.00307617	0.00703125	0	-0.0562219
2471	28.9755	1880	1516.16	43	0.00314941	0.00307617	0.00703125	0	4.91163
2473	29.2175	1488	1200.03	44	0.00322266	0.00307617	0.00703125	0	1.75027
2479	29.9435	1752	1412.93	45	0.0032959	0.00307617	0.00703125	0	3.87935
2465	28.2494	1334	1075.83	44	0.00322266	0.00307617	0.00703125	0	0.508307
2475	29.4595	2006	1617.78	44	0.00322266	0.00307617	0.00703125	0	5.92778
2466	28.3704	1471	1186.32	45	0.0032959	0.00307617	0.00703125	0	1.61317
2474	29.3385	1666	1343.58	44	0.00322266	0.00307617	0.00703125	0	3.18578
2476	29.5805	1186	956.473	44	0.00322266	0.00307617	0.00703125	0	-0.685269
2466	28.3704	1980	1596.81	42	0.00307617	0.00307617	0.00703125	0	5.7181
2473	29.2175	1485	1197.61	43	0.00314941	0.00307617	0.00703125	0	1.72608
2479	29.9435	1499	1208.9	44	0.00322266	0.00307617	0.00703125	0	1.83898
2470	28.8545	1427	1150.83	45	0.0032959	0.00307617	0.00703125	0	1.25832
2471	28.9755	2062	1662.94	45	0.0032959	0.00307617	0.00703125	0	6.37941
2473	29.2175	1574	1269.38	45	0.0032959	0.00307617	0.00703125	0	2.44383
2475	29.4595	1501	1210.51	44	0.00322266	0.00307617	0.00703125	0	1.85511
2466	28.3704	1251	1008.89	43	0.00314941	0.00307617	0.00703125	0	-0.161064
2467	28.4914	1929	1555.68	42	0.00307617	0.00307617	0.00703125	0	5.3068
2469	28.7335	1550	1250.03	44	0.00322266	0.00307617	0.00703125	0	2.25028
2460	27.6445	1477	1191.16	44	0.00322266	0.00307617	0.00703125	0	1.66156
2467	28.4914	1364	1100.02	45	0.0032959	0.00307617	0.00703125	0	0.750248
2477	29.7015	1969	1587.94	42	0.00307617	0.00307617	0.00703125	0	5.62939
2474	29.3385	1340	1080.67	45	0.0032959	0.00307617	0.00703125	0	0.556694
2470	28.8545	1703	1373.42	42	0.00307617	0.00307617	0.00703125	0	3.48418
2471	28.9755	1208	974.215	42	0.00307617	0.00307617	0.00703125	0	-0.507846
2473	29.2175	1959	1579.87	44	0.00322266	0.00307617	0.00703125	0	5.54874
2479	29.9435	1514	1221	42	0.00307617	0.00307617	0.00703125	0	1.95995
2472	29.0964	1386	1117.77	44	0.00322266	0.00307617	0.00703125	0	0.92767
2472	29.0964	1044	841.954	46	0.00336914	0.00307617	0.00703125	0	-1.83046
2476	29.5805	1853	1494.39	44	0.00322266	0.00307617	0.00703125	0	4.69388
2466	28.3704	1351	1089.54	45	0.0032959	0.00307617	0.00703125	0	0.645405
2467	28.4914	1379	1112.12	45	0.0032959	0.00307617	0.00703125	0	0.871218
2479	29.9435	995	802.437	43	0.00314941	0.00307617	0.00703125	0	-2.22563
2466	28.3704	1900	1532.29	42	0.00307617	0.00307617	0.00703125	0	5.07292
2472	29.0964	1362	1098.41	45	0.0032959	0.00307617	0.00703125	0	0.734117
2480	30.0646	1602	1291.96	43	0.00314941	0.00307617	0.00703125	0	2.66964
2468	28.6125	1181	952.441	44	0.00322266	0.00307617	0.00703125	0	-0.725593
2471	28.9755	1978	1595.2	49	0.00358887	0.00307617	0.00703125	0	5.70197
2480	30.0646	1248	1006.47	44	0.00322266	0.00307617	0.00703125	0	-0.185258
2471	28.9755	1399	1128.25	44	0.00322266	0.00307617	0.00703125	0	1.03251
2470	28.8545	1390	1120.99	43	0.00314941	0.00307617	0.00703125	0	0.959929
2482	30.3066	1790	1443.58	43	0.00314941	0.00307617	0.00703125	0	4.18581
2473	29.2175	1405	1133.09	44	0.00322266	0.00307617	0.00703125	0	1.0809
2477	29.7015	1408	1135.51	44	0.00322266	0.00307617	0.00703125	0	1.10509
2474	29.3385	1313	1058.89	44	0.00322266	0.00307617	0.00703125	0	0.338948
2467	28.4914	1740	1403.26	45	0.0032959	0.00307617	0.00703125	0	3.78257
2467	28.4914	1494	1204.87	45	0.0032959	0.00307617	0.00703125	0	1.79866
2478	29.8225	1652	1332.29	43	0.00314941	0.00307617	0.00703125	0	3.07288
2465	28.2494	1068	861.31	44	0.00322266	0.00307617	0.00703125	0	-1.6369
2460	27.6445	1252	1009.7	48	0.00351562	0.00307617	0.00703125	0	-0.152999
2464	28.1285	1225	987.925	43	0.00314941	0.00307617	0.00703125	0	-0.370746
2471	28.9755	1606	1295.19	45	0.0032959	0.00307617	0.00703125	0	2.7019
2461	27.7655	861	694.37	43	0.00314941	0.00307617	0.00703125	0	-3.3063
2465	28.2494	1318	1062.93	44	0.00322266	0.00307617	0.00703125	0	0.379271
2469	28.7335	1447	1166.96	45	0.0032959	0.00307617	0.00703125	0	1.41962
2468	28.6125	1329	1071.8	42	0.00307617	0.00307617	0.00703125	0	0.467983
2472	29.0964	1097	884.697	43	0.00314941	0.00307617	0.00703125	0	-1.40303
2468	28.6125	1443	1163.74	45	0.0032959	0.00307617	0.00703125	0	1.38736
2472	29.0964	1460	1177.45	44	0.00322266	0.00307617	0.00703125	0	1.52446
2470	28.8545	1214	979.054	43	0.00314941	0.00307617	0.00703125	0	-0.459457
2475	29.4595	953	768.566	45	0.0032959	0.00307617	0.00703125	0	-2.56434
2471	28.9755	1171	944.376	43	0.00314941	0.00307617	0.00703125	0	-0.80624
2472	29.0964	1257	1013.73	42	0.00307617	0.00307617	0.00703125	0	-0.112675
2461	27.7655	1212	977.441	45	0.0032959	0.00307617	0.00703125	0	-0.475587
2476	29.5805	933	752.436	43	0.00314941	0.00307617	0.00703125	0	-2.72564
2475	29.4595	1178	950.021	40	0.00292969	0.00307617	0.00703125	0	-0.749787
2476	29.5805	1433	1155.67	43	0.00314941	0.00307617	0.00703125	0	1.30671
2467	28.4914	1253	1010.51	41	0.00300293	0.00307617	0.00703125	0	-0.144935
2477	29.7015	1017	820.18	43	0.00314941	0.00307617	0.00703125	0	-2.0482
2465	28.2494	1202	969.377	44	0.00322266	0.00307617	0.00703125	0	-0.556234
2473	29.2175	1270	1024.22	44	0.00322266	0.00307617	0.00703125	0	-0.00783447
2462	27.8865	1348	1087.12	40	0.00292969	0.00307617	0.00703125	0	0.621212
2472	29.0964	943	760.501	44	0.00322266	0.00307617	0.00703125	0	-2.64499
2467	28.4914	1208	974.215	46	0.00336914	0.00307617	0.00703125	0	-0.507846
2472	29.0964	1234	995.184	42	0.00307617	0.00307617	0.00703125	0	-0.298163
2462	27.8865	1202	969.377	44	0.00322266	0.00307617	0.00703125	0	-0.556234
2473	29.2175	875	705.661	44	0.00322266	0.00307617	0.00703125	0	-3.19339
2479	29.9435	1054	850.019	43	0.00314941	0.00307617	0.00703125	0	-1.74981
2474	29.3385	1282	1033.89	48	0.00351562	0.00307617	0.00703125	0	0.0889416
2469	28.7335	1289	1039.54	45	0.0032959	0.00307617	0.00703125	0	0.145396
2473	29.2175	934	753.243	44	0.00322266	0.00307617	0.00703125	0	-2.71757
2466	28.3704	1008	812.921	40	0.00292969	0.00307617	0.00703125	0	-2.12079
2472	29.0964	1149	926.634	43	0.00314941	0.00307617	0.00703125	0	-0.983663
2475	29.4595	1091	879.858	41	0.00300293	0.00307617	0.00703125	0	-1.45142
2477	29.7015	914	737.113	43	0.00314941	0.00307617	0.00703125	0	-2.87887
2468	28.6125	1011	815.341	43	0.00314941	0.00307617	0.00703125	0	-2.09659
2477	29.7015	1124	906.472	42	0.00307617	0.00307617	0.00703125	0	-1.18528
2475	29.4595	986	795.179	44	0.00322266	0.00307617	0.00703125	0	-2.29821
2472	29.0964	924	745.178	42	0.00307617	0.00307617	0.00703125	0	-2.79822
2470	28.8545	1076	867.761	46	0.00336914	0.00307617	0.00703125	0	-1.57239
2466	28.3704	1016	819.373	43	0.00314941	0.00307617	0.00703125	0	-2.05627
2470	28.8545	1066	859.697	44	0.00322266	0.00307617	0.00703125	0	-1.65303
2470	28.8545	988	796.792	44	0.00322266	0.00307617	0.00703125	0	-2.28208
2474	29.3385	1067	860.503	41	0.00300293	0.00307617	0.00703125	0	-1.64497
2474	29.3385	1146	924.214	44	0.00322266	0.00307617	0.00703125	0	-1.00786
2473	29.2175	1119	902.44	41	0.00300293	0.00307617	0.00703125	0	-1.2256
2481	30.1856	790	637.111	44	0.00300293	0.00307617	0.00322266	0	-3.87889
2471	28.9755	24	19.3553	97	0.00300293	0.00307617	0.00710449	0	-10.0564
2472	29.0964	257	207.263	97	0.00300293	0.00307617	0.00710449	0	-8.17737
2476	29.5805	376	303.233	96	0.00300293	0.00307617	0.00703125	0	-7.21767
2470	28.8545	212	170.972	97	0.00300293	0.00307617	0.00710449	0	-8.54028
2479	29.9435	465	375.008	95	0.00300293	0.00307617	0.00695801	0	-6.49992
2466	28.3704	416	335.491	96	0.00300293	0.00307617	0.00703125	0	-6.89509
2470	28.8545	388	312.91	97	0.00300293	0.00307617	0.00710449	0	-7.1209
2479	29.9435	131	105.648	98	0.00300293	0.00307617	0.00717773	0	-9.19352
2478	29.8225	283	228.231	96	0.00300293	0.00307617	0.00703125	0	-7.96769
2479	29.9435	409	329.846	96	0.00300293	0.00307617	0.00703125	0	-6.95154
2473	29.2175	267	215.327	96	0.00300293	0.00307617	0.00703125	0	-8.09673
2475	29.4595	125	100.809	98	0.00300293	0.00307617	0.00717773	0	-9.24191
2473	29.2175	453	365.331	97	0.00300293	0.00307617	0.00710449	0	-6.59669
2473	29.2175	430	346.782	98	0.00300293	0.00307617	0.00717773	0	-6.78218
2478	29.8225	453	365.331	97	0.00300293	0.00307617	0.00710449	0	-6.59669
2478	29.8225	276	222.586	94	0.00300293	0.00307617	0.00688477	0	-8.02414
2477	29.7015	332	267.748	98	0.00300293	0.00307617	0.00717773	0	-7.57252
2471	28.9755	417	336.298	98	0.00300293	0.00307617	0.00717773	0	-6.88702
2471	28.9755	542	437.107	96	0.00300293	0.00307617	0.00703125	0	-5.87893
2473	29.2175	293	236.296	97	0.00300293	0.00307617	0.00710449	0	-7.88704
2470	28.8545	334	269.361	96	0.00300293	0.00307617	0.00703125	0	-7.55639
2468	28.6125	464	374.202	98	0.00300293	0.00307617	0.00717773	0	-6.50798
2475	29.4595	338	272.587	100	0.00300293	0.00307617	0.00732422	0	-7.52413
2475	29.4595	91	73.3887	97	0.00300293	0.00307617	0.00710449	0	-9.51611
2473	29.2175	425	342.75	95	0.00300293	0.00307617	0.00695801	0	-6.8225
2472	29.0964	513	413.719	97	0.00300293	0.00307617	0.00710449	0	-6.11281
2476	29.5805	456	367.75	98	0.00300293	0.00307617	0.00717773	0	-6.5725
2469	28.7335	248	200.005	96	0.00300293	0.00307617	0.00703125	0	-8.24996
2473	29.2175	574	462.914	97	0.00300293	0.00307617	0.00710449	0	-5.62086
2474	29.3385	601	484.688	97	0.00300293	0.00307617	0.00710449	0	-5.40312
2469	28.7335	490	395.17	96	0.00300293	0.00307617	0.00703125	0	-6.2983
2470	28.8545	337	271.78	96	0.00300293	0.00307617	0.00703125	0	-7.5322
2474	29.3385	450	362.911	96	0.00300293	0.00307617	0.00703125	0	-6.62089
2477	29.7015	464	374.202	94	0.00300293	0.00307617	0.00688477	0	-6.50798
2476	29.5805	510	411.3	100	0.00300293	0.00307617	0.00732422	0	-6.137
2473	29.2175	259	208.876	97	0.00300293	0.00307617	0.00710449	0	-8.16124
2469	28.7335	482	388.718	95	0.00300293	0.00307617	0.00695801	0	-6.36282
2474	29.3385	393	316.943	96	0.00300293	0.00307617	0.00703125	0	-7.08057
2473	29.2175	491	395.977	96	0.00300293	0.00307617	0.00703125	0	-6.29023
2472	29.0964	223	179.843	95	0.00300293	0.00307617	0.00695801	0	-8.45157
2477	29.7015	378	304.846	97	0.00300293	0.00307617	0.00710449	0	-7.20154
2478	29.8225	428	345.169	96	0.00300293	0.00307617	0.00703125	0	-6.79831
2472	29.0964	386	311.297	94	0.00300293	0.00307617	0.00688477	0	-7.13703
2477	29.7015	148	119.358	92	0.00300293	0.00307617	0.00673828	0	-9.05642
2469	28.7335	397	320.168	95	0.00300293	0.00307617	0.00695801	0	-7.04832
2468	28.6125	407	328.233	96	0.00300293	0.00307617	0.00703125	0	-6.96767
2473	29.2175	563	454.042	96	0.00300293	0.00307617	0.00703125	0	-5.70958
2472	29.0964	394	317.749	97	0.00300293	0.00307617	0.00710449	0	-7.07251
2470	28.8545	369	297.587	97	0.00300293	0.00307617	0.00710449	0	-7.27413
2470	28.8545	346	279.039	97	0.00300293	0.00307617	0.00710449	0	-7.45961
2469	28.7335	441	355.653	96	0.00300293	0.00307617	0.00703125	0	-6.69347
2471	28.9755	439	354.04	96	0.00300293	0.00307617	0.00703125	0	-6.7096
2475	29.4595	419	337.911	97	0.00300293	0.00307617	0.00710449	0	-6.87089
2472	29.0964	320	258.07	94	0.00300293	0.00307617	0.00688477	0	-7.6693
2478	29.8225	650	524.205	96	0.00300293	0.00307617	0.00703125	0	-5.00795
2473	29.2175	495	399.203	94	0.00300293	0.00307617	0.00688477	0	-6.25797
2469	28.7335	353	284.684	94	0.00300293	0.00307617	0.00688477	0	-7.40316
2468	28.6125	234	188.714	98	0.00300293	0.00307617	0.00717773	0	-8.36286
2466	28.3704	469	378.234	97	0.00300293	0.00307617	0.00710449	0	-6.46766
2474	29.3385	573	462.107	95	0.00300293	0.00307617	0.00695801	0	-5.62893
2475	29.4595	475	383.073	94	0.00300293	0.00307617	0.00688477	0	-6.41927
2472	29.0964	267	215.327	96	0.00300293	0.00307617	0.00703125	0	-8.09673
2471	28.9755	479	386.299	93	0.00300293	0.00307617	0.00681152	0	-6.38701
2468	28.6125	445	358.879	97	0.00300293	0.00307617	0.00710449	0	-6.66121
2473	29.2175	563	454.042	96	0.00300293	0.00307617	0.00703125	0	-5.70958
2475	29.4595	381	307.265	99	0.00300293	0.00307617	0.00725098	0	-7.17735
2478	29.8225	552	445.171	97	0.00300293	0.00307617	0.00710449	0	-5.79829
2468	28.6125	671	541.141	95	0.00300293	0.00307617	0.00695801	0	-4.83859
2472	29.0964	444	358.073	97	0.00300293	0.00307617	0.00710449	0	-6.66927
2474	29.3385	246	198.392	97	0.00300293	0.00307617	0.00710449	0	-8.26608
2473	29.2175	665	536.302	98	0.00300293	0.00307617	0.00717773	0	-4.88698
2478	29.8225	506	408.074	93	0.00300293	0.00307617	0.00681152	0	-6.16926
2470	28.8545	446	359.686	93	0.00300293	0.00307617	0.00681152	0	-6.65314
2471	28.9755	277	223.392	94	0.00300293	0.00307617	0.00688477	0	-8.01608
2468	28.6125	608	490.334	95	0.00300293	0.00307617	0.00695801	0	-5.34666
2476	29.5805	647	521.786	93	0.00300293	0.00307617	0.00681152	0	-5.03214
2473	29.2175	517	416.945	98	0.00300293	0.00307617	0.00717773	0	-6.08055
2472	29.0964	391	315.33	96	0.00300293	0.00307617	0.00703125	0	-7.0967
2474	29.3385	625	504.044	94	0.00300293	0.00307617	0.00688477	0	-5.20956
2469	28.7335	718	579.045	98	0.00300293	0.00307617	0.00717773	0	-4.45955
2474	29.3385	622	501.624	97	0.00300293	0.00307617	0.00710449	0	-5.23376
2479	29.9435	157	126.616	96	0.00300293	0.00307617	0.00703125	0	-8.98384
2470	28.8545	577	465.333	97	0.00300293	0.00307617	0.00710449	0	-5.59667
2475	29.4595	386	311.297	99	0.00300293	0.00307617	0.00725098	0	-7.13703
2470	28.8545	580	467.752	99	0.00300293	0.00307617	0.00725098	0	-5.57248
2477	29.7015	488	393.557	96	0.00300293	0.00307617	0.00703125	0	-6.31443
2471	28.9755	494	398.396	97	0.00300293	0.00307617	0.00710449	0	-6.26604
2472	29.0964	604	487.108	96	0.00300293	0.00307617	0.00703125	0	-5.37892
2471	28.9755	565	455.655	98	0.00300293	0.00307617	0.00717773	0	-5.69345
2472	29.0964	344	277.426	98	0.00300293	0.00307617	0.00717773	0	-7.47574
2471	28.9755	650	524.205	99	0.00300293	0.00307617	0.00725098	0	-5.00795
2476	29.5805	480	387.105	96	0.00300293	0.00307617	0.00703125	0	-6.37895
2469	28.7335	555	447.591	95	0.00300293	0.00307617	0.00695801	0	-5.77409
2468	28.6125	351	283.071	100	0.00300293	0.00307617	0.00732422	0	-7.41929
2476	29.5805	641	516.947	93	0.00300293	0.00307617	0.00681152	0	-5.08053
2474	29.3385	479	386.299	96	0.00703125	0.00307617	0.00681152	0	-6.38701
2475	29.4595	1454	1172.61	44	0.00322266	0.00307617	0.00681152	0	1.47607
2470	28.8545	1307	1054.06	43	0.00314941	0.00307617	0.00681152	0	0.290559
2477	29.7015	1526	1230.67	41	0.00300293	0.00307617	0.00681152	0	2.05673
2470	28.8545	1398	1127.44	44	0.00322266	0.00307617	0.00681152	0	1.02445
2475	29.4595	1424	1148.41	44	0.00322266	0.00307617	0.00681152	0	1.23413
2470	28.8545	1392	1122.61	43	0.00314941	0.00307617	0.00681152	0	0.976058
2469	28.7335	1456	1174.22	45	0.0032959	0.00307617	0.00681152	0	1.4922
2469	28.7335	1558	1256.48	43	0.00314941	0.00307617	0.00681152	0	2.3148
2474	29.3385	1498	1208.09	45	0.0032959	0.00307617	0.00681152	0	1.83092
2468	28.6125	1035	834.696	44	0.00322266	0.00307617	0.00681152	0	-1.90304
2472	29.0964	1433	1155.67	42	0.00307617	0.00307617	0.00681152	0	1.30671
2476	29.5805	1564	1261.32	41	0.00300293	0.00307617	0.00681152	0	2.36319
2472	29.0964	1288	1038.73	43	0.00314941	0.00307617	0.00681152	0	0.13733
2471	28.9755	1303	1050.83	44	0.00322266	0.00307617	0.00681152	0	0.258301
2469	28.7335	1305	1052.44	42	0.00307617	0.00307617	0.00681152	0	0.27443
2474	29.3385	1591	1283.09	47	0.00344238	0.00307617	0.00681152	0	2.58093
2477	29.7015	1309	1055.67	43	0.00314941	0.00307617	0.00681152	0	0.306689
2465	28.2494	1161	936.311	43	0.00314941	0.00307617	0.00681152	0	-0.886887
2472	29.0964	1467	1183.09	46	0.00336914	0.00307617	0.00681152	0	1.58091
2472	29.0964	1550	1250.03	43	0.00314941	0.00307617	0.00681152	0	2.25028
2479	29.9435	1354	1091.96	46	0.00336914	0.00307617	0.00681152	0	0.669601
2469	28.7335	1104	890.343	43	0.00314941	0.00307617	0.00681152	0	-1.34657
2472	29.0964	1344	1083.9	44	0.00322266	0.00307617	0.00681152	0	0.588954
2464	28.1285	1405	1133.09	42	0.00307617	0.00307617	0.00681152	0	1.0809
2482	30.3066	1453	1171.8	46	0.00336914	0.00307617	0.00681152	0	1.46801
2471	28.9755	1339	1079.86	45	0.0032959	0.00307617	0.00681152	0	0.54863
2473	29.2175	1430	1153.25	46	0.00336914	0.00307617	0.00681152	0	1.28252
2477	29.7015	1409	1136.32	44	0.00322266	0.00307617	0.00681152	0	1.11316
2471	28.9755	1382	1114.54	43	0.00314941	0.00307617	0.00681152	0	0.895411
2472	29.0964	1076	867.761	43	0.00314941	0.00307617	0.00681152	0	-1.57239
2465	28.2494	1332	1074.22	41	0.00300293	0.00307617	0.00681152	0	0.492177
2468	28.6125	1273	1026.64	43	0.00314941	0.00307617	0.00681152	0	0.0163599
2473	29.2175	1329	1071.8	43	0.00314941	0.00307617	0.00681152	0	0.467983
2467	28.4914	1149	926.634	43	0.00314941	0.00307617	0.00681152	0	-0.983663
2469	28.7335	1392	1122.61	43	0.00314941	0.00307617	0.00681152	0	0.976058
2473	29.2175	1466	1182.28	46	0.00336914	0.00307617	0.00681152	0	1.57285
2471	28.9755	1418	1143.57	43	0.00314941	0.00307617	0.00681152	0	1.18574
2468	28.6125	1153	929.86	44	0.00322266	0.00307617	0.00681152	0	-0.951404
2481	30.1856	1238	998.409	42	0.00307617	0.00307617	0.00681152	0	-0.265905
2475	29.4595	1194	962.925	43	0.00314941	0.00307617	0.00681152	0	-0.620751
2476	29.5805	1289	1039.54	43	0.00314941	0.00307617	0.00681152	0	0.145396
2473	29.2175	1140	919.375	42	0.00307617	0.00307617	0.00681152	0	-1.05625
2477	29.7015	1297	1045.99	45	0.0032959	0.00307617	0.00681152	0	0.209912
2476	29.5805	1457	1175.03	43	0.00314941	0.00307617	0.00681152	0	1.50026
2471	28.9755	1386	1117.77	44	0.00322266	0.00307617	0.00681152	0	0.92767
2478	29.8225	991	799.211	43	0.00314941	0.00307617	0.00681152	0	-2.25789
2458	27.4025	1186	956.473	42	0.00307617	0.00307617	0.00681152	0	-0.685269
2474	29.3385	1228	990.345	43	0.00314941	0.00307617	0.00681152	0	-0.346552
2465	28.2494	1284	1035.51	43	0.00314941	0.00307617	0.00681152	0	0.105072
2473	29.2175	1338	1079.06	46	0.00336914	0.00307617	0.00681152	0	0.540565
2474	29.3385	1317	1062.12	43	0.00314941	0.00307617	0.00681152	0	0.371206
2477	29.7015	1182	953.247	44	0.00322266	0.00307617	0.00681152	0	-0.717527
2474	29.3385	1265	1020.18	44	0.00322266	0.00307617	0.00681152	0	-0.048158
2464	28.1285	1387	1118.57	42	0.00307617	0.00307617	0.00681152	0	0.935735
2474	29.3385	1245	1004.05	43	0.00314941	0.00307617	0.00681152	0	-0.209452
2471	28.9755	1152	929.053	43	0.00314941	0.00307617	0.00681152	0	-0.959468
2470	28.8545	1129	910.504	44	0.00322266	0.00307617	0.00681152	0	-1.14496
2472	29.0964	1326	1069.38	43	0.00314941	0.00307617	0.00681152	0	0.443788
2472	29.0964	1322	1066.15	42	0.00307617	0.00307617	0.00681152	0	0.41153
2474	29.3385	1316	1061.31	43	0.00314941	0.00307617	0.00681152	0	0.363141
2476	29.5805	872	703.242	45	0.0032959	0.00307617	0.00681152	0	-3.21758
2468	28.6125	1428	1151.64	44	0.00322266	0.00307617	0.00681152	0	1.26639
2476	29.5805	1240	1000.02	44	0.00322266	0.00307617	0.00681152	0	-0.249775
2472	29.0964	1413	1139.54	42	0.00307617	0.00307617	0.00681152	0	1.14542
2473	29.2175	885	713.726	44	0.00322266	0.00307617	0.00681152	0	-3.11274
2467	28.4914	1304	1051.64	39	0.00285645	0.00307617	0.00681152	0	0.266366
2476	29.5805	1153	929.86	43	0.00314941	0.00307617	0.00681152	0	-0.951404
2473	29.2175	1341	1081.48	44	0.00322266	0.00307617	0.00681152	0	0.564758
2474	29.3385	785	633.079	42	0.00307617	0.00307617	0.00681152	0	-3.91921
2473	29.2175	1154	930.666	45	0.0032959	0.00307617	0.00681152	0	-0.943339
2476	29.5805	1300	1048.41	43	0.00314941	0.00307617	0.00681152	0	0.234106
2462	27.8865	1183	954.054	44	0.00322266	0.00307617	0.00681152	0	-0.709463
2476	29.5805	1136	916.15	43	0.00314941	0.00307617	0.00681152	0	-1.0885
2468	28.6125	1668	1345.19	42	0.00307617	0.00307617	0.00681152	0	3.20192
2469	28.7335	1240	1000.02	45	0.0032959	0.00307617	0.00681152	0	-0.249775
2466	28.3704	1392	1122.61	45	0.0032959	0.00307617	0.00681152	0	0.976058
2470	28.8545	992	800.018	45	0.0032959	0.00307617	0.00681152	0	-2.24982
2479	29.9435	1716	1383.9	43	0.00314941	0.00307617	0.00681152	0	3.58902
2468	28.6125	1109	894.375	43	0.00314941	0.00307617	0.00681152	0	-1.30625
2474	29.3385	1326	1069.38	43	0.00314941	0.00307617	0.00681152	0	0.443788
2468	28.6125	1040	838.729	42	0.00307617	0.00307617	0.00681152	0	-1.86271
2473	29.2175	1732	1396.81	43	0.00314941	0.00307617	0.00681152	0	3.71806
2476	29.5805	1063	857.277	42	0.00307617	0.00307617	0.00681152	0	-1.67723
2464	28.1285	1226	988.732	41	0.00300293	0.00307617	0.00681152	0	-0.362681
2470	28.8545	1026	827.438	43	0.00314941	0.00307617	0.00681152	0	-1.97562
2475	29.4595	1442	1162.93	44	0.00322266	0.00307617	0.00681152	0	1.37929
2468	28.6125	1196	964.538	43	0.00314941	0.00307617	0.00681152	0	-0.604622
2470	28.8545	1217	981.474	44	0.00322266	0.00307617	0.00681152	0	-0.435263
2472	29.0964	1078	869.374	43	0.00314941	0.00307617	0.00681152	0	-1.55626
2480	30.0646	1528	1232.29	48	0.00351562	0.00307617	0.00681152	0	2.07286
2469	28.7335	1189	958.893	45	0.0032959	0.00307617	0.00681152	0	-0.661075
2470	28.8545	1099	886.31	44	0.00322266	0.00307617	0.00681152	0	-1.3869
2468	28.6125	1030	830.664	43	0.00314941	0.00307617	0.00681152	0	-1.94336
2472	29.0964	1568	1264.54	45	0.0032959	0.00307617	0.00681152	0	2.39545
2470	28.8545	1178	950.021	43	0.00314941	0.00307617	0.00681152	0	-0.749787
2479	29.9435	1359	1095.99	42	0.00314941	0.00307617	0.00681152	0	0.709924
2468	28.6125	958	772.598	44	0.00314941	0.00322266	0.00681152	0	-2.52402
2477	29.7015	1458	1175.83	41	0.00314941	0.00300293	0.00681152	0	1.50833
2469	28.7335	1027	828.244	42	0.00314941	0.00307617	0.00681152	0	-1.96756
2467	28.4914	1038	837.116	44	0.00314941	0.00322266	0.00681152	0	-1.87884
2474	29.3385	1065	858.89	44	0.00314941	0.00322266	0.00681152	0	-1.6611
2470	28.8545	1480	1193.58	43	0.00314941	0.00314941	0.00681152	0	1.68575
2472	29.0964	1165	939.537	44	0.00314941	0.00322266	0.00681152	0	-0.854628
2469	28.7335	1090	879.052	44	0.00314941	0.00322266	0.00681152	0	-1.45948
2478	29.8225	909	733.081	41	0.00314941	0.00300293	0.00681152	0	-2.91919
2475	29.4595	1621	1307.29	43	0.00314941	0.00314941	0.00681152	0	2.82287
2471	28.9755	1089	878.246	43	0.00314941	0.00314941	0.00681152	0	-1.46754
2471	28.9755	1121	904.053	42	0.00314941	0.00307617	0.00681152	0	-1.20947
2469	28.7335	1064	858.084	44	0.00314941	0.00322266	0.00681152	0	-1.66916
2472	29.0964	1509	1216.96	45	0.00314941	0.0032959	0.00681152	0	1.91963
2468	28.6125	1007	812.115	45	0.00314941	0.0032959	0.00681152	0	-2.12885
2477	29.7015	1266	1020.99	43	0.00314941	0.00314941	0.00681152	0	-0.040094
2478	29.8225	1088	877.439	45	0.00314941	0.0032959	0.00681152	0	-1.47561
2474	29.3385	1387	1118.57	43	0.00314941	0.00314941	0.00681152	0	0.935735
2473	29.2175	1014	817.76	45	0.00314941	0.0032959	0.00681152	0	-2.0724
2478	29.8225	1222	985.506	43	0.00314941	0.00314941	0.00681152	0	-0.39494
2469	28.7335	1116	900.02	42	0.00314941	0.00307617	0.00681152	0	-1.2498
2465	28.2494	1628	1312.93	46	0.00314941	0.00336914	0.00681152	0	2.87933
2474	29.3385	1064	858.084	45	0.00314941	0.0032959	0.00681152	0	-1.66916
2471	28.9755	1079	870.181	44	0.00314941	0.00322266	0.00681152	0	-1.54819
2467	28.4914	993	800.824	44	0.00314941	0.00322266	0.00681152	0	-2.24176
2474	29.3385	1451	1170.19	44	0.00314941	0.00322266	0.00681152	0	1.45187
2471	28.9755	1089	878.246	40	0.00314941	0.00292969	0.00681152	0	-1.46754
2470	28.8545	1209	975.022	43	0.00314941	0.00314941	0.00681152	0	-0.499781
2478	29.8225	914	737.113	42	0.00314941	0.00307617	0.00681152	0	-2.87887
2464	28.1285	1413	1139.54	42	0.00314941	0.00307617	0.00681152	0	1.14542
2464	28.1285	987	795.986	48	0.00314941	0.00351562	0.00681152	0	-2.29014
2470	28.8545	1047	844.374	44	0.00314941	0.00322266	0.00681152	0	-1.80626
2470	28.8545	950	766.146	43	0.00314941	0.00314941	0.00681152	0	-2.58854
2472	29.0964	1482	1195.19	46	0.00314941	0.00336914	0.00681152	0	1.70188
2471	28.9755	1085	875.02	42	0.00314941	0.00307617	0.00681152	0	-1.4998
2468	28.6125	1174	946.795	43	0.00314941	0.00314941	0.00681152	0	-0.782045
2463	28.0075	1044	841.954	43	0.00314941	0.00314941	0.00681152	0	-1.83046
2476	29.5805	1524	1229.06	43	0.00314941	0.00314941	0.00681152	0	2.0406
2470	28.8545	1133	913.73	42	0.00314941	0.00307617	0.00681152	0	-1.1127
2466	28.3704	1079	870.181	42	0.00314941	0.00307617	0.00681152	0	-1.54819
2474	29.3385	938	756.469	44	0.00314941	0.00322266	0.00681152	0	-2.68531
2471	28.9755	1582	1275.84	43	0.00314941	0.00314941	0.00681152	0	2.50835
2481	30.1856	1082	872.6	45	0.00314941	0.0032959	0.00681152	0	-1.524
2466	28.3704	1159	934.698	44	0.00314941	0.00322266	0.00681152	0	-0.903016
2469	28.7335	1046	843.567	43	0.00314941	0.00314941	0.00681152	0	-1.81433
2479	29.9435	1587	1279.87	44	0.00314941	0.00322266	0.00681152	0	2.54867
2468	28.6125	1192	961.312	42	0.00314941	0.00307617	0.00681152	0	-0.636881
2475	29.4595	827	666.951	45	0.00314941	0.0032959	0.00681152	0	-3.58049
2458	27.4025	1185	955.667	42	0.00314941	0.00307617	0.00681152	0	-0.693334
2469	28.7335	1198	966.151	43	0.00314941	0.00314941	0.00681152	0	-0.588493
2481	30.1856	1074	866.148	43	0.00314941	0.00314941	0.00681152	0	-1.58852
2460	27.6445	737	594.368	43	0.00314941	0.00314941	0.00681152	0	-4.30632
2475	29.4595	1065	858.89	44	0.00314941	0.00322266	0.00681152	0	-1.6611
2471	28.9755	1121	904.053	43	0.00314941	0.00314941	0.00681152	0	-1.20947
2472	29.0964	1302	1050.02	44	0.00314941	0.00322266	0.00681152	0	0.250236
2468	28.6125	698	562.916	44	0.00314941	0.00322266	0.00681152	0	-4.62084
2476	29.5805	1235	995.99	42	0.00314941	0.00307617	0.00681152	0	-0.290099
2473	29.2175	1136	916.15	44	0.00314941	0.00322266	0.00681152	0	-1.0885
2471	28.9755	1132	912.924	47	0.00314941	0.00344238	0.00681152	0	-1.12076
2476	29.5805	826	666.144	43	0.00314941	0.00314941	0.00681152	0	-3.58856
2470	28.8545	953	768.566	42	0.00314941	0.00307617	0.00681152	0	-2.56434
2474	29.3385	1247	1005.67	44	0.00314941	0.00322266	0.00681152	0	-0.193322
2473	29.2175	1187	957.28	43	0.00314941	0.00314941	0.00681152	0	-0.677204
2474	29.3385	789	636.305	41	0.00314941	0.00300293	0.00681152	0	-3.88695
2477	29.7015	1114	898.407	45	0.00314941	0.0032959	0.00681152	0	-1.26593
2469	28.7335	1169	942.763	41	0.00314941	0.00300293	0.00681152	0	-0.822369
2476	29.5805	1161	936.311	45	0.00314941	0.0032959	0.00681152	0	-0.886887
2477	29.7015	916	738.726	43	0.00314941	0.00314941	0.00681152	0	-2.86274
2468	28.6125	1108	893.568	43	0.00314941	0.00314941	0.00681152	0	-1.31432
2476	29.5805	1173	945.989	43	0.00314941	0.00314941	0.00681152	0	-0.79011
2478	29.8225	1267	1021.8	44	0.00314941	0.00322266	0.00681152	0	-0.0320282
2469	28.7335	732	590.336	44	0.00314941	0.00322266	0.00681152	0	-4.34664
2477	29.7015	1124	906.472	44	0.00314941	0.00322266	0.00681152	0	-1.18528
2474	29.3385	1134	914.537	45	0.00314941	0.0032959	0.00681152	0	-1.10463
2472	29.0964	1311	1057.28	43	0.00314941	0.00314941	0.00681152	0	0.322817
2476	29.5805	990	798.405	43	0.00314941	0.00314941	0.00681152	0	-2.26595
2465	28.2494	1149	926.634	44	0.00314941	0.00322266	0.00681152	0	-0.983663
2471	28.9755	1016	819.373	43	0.00314941	0.00314941	0.00681152	0	-2.05627
2471	28.9755	1185	955.667	43	0.00314941	0.00314941	0.00681152	0	-0.693334
2472	29.0964	725	584.691	44	0.00314941	0.00322266	0.00681152	0	-4.40309
2476	29.5805	959	773.404	45	0.00314941	0.0032959	0.00681152	0	-2.51596
2466	28.3704	1028	829.051	47	0.00314941	0.00344238	0.00681152	0	-1.95949
2474	29.3385	977	787.921	43	0.00314941	0.00314941	0.00681152	0	-2.37079
2462	27.8865	392	316.136	49	0.00314941	0.00358887	0.00681152	0	-7.08864
2470	28.8545	754	608.078	41	0.00314941	0.00300293	0.00681152	0	-4.16922
2471	28.9755	828	667.757	44	0.00314941	0.00322266	0.00681152	0	-3.57243
2471	28.9755	864	696.79	43	0.00314941	0.00314941	0.00681152	0	-3.2821
2472	29.0964	190	153.229	43	0.00314941	0.00314941	0.00681152	0	-8.71771
2469	28.7335	496	400.009	43	0.00314941	0.00314941	0.00681152	0	-6.24991
2473	29.2175	596	480.656	44	0.00314941	0.00322266	0.00681152	0	-5.44344
2471	28.9755	666	537.109	44	0.00314941	0.00322266	0.00681152	0	-4.87891
2474	29.3385	0	0	42	0.00314941	0.00307617	0.00681152	0	-10.25
2473	29.2175	581	468.559	49	0.00314941	0.00358887	0.00681152	0	-5.56441
2471	28.9755	578	466.139	40	0.00314941	0.00292969	0.00681152	0	-5.5886
2466	28.3704	708	570.981	44	0.00314941	0.00322266	0.00681152	0	-4.54019
2481	30.1856	316	254.844	44	0.00322266	0.00322266	0.00681152	0	-7.70156
2472	29.0964	590	475.817	44	0.00322266	0.00322266	0.00681152	0	-5.49183
2480	30.0646	660	532.27	45	0.0032959	0.00322266	0.00681152	0	-4.9273
2471	28.9755	927	747.597	43	0.00314941	0.00322266	0.00681152	0	-2.77403
2480	30.0646	356	287.103	42	0.00307617	0.00322266	0.00681152	0	-7.37897
2476	29.5805	776	625.82	44	0.00322266	0.00322266	0.00681152	0	-3.9918
2473	29.2175	717	578.239	42	0.00307617	0.00322266	0.00681152	0	-4.46761
2466	28.3704	822	662.918	42	0.00307617	0.00322266	0.00681152	0	-3.62082
2478	29.8225	356	287.103	45	0.0032959	0.00322266	0.00681152	0	-7.37897
2470	28.8545	770	620.982	44	0.00322266	0.00322266	0.00681152	0	-4.04018
2469	28.7335	699	563.722	44	0.00322266	0.00322266	0.00681152	0	-4.61278
2467	28.4914	760	612.917	42	0.00307617	0.00322266	0.00681152	0	-4.12083
2471	28.9755	154	124.196	47	0.00344238	0.00322266	0.00681152	0	-9.00804
2472	29.0964	598	482.269	42	0.00307617	0.00322266	0.00681152	0	-5.42731
2468	28.6125	725	584.691	44	0.00322266	0.00322266	0.00681152	0	-4.40309
2483	30.4276	764	616.143	42	0.00307617	0.00322266	0.00681152	0	-4.08857
2477	29.7015	138	111.293	44	0.00322266	0.00322266	0.00681152	0	-9.13707
2472	29.0964	508	409.687	48	0.00351562	0.00322266	0.00681152	0	-6.15313
2475	29.4595	687	554.045	44	0.00322266	0.00322266	0.00681152	0	-4.70955
2477	29.7015	833	671.789	44	0.00322266	0.00322266	0.00681152	0	-3.53211
2472	29.0964	186	150.003	43	0.00314941	0.00322266	0.00681152	0	-8.74997
2464	28.1285	345	278.232	44	0.00322266	0.00322266	0.00681152	0	-7.46768
2467	28.4914	612	493.559	41	0.00300293	0.00322266	0.00681152	0	-5.31441
2472	29.0964	576	464.527	42	0.00307617	0.00322266	0.00681152	0	-5.60473
2476	29.5805	122	98.3893	44	0.00322266	0.00322266	0.00681152	0	-9.26611
2473	29.2175	445	358.879	43	0.00314941	0.00322266	0.00681152	0	-6.66121
2471	28.9755	373	300.813	42	0.00307617	0.00322266	0.00681152	0	-7.24187
2472	29.0964	624	503.237	45	0.0032959	0.00322266	0.00681152	0	-5.21763
2475	29.4595	53	42.7429	47	0.00344238	0.00322266	0.00681152	0	-9.82257
2476	29.5805	397	320.168	43	0.00314941	0.00322266	0.00681152	0	-7.04832
2473	29.2175	528	425.816	45	0.0032959	0.00322266	0.00681152	0	-5.99184
2476	29.5805	666	537.109	43	0.00314941	0.00322266	0.00681152	0	-4.87891
2481	30.1856	74	59.6788	42	0.00307617	0.00322266	0.00681152	0	-9.65321
2471	28.9755	471	379.847	45	0.0032959	0.00322266	0.00681152	0	-6.45153
2468	28.6125	542	437.107	43	0.00314941	0.00322266	0.00681152	0	-5.87893
2473	29.2175	547	441.139	45	0.0032959	0.00322266	0.00681152	0	-5.83861
2470	28.8545	147	118.551	45	0.0032959	0.00322266	0.00681152	0	-9.06449
2471	28.9755	259	208.876	43	0.00314941	0.00322266	0.00681152	0	-8.16124
2466	28.3704	528	425.816	42	0.00307617	0.00322266	0.00681152	0	-5.99184
2482	30.3066	718	579.045	45	0.0032959	0.00322266	0.00681152	0	-4.45955
2474	29.3385	0	0	44	0.00322266	0.00322266	0.00681152	0	-10.25
2476	29.5805	302	243.554	43	0.00314941	0.00322266	0.00681152	0	-7.81446
2471	28.9755	391	315.33	49	0.00358887	0.00322266	0.00681152	0	-7.0967
2477	29.7015	722	582.271	41	0.00300293	0.00322266	0.00681152	0	-4.42729
2478	29.8225	0	0	44	0.00322266	0.00322266	0.00681152	0	-10.25
2472	29.0964	355	286.297	43	0.00314941	0.00322266	0.00681152	0	-7.38703
2472	29.0964	628	506.463	44	0.00322266	0.00322266	0.00681152	0	-5.18537
2476	29.5805	330	266.135	44	0.00322266	0.00322266	0.00681152	0	-7.58865
2474	29.3385	384	309.684	43	0.00314941	0.00322266	0.00681152	0	-7.15316
2472	29.0964	881	710.5	43	0.00314941	0.00322266	0.00681152	0	-3.145
2470	28.8545	504	406.461	46	0.00336914	0.00322266	0.00681152	0	-6.18539
2478	29.8225	427	344.363	41	0.00300293	0.00322266	0.00681152	0	-6.80637
2476	29.5805	432	348.395	44	0.00322266	0.00322266	0.00681152	0	-6.76605
2467	28.4914	930	750.017	47	0.00344238	0.00322266	0.00681152	0	-2.74983
2465	28.2494	542	437.107	44	0.00322266	0.00322266	0.00681152	0	-5.87893
2469	28.7335	473	381.46	45	0.0032959	0.00322266	0.00681152	0	-6.4354
2466	28.3704	239	192.746	44	0.00322266	0.00322266	0.00681152	0	-8.32254
2469	28.7335	982	791.953	44	0.00322266	0.00322266	0.00681152	0	-2.33047
2478	29.8225	428	345.169	40	0.00292969	0.00322266	0.00681152	0	-6.79831
2468	28.6125	539	434.687	45	0.0032959	0.00322266	0.00681152	0	-5.90313
2470	28.8545	398	320.975	42	0.00307617	0.00322266	0.00681152	0	-7.04025
2480	30.0646	953	768.566	43	0.00314941	0.00322266	0.00681152	0	-2.56434
2472	29.0964	675	544.367	42	0.00307617	0.00322266	0.00681152	0	-4.80633
2473	29.2175	591	476.624	42	0.00307617	0.00322266	0.00681152	0	-5.48376
2471	28.9755	471	379.847	47	0.00344238	0.00322266	0.00681152	0	-6.45153
2473	29.2175	801	645.982	45	0.0032959	0.00322266	0.00681152	0	-3.79018
2475	29.4595	670	540.335	45	0.0032959	0.00322266	0.00681152	0	-4.84665
2477	29.7015	496	400.009	44	0.00322266	0.00322266	0.00681152	0	-6.24991
2470	28.8545	408	329.04	44	0.00322266	0.00322266	0.00681152	0	-6.9596
2459	27.5235	869	700.822	45	0.0032959	0.00322266	0.00681152	0	-3.24178
2466	28.3704	515	415.332	43	0.00314941	0.00322266	0.00681152	0	-6.09668
2478	29.8225	554	446.784	44	0.00322266	0.00322266	0.00681152	0	-5.78216
2476	29.5805	455	366.944	44	0.00322266	0.00322266	0.00681152	0	-6.58056
2472	29.0964	888	716.145	44	0.00322266	0.00322266	0.00681152	0	-3.08855
2470	28.8545	602	485.495	45	0.0032959	0.00322266	0.00681152	0	-5.39505
2469	28.7335	616	496.785	45	0.0032959	0.00322266	0.00681152	0	-5.28215
2468	28.6125	349	281.458	44	0.00322266	0.00322266	0.00681152	0	-7.43542
2474	29.3385	1026	827.438	41	0.00300293	0.00322266	0.00681152	0	-1.97562
2470	28.8545	577	465.333	47	0.00344238	0.00322266	0.00681152	0	-5.59667
2468	28.6125	491	395.977	42	0.00307617	0.00322266	0.00681152	0	-6.29023
2474	29.3385	302	243.554	44	0.00322266	0.00322266	0.00681152	0	-7.81446
2469	28.7335	510	411.3	43	0.00314941	0.00322266	0.00681152	0	-6.137
2473	29.2175	652	525.818	43	0.00314941	0.00322266	0.00681152	0	-4.99182
2472	29.0964	429	345.975	43	0.00314941	0.00322266	0.00681152	0	-6.79025
2473	29.2175	533	429.848	43	0.00314941	0.00322266	0.00681152	0	-5.95152
2476	29.5805	1001	807.276	44	0.00322266	0.00322266	0.00681152	0	-2.17724
2473	29.2175	494	398.396	40	0.00292969	0.00322266	0.00681152	0	-6.26604
2474	29.3385	448	361.298	44	0.00322266	0.00322266	0.00681152	0	-6.63702
2479	29.9435	579	466.946	43	0.00314941	0.00322266	0.00681152	0	-5.58054
2474	29.3385	994	801.631	45	0.0032959	0.00322266	0.00681152	0	-2.23369
2468	28.6125	587	473.398	44	0.00322266	0.00322266	0.00681152	0	-5.51602
2474	29.3385	539	434.687	44	0.00322266	0.00322266	0.00681152	0	-5.90313
2474	29.3385	578	466.139	44	0.00322266	0.00322266	0.00681152	0	-5.5886
2472	29.0964	948	764.533	44	0.00322266	0.00322266	0.00681152	0	-2.60467
2477	29.7015	646	520.979	42	0.00307617	0.00322266	0.00681152	0	-5.04021
2468	28.6125	479	386.299	43	0.00314941	0.00322266	0.00681152	0	-6.38701
2472	29.0964	502	404.848	45	0.00314941	0.00322266	0.0032959	0	-6.20152
2469	28.7335	141	113.712	97	0.00314941	0.00322266	0.00710449	0	-9.11288
2473	29.2175	347	279.845	94	0.00314941	0.00322266	0.00688477	0	-7.45155
2469	28.7335	283	228.231	97	0.00314941	0.00322266	0.00710449	0	-7.96769
2472	29.0964	398	320.975	97	0.00314941	0.00322266	0.00710449	0	-7.04025
2470	28.8545	679	547.593	96	0.00314941	0.00322266	0.00703125	0	-4.77407
2477	29.7015	405	326.62	98	0.00314941	0.00322266	0.00717773	0	-6.9838
2469	28.7335	520	419.364	95	0.00314941	0.00322266	0.00695801	0	-6.05636
2469	28.7335	391	315.33	97	0.00314941	0.00322266	0.00710449	0	-7.0967
2476	29.5805	757	610.498	95	0.00314941	0.00322266	0.00695801	0	-4.14502
2470	28.8545	528	425.816	99	0.00314941	0.00322266	0.00725098	0	-5.99184
2466	28.3704	354	285.49	99	0.00314941	0.00322266	0.00725098	0	-7.3951
2473	29.2175	462	372.589	95	0.00314941	0.00322266	0.00695801	0	-6.52411
2468	28.6125	519	418.558	97	0.00314941	0.00322266	0.00710449	0	-6.06442
2471	28.9755	1037	836.309	95	0.00314941	0.00322266	0.00695801	0	-1.88691
2473	29.2175	470	379.041	98	0.00314941	0.00322266	0.00717773	0	-6.45959
2470	28.8545	424	341.943	97	0.00314941	0.00322266	0.00710449	0	-6.83057
2479	29.9435	466	375.815	98	0.00314941	0.00322266	0.00717773	0	-6.49185
2473	29.2175	916	738.726	96	0.00314941	0.00322266	0.00703125	0	-2.86274
2472	29.0964	417	336.298	98	0.00314941	0.00322266	0.00717773	0	-6.88702
2472	29.0964	543	437.913	95	0.00314941	0.00322266	0.00695801	0	-5.87087
2473	29.2175	608	490.334	96	0.00314941	0.00322266	0.00703125	0	-5.34666
2472	29.0964	971	783.082	102	0.00314941	0.00322266	0.0074707	0	-2.41918
2472	29.0964	489	394.364	97	0.00314941	0.00322266	0.00710449	0	-6.30636
2471	28.9755	517	416.945	97	0.00314941	0.00322266	0.00710449	0	-6.08055
2468	28.6125	631	508.882	95	0.00314941	0.00322266	0.00695801	0	-5.16118
2475	29.4595	957	771.792	97	0.00314941	0.00322266	0.00710449	0	-2.53208
2475	29.4595	45	36.2911	92	0.00314941	0.00322266	0.00673828	0	-9.88709
2478	29.8225	626	504.85	95	0.00314941	0.00322266	0.00695801	0	-5.2015
2480	30.0646	407	328.233	95	0.00314941	0.00322266	0.00695801	0	-6.96767
2477	29.7015	761	613.723	95	0.00314941	0.00322266	0.00695801	0	-4.11277
2472	29.0964	167	134.68	97	0.00314941	0.00322266	0.00710449	0	-8.9032
2471	28.9755	642	517.754	95	0.00314941	0.00322266	0.00695801	0	-5.07246
2471	28.9755	625	504.044	95	0.00314941	0.00322266	0.00695801	0	-5.20956
2468	28.6125	869	700.822	95	0.00314941	0.00322266	0.00695801	0	-3.24178
2474	29.3385	0	0	96	0.00314941	0.00322266	0.00703125	0	-10.25
2471	28.9755	528	425.816	98	0.00314941	0.00322266	0.00717773	0	-5.99184
2479	29.9435	469	378.234	99	0.00314941	0.00322266	0.00725098	0	-6.46766
2468	28.6125	1029	829.857	97	0.00314941	0.00322266	0.00710449	0	-1.95143
2471	28.9755	200	161.294	97	0.00314941	0.00322266	0.00710449	0	-8.63706
2474	29.3385	647	521.786	97	0.00314941	0.00322266	0.00710449	0	-5.03214
2471	28.9755	604	487.108	98	0.00314941	0.00322266	0.00717773	0	-5.37892
2480	30.0646	895	721.79	93	0.00314941	0.00322266	0.00681152	0	-3.0321
2468	28.6125	86	69.3564	94	0.00314941	0.00322266	0.00688477	0	-9.55644
2474	29.3385	551	444.365	96	0.00314941	0.00322266	0.00703125	0	-5.80635
2466	28.3704	738	595.175	96	0.00314941	0.00322266	0.00703125	0	-4.29825
2473	29.2175	1076	867.761	94	0.00314941	0.00322266	0.00688477	0	-1.57239
2477	29.7015	864	696.79	98	0.00314941	0.00322266	0.00717773	0	-3.2821
2478	29.8225	410	330.653	96	0.00314941	0.00322266	0.00703125	0	-6.94347
2468	28.6125	738	595.175	96	0.00314941	0.00322266	0.00703125	0	-4.29825
2475	29.4595	805	649.208	99	0.00314941	0.00322266	0.00725098	0	-3.75792
2471	28.9755	917	739.533	96	0.00314941	0.00322266	0.00703125	0	-2.85467
2470	28.8545	488	393.557	94	0.00314941	0.00322266	0.00688477	0	-6.31443
2477	29.7015	764	616.143	97	0.00314941	0.00322266	0.00710449	0	-4.08857
2472	29.0964	941	758.888	98	0.00314941	0.00322266	0.00717773	0	-2.66112
2473	29.2175	894	720.984	96	0.00314941	0.00322266	0.00703125	0	-3.04016
2477	29.7015	348	280.651	96	0.00314941	0.00322266	0.00703125	0	-7.44349
2468	28.6125	718	579.045	96	0.00314941	0.00322266	0.00703125	0	-4.45955
2470	28.8545	629	507.269	96	0.00314941	0.00322266	0.00703125	0	-5.17731
2473	29.2175	687	554.045	96	0.00314941	0.00322266	0.00703125	0	-4.70955
2468	28.6125	392	316.136	95	0.00314941	0.00322266	0.00695801	0	-7.08864
2475	29.4595	621	500.818	93	0.00314941	0.00322266	0.00681152	0	-5.24182
2469	28.7335	650	524.205	95	0.00314941	0.00322266	0.00695801	0	-5.00795
2471	28.9755	642	517.754	96	0.00314941	0.00322266	0.00703125	0	-5.07246
2477	29.7015	212	170.972	97	0.00314941	0.00322266	0.00710449	0	-8.54028
2477	29.7015	610	491.947	96	0.00314941	0.00322266	0.00703125	0	-5.33053
2471	28.9755	635	512.108	98	0.00314941	0.00322266	0.00717773	0	-5.12892
2477	29.7015	507	408.88	97	0.00314941	0.00322266	0.00710449	0	-6.1612
2469	28.7335	225	181.456	94	0.00314941	0.00322266	0.00688477	0	-8.43544
2470	28.8545	331	266.941	96	0.00314941	0.00322266	0.00703125	0	-7.58058
2475	29.4595	270	217.747	96	0.00314941	0.00322266	0.00703125	0	-8.07253
2472	29.0964	454	366.137	94	0.00314941	0.00322266	0.00688477	0	-6.58863
2478	29.8225	125	100.809	96	0.00314941	0.00322266	0.00703125	0	-9.24191
2477	29.7015	286	230.65	96	0.00314941	0.00322266	0.00703125	0	-7.9435
2474	29.3385	506	408.074	100	0.00314941	0.00322266	0.00732422	0	-6.16926
2479	29.9435	457	368.557	99	0.00314941	0.00322266	0.00725098	0	-6.56443
2470	28.8545	166	133.874	96	0.00314941	0.00322266	0.00703125	0	-8.91126
2472	29.0964	350	282.264	97	0.00314941	0.00322266	0.00710449	0	-7.42736
2478	29.8225	359	289.523	97	0.00314941	0.00322266	0.00710449	0	-7.35477
2474	29.3385	423	341.137	96	0.00314941	0.00322266	0.00703125	0	-6.83863
2473	29.2175	110	88.7117	96	0.00314941	0.00322266	0.00703125	0	-9.36288
2468	28.6125	483	389.525	95	0.00314941	0.00322266	0.00695801	0	-6.35475
2477	29.7015	408	329.04	97	0.00314941	0.00322266	0.00710449	0	-6.9596
2473	29.2175	312	251.619	96	0.00314941	0.00322266	0.00703125	0	-7.73381
2477	29.7015	127	102.422	97	0.00314941	0.00322266	0.00710449	0	-9.22578
2469	28.7335	321	258.877	99	0.00314941	0.00322266	0.00725098	0	-7.66123
2472	29.0964	489	394.364	98	0.00314941	0.00322266	0.00717773	0	-6.30636
2472	29.0964	551	444.365	95	0.00314941	0.00322266	0.00695801	0	-5.80635
2477	29.7015	23	18.5488	95	0.00314941	0.00322266	0.00695801	0	-10.0645
2468	28.6125	425	342.75	94	0.00314941	0.00322266	0.00688477	0	-6.8225
2477	29.7015	434	350.008	97	0.00314941	0.00322266	0.00710449	0	-6.74992
2478	29.8225	126	101.615	98	0.00314941	0.00322266	0.00717773	0	-9.23385
2471	28.9755	126	101.615	96	0.00314941	0.00322266	0.00703125	0	-9.23385
2471	28.9755	337	271.78	96	0.00314941	0.00322266	0.00703125	0	-7.5322
2474	29.3385	466	375.815	96	0.00314941	0.00322266	0.00703125	0	-6.49185
2477	29.7015	596	480.656	98	0.00314941	0.00322266	0.00717773	0	-5.44344
2481	30.1856	123	99.1958	98	0.00717773	0.00322266	0.00717773	0	-9.25804
2478	29.8225	1297	1045.99	42	0.00307617	0.00322266	0.00717773	0	0.209912
2471	28.9755	1438	1159.7	44	0.00322266	0.00322266	0.00717773	0	1.34703
2475	29.4595	1447	1166.96	43	0.00314941	0.00322266	0.00717773	0	1.41962
2468	28.6125	1042	840.341	43	0.00314941	0.00322266	0.00717773	0	-1.84659
