#Temperatur		Druck		Absorbtion	ohne LED	Blau	IR		Echolot		Messpunkte: 100/s	LEDZeit: 2/s
2468	28.6125	180	145.165	42	0.00307617	0	0	0	-8.79835
2476	29.5805	136	109.68	40	0.00292969	0	0	0	-9.1532
2468	28.6125	144	116.132	41	0.00300293	0	0	0	-9.08868
2473	29.2175	63	50.8076	38	0.0027832	0	0	0	-9.74192
2473	29.2175	0	0	40	0.00292969	0	0	0	-10.25
2477	29.7015	174	140.326	41	0.00300293	0	0	0	-8.84674
2459	27.5235	116	93.5505	42	0.00307617	0	0	0	-9.3145
2468	28.6125	86	69.3564	42	0.00307617	0	0	0	-9.55644
2474	29.3385	140	112.906	39	0.00285645	0	0	0	-9.12094
2466	28.3704	156	125.809	39	0.00285645	0	0	0	-8.99191
2475	29.4595	14	11.2906	41	0.00300293	0	0	0	-10.1371
2474	29.3385	302	243.554	42	0.00307617	0	0	0	-7.81446
2468	28.6125	126	101.615	41	0.00300293	0	0	0	-9.23385
2474	29.3385	262	211.295	41	0.00300293	0	0	0	-8.13705
2473	29.2175	153	123.39	41	0.00300293	0	0	0	-9.0161
2466	28.3704	219	176.617	42	0.00307617	0	0	0	-8.48383
2469	28.7335	61	49.1947	40	0.00292969	0	0	0	-9.75805
2469	28.7335	138	111.293	46	0.00336914	0	0	0	-9.13707
2464	28.1285	166	133.874	41	0.00300293	0	0	0	-8.91126
2472	29.0964	188	151.616	44	0.00322266	0	0	0	-8.73384
2474	29.3385	54	43.5494	39	0.00285645	0	0	0	-9.81451
2471	28.9755	245	197.585	42	0.00307617	0	0	0	-8.27415
2464	28.1285	304	245.167	42	0.00307617	0	0	0	-7.79833
2474	29.3385	57	45.9688	40	0.00292969	0	0	0	-9.79031
2471	28.9755	116	93.5505	39	0.00285645	0	0	0	-9.3145
2470	28.8545	154	124.196	41	0.00300293	0	0	0	-9.00804
2468	28.6125	148	119.358	41	0.00300293	0	0	0	-9.05642
2469	28.7335	203	163.713	42	0.00307617	0	0	0	-8.61287
2468	28.6125	172	138.713	43	0.00314941	0	0	0	-8.86287
2468	28.6125	291	234.683	42	0.00307617	0	0	0	-7.90317
2466	28.3704	169	136.293	44	0.00322266	0	0	0	-8.88707
2470	28.8545	157	126.616	41	0.00300293	0	0	0	-8.98384
2468	28.6125	32	25.807	40	0.00292969	0	0	0	-9.99193
2473	29.2175	187	150.81	42	0.00307617	0	0	0	-8.7419
2464	28.1285	226	182.262	43	0.00314941	0	0	0	-8.42738
2468	28.6125	207	166.939	44	0.00322266	0	0	0	-8.58061
2470	28.8545	102	82.2599	41	0.00300293	0	0	0	-9.4274
2472	29.0964	280	225.812	41	0.00300293	0	0	0	-7.99188
2470	28.8545	171	137.906	42	0.00307617	0	0	0	-8.87094
2464	28.1285	334	269.361	41	0.00300293	0	0	0	-7.55639
2469	28.7335	224	180.649	41	0.00300293	0	0	0	-8.44351
2470	28.8545	190	153.229	43	0.00314941	0	0	0	-8.71771
2467	28.4914	235	189.52	40	0.00292969	0	0	0	-8.3548
2471	28.9755	218	175.81	39	0.00285645	0	0	0	-8.4919
2478	29.8225	87	70.1629	39	0.00285645	0	0	0	-9.54837
2476	29.5805	161	129.842	40	0.00292969	0	0	0	-8.95158
2457	27.2815	194	156.455	41	0.00300293	0	0	0	-8.68545
2468	28.6125	129	104.035	42	0.00307617	0	0	0	-9.20965
2470	28.8545	142	114.519	41	0.00300293	0	0	0	-9.10481
2470	28.8545	334	269.361	38	0.00300293	0.0027832	0	0	-7.55639
2473	29.2175	67	54.0335	39	0.00300293	0.00285645	0	0	-9.70967
2475	29.4595	261	210.489	39	0.00300293	0.00285645	0	0	-8.14511
2471	28.9755	224	180.649	40	0.00300293	0.00292969	0	0	-8.44351
2476	29.5805	202	162.907	42	0.00300293	0.00307617	0	0	-8.62093
2461	27.7655	180	145.165	43	0.00300293	0.00314941	0	0	-8.79835
2472	29.0964	81	65.324	43	0.00300293	0.00314941	0	0	-9.59676
2465	28.2494	287	231.457	40	0.00300293	0.00292969	0	0	-7.93543
2473	29.2175	114	91.9376	41	0.00300293	0.00300293	0	0	-9.33062
2472	29.0964	233	187.907	43	0.00300293	0.00314941	0	0	-8.37092
2465	28.2494	54	43.5494	43	0.00300293	0.00314941	0	0	-9.81451
2469	28.7335	0	0	43	0.00300293	0.00314941	0	0	-10.25
2475	29.4595	347	279.845	40	0.00300293	0.00292969	0	0	-7.45155
2464	28.1285	220	177.423	42	0.00300293	0.00307617	0	0	-8.47577
2466	28.3704	236	190.327	39	0.00300293	0.00285645	0	0	-8.34673
2459	27.5235	272	219.36	40	0.00300293	0.00292969	0	0	-8.0564
2464	28.1285	134	108.067	43	0.00300293	0.00314941	0	0	-9.16933
2462	27.8865	244	196.779	43	0.00300293	0.00314941	0	0	-8.28221
2474	29.3385	236	190.327	42	0.00300293	0.00307617	0	0	-8.34673
2475	29.4595	246	198.392	39	0.00300293	0.00285645	0	0	-8.26608
2469	28.7335	229	184.682	40	0.00300293	0.00292969	0	0	-8.40318
2470	28.8545	239	192.746	37	0.00300293	0.00270996	0	0	-8.32254
2469	28.7335	91	73.3887	41	0.00300293	0.00300293	0	0	-9.51611
2469	28.7335	229	184.682	42	0.00300293	0.00307617	0	0	-8.40318
2462	27.8865	169	136.293	43	0.00300293	0.00314941	0	0	-8.88707
2472	29.0964	356	287.103	42	0.00300293	0.00307617	0	0	-7.37897
2471	28.9755	107	86.2923	43	0.00300293	0.00314941	0	0	-9.38708
2467	28.4914	84	67.7435	40	0.00300293	0.00292969	0	0	-9.57257
2465	28.2494	142	114.519	39	0.00300293	0.00285645	0	0	-9.10481
2471	28.9755	66	53.227	41	0.00300293	0.00300293	0	0	-9.71773
2472	29.0964	92	74.1952	42	0.00300293	0.00307617	0	0	-9.50805
2471	28.9755	187	150.81	43	0.00300293	0.00314941	0	0	-8.7419
2469	28.7335	102	82.2599	41	0.00300293	0.00300293	0	0	-9.4274
2467	28.4914	28	22.5812	41	0.00300293	0.00300293	0	0	-10.0242
2468	28.6125	206	166.133	43	0.00300293	0.00314941	0	0	-8.58867
2465	28.2494	227	183.069	43	0.00300293	0.00314941	0	0	-8.41931
2462	27.8865	122	98.3893	41	0.00300293	0.00300293	0	0	-9.26611
2477	29.7015	201	162.1	37	0.00300293	0.00270996	0	0	-8.629
2474	29.3385	90	72.5823	41	0.00300293	0.00300293	0	0	-9.52418
2470	28.8545	182	146.777	41	0.00300293	0.00300293	0	0	-8.78223
2468	28.6125	156	125.809	43	0.00300293	0.00314941	0	0	-8.99191
2473	29.2175	117	94.357	40	0.00300293	0.00292969	0	0	-9.30643
2470	28.8545	120	96.7764	41	0.00300293	0.00300293	0	0	-9.28224
2475	29.4595	349	281.458	40	0.00300293	0.00292969	0	0	-7.43542
2480	30.0646	328	264.522	41	0.00300293	0.00300293	0	0	-7.60478
2474	29.3385	184	148.39	40	0.00300293	0.00292969	0	0	-8.7661
2468	28.6125	239	192.746	44	0.00300293	0.00322266	0	0	-8.32254
2461	27.7655	217	175.004	42	0.00300293	0.00307617	0	0	-8.49996
2467	28.4914	125	100.809	45	0.00300293	0.0032959	0	0	-9.24191
2467	28.4914	134	108.067	41	0.00300293	0.00300293	0	0	-9.16933
2467	28.4914	59	47.5817	42	0.00300293	0.00307617	0	0	-9.77418
2471	28.9755	178	143.552	40	0.00300293	0.00292969	0	0	-8.81448
2465	28.2494	285	229.844	42	0.00300293	0.00307617	0	0	-7.95156
2465	28.2494	244	196.779	41	0.00300293	0.00300293	0	0	-8.28221
2468	28.6125	258	208.069	43	0.00300293	0.00314941	0	0	-8.16931
2466	28.3704	134	108.067	42	0.00300293	0.00307617	0	0	-9.16933
2478	29.8225	134	108.067	42	0.00300293	0.00307617	0	0	-9.16933
2480	30.0646	217	175.004	38	0.00300293	0.0027832	0	0	-8.49996
2479	29.9435	187	150.81	42	0.00300293	0.00307617	0	0	-8.7419
2462	27.8865	182	146.777	42	0.00300293	0.00307617	0	0	-8.78223
2468	28.6125	383	308.878	46	0.00300293	0.00336914	0	0	-7.16122
2473	29.2175	389	313.717	41	0.00300293	0.00300293	0	0	-7.11283
2469	28.7335	353	284.684	41	0.00300293	0.00300293	0	0	-7.40316
2470	28.8545	263	212.102	40	0.00300293	0.00292969	0	0	-8.12898
2471	28.9755	165	133.068	41	0.00300293	0.00300293	0	0	-8.91932
2468	28.6125	196	158.068	40	0.00300293	0.00292969	0	0	-8.66932
2472	29.0964	362	291.942	42	0.00300293	0.00307617	0	0	-7.33058
2462	27.8865	338	272.587	42	0.00300293	0.00307617	0	0	-7.52413
2463	28.0075	183	147.584	42	0.00300293	0.00307617	0	0	-8.77416
2466	28.3704	204	164.52	40	0.00300293	0.00292969	0	0	-8.6048
2479	29.9435	219	176.617	42	0.00300293	0.00307617	0	0	-8.48383
2468	28.6125	411	331.459	41	0.00300293	0.00300293	0	0	-6.93541
2466	28.3704	225	181.456	42	0.00300293	0.00307617	0	0	-8.43544
2469	28.7335	240	193.553	42	0.00300293	0.00307617	0	0	-8.31447
2461	27.7655	239	192.746	41	0.00300293	0.00300293	0	0	-8.32254
2474	29.3385	46	37.0976	38	0.00300293	0.0027832	0	0	-9.87902
2472	29.0964	199	160.487	41	0.00300293	0.00300293	0	0	-8.64513
2472	29.0964	279	225.005	40	0.00300293	0.00292969	0	0	-7.99995
2477	29.7015	291	234.683	42	0.00300293	0.00307617	0	0	-7.90317
2464	28.1285	158	127.422	41	0.00300293	0.00300293	0	0	-8.97578
2473	29.2175	213	171.778	41	0.00300293	0.00300293	0	0	-8.53222
2470	28.8545	266	214.521	38	0.0027832	0.00300293	0	0	-8.10479
2473	29.2175	277	223.392	41	0.00300293	0.00300293	0	0	-8.01608
2476	29.5805	336	270.974	40	0.00292969	0.00300293	0	0	-7.54026
2466	28.3704	369	297.587	41	0.00300293	0.00300293	0	0	-7.27413
2476	29.5805	404	325.814	40	0.00292969	0.00300293	0	0	-6.99186
2471	28.9755	449	362.105	43	0.00314941	0.00300293	0	0	-6.62895
2466	28.3704	295	237.909	41	0.00300293	0.00300293	0	0	-7.87091
2464	28.1285	325	262.103	42	0.00307617	0.00300293	0	0	-7.62897
2464	28.1285	431	347.588	40	0.00292969	0.00300293	0	0	-6.77412
2476	29.5805	302	243.554	41	0.00300293	0.00300293	0	0	-7.81446
2462	27.8865	364	293.555	40	0.00292969	0.00300293	0	0	-7.31445
2470	28.8545	324	261.296	42	0.00307617	0.00300293	0	0	-7.63704
2467	28.4914	331	266.941	42	0.00307617	0.00300293	0	0	-7.58058
2476	29.5805	344	277.426	42	0.00307617	0.00300293	0	0	-7.47574
2470	28.8545	421	339.524	40	0.00292969	0.00300293	0	0	-6.85476
2479	29.9435	460	370.976	41	0.00300293	0.00300293	0	0	-6.54024
2476	29.5805	312	251.619	40	0.00292969	0.00300293	0	0	-7.73381
2469	28.7335	252	203.23	43	0.00314941	0.00300293	0	0	-8.2177
2474	29.3385	382	308.071	43	0.00314941	0.00300293	0	0	-7.16929
2469	28.7335	236	190.327	42	0.00307617	0.00300293	0	0	-8.34673
2468	28.6125	292	235.489	40	0.00292969	0.00300293	0	0	-7.89511
2466	28.3704	232	187.101	40	0.00292969	0.00300293	0	0	-8.37899
2475	29.4595	186	150.003	41	0.00300293	0.00300293	0	0	-8.74997
2462	27.8865	324	261.296	42	0.00307617	0.00300293	0	0	-7.63704
2465	28.2494	371	299.2	40	0.00292969	0.00300293	0	0	-7.258
2470	28.8545	244	196.779	42	0.00307617	0.00300293	0	0	-8.28221
2468	28.6125	221	178.23	42	0.00307617	0.00300293	0	0	-8.4677
2467	28.4914	356	287.103	41	0.00300293	0.00300293	0	0	-7.37897
2464	28.1285	220	177.423	36	0.00263672	0.00300293	0	0	-8.47577
2465	28.2494	354	285.49	41	0.00300293	0.00300293	0	0	-7.3951
2469	28.7335	369	297.587	39	0.00285645	0.00300293	0	0	-7.27413
2473	29.2175	344	277.426	40	0.00292969	0.00300293	0	0	-7.47574
2468	28.6125	329	265.329	43	0.00314941	0.00300293	0	0	-7.59671
2478	29.8225	236	190.327	38	0.0027832	0.00300293	0	0	-8.34673
2473	29.2175	363	292.749	41	0.00300293	0.00300293	0	0	-7.32251
2468	28.6125	480	387.105	41	0.00300293	0.00300293	0	0	-6.37895
2474	29.3385	259	208.876	41	0.00300293	0.00300293	0	0	-8.16124
2468	28.6125	327	263.716	39	0.00285645	0.00300293	0	0	-7.61284
2470	28.8545	246	198.392	40	0.00292969	0.00300293	0	0	-8.26608
2474	29.3385	276	222.586	40	0.00292969	0.00300293	0	0	-8.02414
2464	28.1285	462	372.589	42	0.00307617	0.00300293	0	0	-6.52411
2457	27.2815	381	307.265	41	0.00300293	0.00300293	0	0	-7.17735
2471	28.9755	284	229.037	42	0.00307617	0.00300293	0	0	-7.95963
2477	29.7015	388	312.91	43	0.00314941	0.00300293	0	0	-7.1209
2473	29.2175	419	337.911	42	0.00307617	0.00300293	0	0	-6.87089
2464	28.1285	285	229.844	42	0.00307617	0.00300293	0	0	-7.95156
2475	29.4595	282	227.424	41	0.00300293	0.00300293	0	0	-7.97576
2468	28.6125	414	333.878	42	0.00307617	0.00300293	0	0	-6.91122
2465	28.2494	267	215.327	43	0.00314941	0.00300293	0	0	-8.09673
2469	28.7335	338	272.587	41	0.00300293	0.00300293	0	0	-7.52413
2466	28.3704	236	190.327	41	0.00300293	0.00300293	0	0	-8.34673
2477	29.7015	365	294.361	40	0.00292969	0.00300293	0	0	-7.30639
2469	28.7335	275	221.779	40	0.00292969	0.00300293	0	0	-8.03221
2482	30.3066	318	256.457	38	0.0027832	0.00300293	0	0	-7.68543
2468	28.6125	367	295.974	40	0.00292969	0.00300293	0	0	-7.29026
2460	27.6445	332	267.748	41	0.00300293	0.00300293	0	0	-7.57252
2466	28.3704	331	266.941	43	0.00314941	0.00300293	0	0	-7.58058
2462	27.8865	416	335.491	41	0.00300293	0.00300293	0	0	-6.89509
2476	29.5805	347	279.845	40	0.00292969	0.00300293	0	0	-7.45155
2476	29.5805	380	306.458	40	0.00292969	0.00300293	0	0	-7.18542
2470	28.8545	364	293.555	42	0.00307617	0.00300293	0	0	-7.31445
2468	28.6125	334	269.361	41	0.00300293	0.00300293	0	0	-7.55639
2456	27.1605	290	233.876	42	0.00307617	0.00300293	0	0	-7.91124
2472	29.0964	325	262.103	43	0.00314941	0.00300293	0	0	-7.62897
2476	29.5805	314	253.231	44	0.00322266	0.00300293	0	0	-7.71769
2478	29.8225	321	258.877	41	0.00300293	0.00300293	0	0	-7.66123
2476	29.5805	384	309.684	44	0.00322266	0.00300293	0	0	-7.15316
2466	28.3704	216	174.197	41	0.00300293	0.00300293	0	0	-8.50803
2464	28.1285	306	246.78	40	0.00292969	0.00300293	0	0	-7.7822
2470	28.8545	397	320.168	41	0.00300293	0.00300293	0	0	-7.04832
2465	28.2494	334	269.361	42	0.00307617	0.00300293	0	0	-7.55639
2473	29.2175	311	250.812	41	0.00300293	0.00300293	0	0	-7.74188
2477	29.7015	359	289.523	41	0.00300293	0.00300293	0	0	-7.35477
2471	28.9755	374	301.62	40	0.00292969	0.00300293	0	0	-7.2338
2469	28.7335	292	235.489	42	0.00307617	0.00300293	0	0	-7.89511
2465	28.2494	321	258.877	45	0.0032959	0.00300293	0	0	-7.66123
2463	28.0075	266	214.521	42	0.00307617	0.00300293	0	0	-8.10479
2470	28.8545	366	295.168	40	0.00292969	0.00300293	0	0	-7.29832
2475	29.4595	354	285.49	40	0.00292969	0.00300293	0	0	-7.3951
2476	29.5805	202	162.907	41	0.00300293	0.00300293	0	0	-8.62093
2470	28.8545	377	304.039	41	0.00300293	0.00300293	0	0	-7.20961
2466	28.3704	358	288.716	41	0.00300293	0.00300293	0	0	-7.36284
2464	28.1285	421	339.524	40	0.00292969	0.00300293	0	0	-6.85476
2469	28.7335	355	286.297	43	0.00314941	0.00300293	0	0	-7.38703
2469	28.7335	393	316.943	39	0.00285645	0.00300293	0	0	-7.08057
2466	28.3704	401	323.394	39	0.00285645	0.00300293	0	0	-7.01606
2469	28.7335	263	212.102	41	0.00300293	0.00300293	0	0	-8.12898
2473	29.2175	395	318.556	43	0.00314941	0.00300293	0	0	-7.06444
2470	28.8545	481	387.912	42	0.00307617	0.00300293	0	0	-6.37088
2469	28.7335	333	268.554	39	0.00285645	0.00300293	0	0	-7.56446
2476	29.5805	196	158.068	40	0.00292969	0.00300293	0	0	-8.66932
2468	28.6125	298	240.328	39	0.00285645	0.00300293	0	0	-7.84672
2473	29.2175	245	197.585	40	0.00292969	0.00300293	0	0	-8.27415
2475	29.4595	323	260.49	40	0.00292969	0.00300293	0	0	-7.6451
2469	28.7335	464	374.202	42	0.00307617	0.00300293	0	0	-6.50798
2474	29.3385	336	270.974	42	0.00307617	0.00300293	0.00307617	0	-7.54026
2467	28.4914	0	0	89	0.00307617	0.00300293	0.00651855	0	-10.25
2472	29.0964	168	135.487	88	0.00307617	0.00300293	0.00644531	0	-8.89513
2473	29.2175	0	0	90	0.00307617	0.00300293	0.0065918	0	-10.25
2465	28.2494	0	0	89	0.00307617	0.00300293	0.00651855	0	-10.25
2464	28.1285	36	29.0329	88	0.00307617	0.00300293	0.00644531	0	-9.95967
2469	28.7335	131	105.648	89	0.00307617	0.00300293	0.00651855	0	-9.19352
2466	28.3704	176	141.939	88	0.00307617	0.00300293	0.00644531	0	-8.83061
2470	28.8545	0	0	89	0.00307617	0.00300293	0.00651855	0	-10.25
2472	29.0964	185	149.197	88	0.00307617	0.00300293	0.00644531	0	-8.75803
2471	28.9755	86	69.3564	90	0.00307617	0.00300293	0.0065918	0	-9.55644
2474	29.3385	73	58.8723	91	0.00307617	0.00300293	0.00666504	0	-9.66128
2469	28.7335	100	80.647	90	0.00307617	0.00300293	0.0065918	0	-9.44353
2471	28.9755	70	56.4529	91	0.00307617	0.00300293	0.00666504	0	-9.68547
2471	28.9755	90	72.5823	91	0.00307617	0.00300293	0.00666504	0	-9.52418
2470	28.8545	65	52.4205	87	0.00307617	0.00300293	0.00637207	0	-9.72579
2468	28.6125	32	25.807	91	0.00307617	0.00300293	0.00666504	0	-9.99193
2459	27.5235	102	82.2599	89	0.00307617	0.00300293	0.00651855	0	-9.4274
2466	28.3704	239	192.746	90	0.00307617	0.00300293	0.0065918	0	-8.32254
2468	28.6125	236	190.327	90	0.00307617	0.00300293	0.0065918	0	-8.34673
2466	28.3704	217	175.004	90	0.00307617	0.00300293	0.0065918	0	-8.49996
2472	29.0964	26	20.9682	87	0.00307617	0.00300293	0.00637207	0	-10.0403
2472	29.0964	46	37.0976	85	0.00307617	0.00300293	0.00622559	0	-9.87902
2470	28.8545	0	0	90	0.00307617	0.00300293	0.0065918	0	-10.25
2466	28.3704	158	127.422	90	0.00307617	0.00300293	0.0065918	0	-8.97578
2475	29.4595	27	21.7747	97	0.00307617	0.00300293	0.00710449	0	-10.0323
2466	28.3704	248	200.005	91	0.00307617	0.00300293	0.00666504	0	-8.24996
2474	29.3385	195	157.262	90	0.00307617	0.00300293	0.0065918	0	-8.67738
2474	29.3385	243	195.972	89	0.00307617	0.00300293	0.00651855	0	-8.29028
2470	28.8545	150	120.97	91	0.00307617	0.00300293	0.00666504	0	-9.0403
2470	28.8545	316	254.844	89	0.00307617	0.00300293	0.00651855	0	-7.70156
2472	29.0964	146	117.745	90	0.00307617	0.00300293	0.0065918	0	-9.07255
2467	28.4914	141	113.712	89	0.00307617	0.00300293	0.00651855	0	-9.11288
2472	29.0964	191	154.036	90	0.00307617	0.00300293	0.0065918	0	-8.70964
2471	28.9755	223	179.843	88	0.00307617	0.00300293	0.00644531	0	-8.45157
2473	29.2175	32	25.807	88	0.00307617	0.00300293	0.00644531	0	-9.99193
2459	27.5235	110	88.7117	94	0.00307617	0.00300293	0.00688477	0	-9.36288
2468	28.6125	138	111.293	91	0.00307617	0.00300293	0.00666504	0	-9.13707
2475	29.4595	69	55.6464	89	0.00307617	0.00300293	0.00651855	0	-9.69354
2470	28.8545	140	112.906	86	0.00307617	0.00300293	0.00629883	0	-9.12094
2470	28.8545	325	262.103	88	0.00307617	0.00300293	0.00644531	0	-7.62897
2472	29.0964	150	120.97	87	0.00307617	0.00300293	0.00637207	0	-9.0403
2470	28.8545	166	133.874	89	0.00307617	0.00300293	0.00651855	0	-8.91126
2469	28.7335	25	20.1617	92	0.00307617	0.00300293	0.00673828	0	-10.0484
2469	28.7335	165	133.068	92	0.00307617	0.00300293	0.00673828	0	-8.91932
2474	29.3385	305	245.973	93	0.00307617	0.00300293	0.00681152	0	-7.79027
2466	28.3704	338	272.587	88	0.00307617	0.00300293	0.00644531	0	-7.52413
2475	29.4595	181	145.971	89	0.00307617	0.00300293	0.00651855	0	-8.79029
2468	28.6125	55	44.3558	96	0.00307617	0.00300293	0.00703125	0	-9.80644
2469	28.7335	275	221.779	88	0.00307617	0.00300293	0.00644531	0	-8.03221
2470	28.8545	137	110.486	90	0.00307617	0.00300293	0.0065918	0	-9.14514
2470	28.8545	77	62.0982	91	0.00307617	0.00300293	0.00666504	0	-9.62902
2468	28.6125	45	36.2911	90	0.00307617	0.00300293	0.0065918	0	-9.88709
2472	29.0964	144	116.132	89	0.00307617	0.00300293	0.00651855	0	-9.08868
2467	28.4914	89	71.7758	90	0.00307617	0.00300293	0.0065918	0	-9.53224
2471	28.9755	42	33.8717	90	0.00307617	0.00300293	0.0065918	0	-9.91128
2469	28.7335	225	181.456	91	0.00307617	0.00300293	0.00666504	0	-8.43544
2466	28.3704	98	79.034	88	0.00307617	0.00300293	0.00644531	0	-9.45966
2477	29.7015	161	129.842	89	0.00307617	0.00300293	0.00651855	0	-8.95158
2466	28.3704	200	161.294	91	0.00307617	0.00300293	0.00666504	0	-8.63706
2475	29.4595	271	218.553	89	0.00307617	0.00300293	0.00651855	0	-8.06447
2466	28.3704	49	39.517	90	0.00307617	0.00300293	0.0065918	0	-9.85483
2472	29.0964	216	174.197	93	0.00307617	0.00300293	0.00681152	0	-8.50803
2468	28.6125	296	238.715	91	0.00307617	0.00300293	0.00666504	0	-7.86285
2470	28.8545	172	138.713	87	0.00307617	0.00300293	0.00637207	0	-8.86287
2470	28.8545	98	79.034	83	0.00307617	0.00300293	0.0060791	0	-9.45966
2471	28.9755	89	71.7758	89	0.00307617	0.00300293	0.00651855	0	-9.53224
2471	28.9755	129	104.035	93	0.00307617	0.00300293	0.00681152	0	-9.20965
2475	29.4595	145	116.938	91	0.00307617	0.00300293	0.00666504	0	-9.08062
2470	28.8545	179	144.358	90	0.00307617	0.00300293	0.0065918	0	-8.80642
2470	28.8545	226	182.262	89	0.00307617	0.00300293	0.00651855	0	-8.42738
2473	29.2175	190	153.229	88	0.00307617	0.00300293	0.00644531	0	-8.71771
2468	28.6125	179	144.358	91	0.00307617	0.00300293	0.00666504	0	-8.80642
2463	28.0075	140	112.906	86	0.00307617	0.00300293	0.00629883	0	-9.12094
2474	29.3385	267	215.327	89	0.00307617	0.00300293	0.00651855	0	-8.09673
2472	29.0964	226	182.262	92	0.00307617	0.00300293	0.00673828	0	-8.42738
2472	29.0964	153	123.39	90	0.00307617	0.00300293	0.0065918	0	-9.0161
2475	29.4595	147	118.551	86	0.00307617	0.00300293	0.00629883	0	-9.06449
2470	28.8545	148	119.358	91	0.00307617	0.00300293	0.00666504	0	-9.05642
2470	28.8545	103	83.0664	91	0.00307617	0.00300293	0.00666504	0	-9.41934
2474	29.3385	206	166.133	91	0.00307617	0.00300293	0.00666504	0	-8.58867
2459	27.5235	192	154.842	89	0.00307617	0.00300293	0.00651855	0	-8.70158
2471	28.9755	165	133.068	87	0.00307617	0.00300293	0.00637207	0	-8.91932
2470	28.8545	319	257.264	89	0.00307617	0.00300293	0.00651855	0	-7.67736
2466	28.3704	231	186.295	90	0.00307617	0.00300293	0.0065918	0	-8.38706
2469	28.7335	65	52.4205	87	0.00307617	0.00300293	0.00637207	0	-9.72579
2469	28.7335	89	71.7758	92	0.00307617	0.00300293	0.00673828	0	-9.53224
2473	29.2175	264	212.908	92	0.00307617	0.00300293	0.00673828	0	-8.12092
2471	28.9755	200	161.294	93	0.00307617	0.00300293	0.00681152	0	-8.63706
2476	29.5805	245	197.585	85	0.00307617	0.00300293	0.00622559	0	-8.27415
2476	29.5805	137	110.486	89	0.00307617	0.00300293	0.00651855	0	-9.14514
2476	29.5805	99	79.8405	90	0.00307617	0.00300293	0.0065918	0	-9.4516
2467	28.4914	260	209.682	88	0.00307617	0.00300293	0.00644531	0	-8.15318
2465	28.2494	288	232.263	93	0.00307617	0.00300293	0.00681152	0	-7.92737
2469	28.7335	208	167.746	93	0.00307617	0.00300293	0.00681152	0	-8.57254
2469	28.7335	392	316.136	89	0.00307617	0.00300293	0.00651855	0	-7.08864
2478	29.8225	250	201.617	90	0.0065918	0.00300293	0.00651855	0	-8.23383
2475	29.4595	1252	1009.7	40	0.00292969	0.00300293	0.00651855	0	-0.152999
2463	28.0075	1051	847.6	43	0.00314941	0.00300293	0.00651855	0	-1.774
2469	28.7335	1052	848.406	45	0.0032959	0.00300293	0.00651855	0	-1.76594
2471	28.9755	1191	960.505	41	0.00300293	0.00300293	0.00651855	0	-0.644946
2471	28.9755	1245	1004.05	42	0.00307617	0.00300293	0.00651855	0	-0.209452
2471	28.9755	1163	937.924	40	0.00292969	0.00300293	0.00651855	0	-0.870757
2469	28.7335	1252	1009.7	39	0.00285645	0.00300293	0.00651855	0	-0.152999
2460	27.6445	1255	1012.12	42	0.00307617	0.00300293	0.00651855	0	-0.128805
2474	29.3385	1096	883.891	42	0.00307617	0.00300293	0.00651855	0	-1.41109
2470	28.8545	1091	879.858	41	0.00300293	0.00300293	0.00651855	0	-1.45142
2471	28.9755	1123	905.665	40	0.00292969	0.00300293	0.00651855	0	-1.19335
2474	29.3385	1200	967.764	39	0.00285645	0.00300293	0.00651855	0	-0.572363
2463	28.0075	1258	1014.54	40	0.00292969	0.00300293	0.00651855	0	-0.104611
2467	28.4914	1053	849.213	43	0.00314941	0.00300293	0.00651855	0	-1.75787
2469	28.7335	1236	996.797	42	0.00307617	0.00300293	0.00651855	0	-0.282034
2471	28.9755	1166	940.344	43	0.00314941	0.00300293	0.00651855	0	-0.846563
2467	28.4914	1063	857.277	39	0.00285645	0.00300293	0.00651855	0	-1.67723
2468	28.6125	1018	820.986	42	0.00307617	0.00300293	0.00651855	0	-2.04014
2469	28.7335	1052	848.406	40	0.00292969	0.00300293	0.00651855	0	-1.76594
2472	29.0964	1157	933.086	42	0.00307617	0.00300293	0.00651855	0	-0.919145
2461	27.7655	987	795.986	40	0.00292969	0.00300293	0.00651855	0	-2.29014
2466	28.3704	1131	912.117	41	0.00300293	0.00300293	0.00651855	0	-1.12883
2467	28.4914	1154	930.666	40	0.00292969	0.00300293	0.00651855	0	-0.943339
2465	28.2494	1050	846.793	41	0.00300293	0.00300293	0.00651855	0	-1.78207
2465	28.2494	1033	833.083	40	0.00292969	0.00300293	0.00651855	0	-1.91917
2468	28.6125	1054	850.019	42	0.00307617	0.00300293	0.00651855	0	-1.74981
2473	29.2175	1072	864.536	43	0.00314941	0.00300293	0.00651855	0	-1.60464
2465	28.2494	1171	944.376	42	0.00307617	0.00300293	0.00651855	0	-0.80624
2472	29.0964	960	774.211	41	0.00300293	0.00300293	0.00651855	0	-2.50789
2476	29.5805	1068	861.31	40	0.00292969	0.00300293	0.00651855	0	-1.6369
2468	28.6125	1051	847.6	39	0.00285645	0.00300293	0.00651855	0	-1.774
2471	28.9755	1201	968.57	41	0.00300293	0.00300293	0.00651855	0	-0.564299
2461	27.7655	1069	862.116	41	0.00300293	0.00300293	0.00651855	0	-1.62884
2468	28.6125	1060	854.858	46	0.00336914	0.00300293	0.00651855	0	-1.70142
2470	28.8545	1002	808.083	42	0.00307617	0.00300293	0.00651855	0	-2.16917
2468	28.6125	1159	934.698	41	0.00300293	0.00300293	0.00651855	0	-0.903016
2479	29.9435	994	801.631	41	0.00300293	0.00300293	0.00651855	0	-2.23369
2465	28.2494	959	773.404	41	0.00300293	0.00300293	0.00651855	0	-2.51596
2467	28.4914	1087	876.633	41	0.00300293	0.00300293	0.00651855	0	-1.48367
2470	28.8545	1061	855.664	43	0.00314941	0.00300293	0.00651855	0	-1.69336
2470	28.8545	923	744.372	39	0.00285645	0.00300293	0.00651855	0	-2.80628
2474	29.3385	991	799.211	39	0.00285645	0.00300293	0.00651855	0	-2.25789
2479	29.9435	1060	854.858	39	0.00285645	0.00300293	0.00651855	0	-1.70142
2471	28.9755	1147	925.021	40	0.00292969	0.00300293	0.00651855	0	-0.999792
2469	28.7335	942	759.695	43	0.00314941	0.00300293	0.00651855	0	-2.65305
2473	29.2175	939	757.275	42	0.00307617	0.00300293	0.00651855	0	-2.67725
2478	29.8225	863	695.983	41	0.00300293	0.00300293	0.00651855	0	-3.29017
2471	28.9755	931	750.823	41	0.00300293	0.00300293	0.00651855	0	-2.74177
2466	28.3704	855	689.532	43	0.00314941	0.00300293	0.00651855	0	-3.35468
2464	28.1285	1020	822.599	43	0.00314941	0.00300293	0.00651855	0	-2.02401
2468	28.6125	846	682.273	42	0.00307617	0.00300293	0.00651855	0	-3.42727
2466	28.3704	1014	817.76	39	0.00285645	0.00300293	0.00651855	0	-2.0724
2467	28.4914	1045	842.761	41	0.00300293	0.00300293	0.00651855	0	-1.82239
2471	28.9755	862	695.177	40	0.00292969	0.00300293	0.00651855	0	-3.29823
2477	29.7015	1002	808.083	40	0.00292969	0.00300293	0.00651855	0	-2.16917
2463	28.0075	986	795.179	44	0.00322266	0.00300293	0.00651855	0	-2.29821
2468	28.6125	962	775.824	43	0.00314941	0.00300293	0.00651855	0	-2.49176
2477	29.7015	931	750.823	41	0.00300293	0.00300293	0.00651855	0	-2.74177
2470	28.8545	971	783.082	37	0.00270996	0.00300293	0.00651855	0	-2.41918
2470	28.8545	1017	820.18	39	0.00285645	0.00300293	0.00651855	0	-2.0482
2467	28.4914	936	754.856	41	0.00300293	0.00300293	0.00651855	0	-2.70144
2473	29.2175	1006	811.309	42	0.00307617	0.00300293	0.00651855	0	-2.13691
2473	29.2175	813	655.66	42	0.00307617	0.00300293	0.00651855	0	-3.6934
2470	28.8545	953	768.566	42	0.00307617	0.00300293	0.00651855	0	-2.56434
2465	28.2494	939	757.275	41	0.00300293	0.00300293	0.00651855	0	-2.67725
2479	29.9435	1042	840.341	40	0.00292969	0.00300293	0.00651855	0	-1.84659
2477	29.7015	840	677.435	38	0.0027832	0.00300293	0.00651855	0	-3.47565
2466	28.3704	1011	815.341	37	0.00270996	0.00300293	0.00651855	0	-2.09659
2467	28.4914	847	683.08	42	0.00307617	0.00300293	0.00651855	0	-3.4192
2469	28.7335	817	658.886	41	0.00300293	0.00300293	0.00651855	0	-3.66114
2463	28.0075	786	633.885	40	0.00292969	0.00300293	0.00651855	0	-3.91115
2471	28.9755	805	649.208	40	0.00292969	0.00300293	0.00651855	0	-3.75792
2467	28.4914	808	651.628	40	0.00292969	0.00300293	0.00651855	0	-3.73373
2471	28.9755	802	646.789	40	0.00292969	0.00300293	0.00651855	0	-3.78211
2470	28.8545	913	736.307	39	0.00285645	0.00300293	0.00651855	0	-2.88693
2468	28.6125	957	771.792	41	0.00300293	0.00300293	0.00651855	0	-2.53208
2465	28.2494	925	745.984	42	0.00307617	0.00300293	0.00651855	0	-2.79015
2469	28.7335	854	688.725	41	0.00300293	0.00300293	0.00651855	0	-3.36275
2478	29.8225	841	678.241	41	0.00300293	0.00300293	0.00651855	0	-3.46759
2471	28.9755	778	627.433	41	0.00300293	0.00300293	0.00651855	0	-3.97567
2465	28.2494	952	767.759	41	0.00300293	0.00300293	0.00651855	0	-2.57241
2474	29.3385	953	768.566	47	0.00344238	0.00300293	0.00651855	0	-2.56434
2473	29.2175	806	650.015	41	0.00300293	0.00300293	0.00651855	0	-3.74985
2473	29.2175	1009	813.728	43	0.00314941	0.00300293	0.00651855	0	-2.11272
2476	29.5805	786	633.885	44	0.00322266	0.00300293	0.00651855	0	-3.91115
2466	28.3704	947	763.727	41	0.00300293	0.00300293	0.00651855	0	-2.61273
2469	28.7335	921	742.759	40	0.00292969	0.00300293	0.00651855	0	-2.82241
2472	29.0964	862	695.177	40	0.00292969	0.00300293	0.00651855	0	-3.29823
2470	28.8545	791	637.918	40	0.00292969	0.00300293	0.00651855	0	-3.87082
2468	28.6125	924	745.178	41	0.00300293	0.00300293	0.00651855	0	-2.79822
2467	28.4914	853	687.919	41	0.00300293	0.00300293	0.00651855	0	-3.37081
2475	29.4595	907	731.468	44	0.00322266	0.00300293	0.00651855	0	-2.93532
2476	29.5805	678	546.786	40	0.00292969	0.00300293	0.00651855	0	-4.78214
2465	28.2494	915	737.92	42	0.00307617	0.00300293	0.00651855	0	-2.8708
2469	28.7335	832	670.983	38	0.0027832	0.00300293	0.00651855	0	-3.54017
2469	28.7335	991	799.211	42	0.0027832	0.00307617	0.00651855	0	-2.25789
2465	28.2494	726	585.497	46	0.0027832	0.00336914	0.00651855	0	-4.39503
2469	28.7335	768	619.369	43	0.0027832	0.00314941	0.00651855	0	-4.05631
2468	28.6125	686	553.238	42	0.0027832	0.00307617	0.00651855	0	-4.71762
2469	28.7335	918	740.339	42	0.0027832	0.00307617	0.00651855	0	-2.84661
2476	29.5805	789	636.305	42	0.0027832	0.00307617	0.00651855	0	-3.88695
2479	29.9435	828	667.757	39	0.0027832	0.00285645	0.00651855	0	-3.57243
2474	29.3385	749	604.046	39	0.0027832	0.00285645	0.00651855	0	-4.20954
2473	29.2175	668	538.722	41	0.0027832	0.00300293	0.00651855	0	-4.86278
2462	27.8865	908	732.274	43	0.0027832	0.00314941	0.00651855	0	-2.92726
2467	28.4914	775	625.014	45	0.0027832	0.0032959	0.00651855	0	-3.99986
2470	28.8545	672	541.948	42	0.0027832	0.00307617	0.00651855	0	-4.83052
2470	28.8545	936	754.856	45	0.0027832	0.0032959	0.00651855	0	-2.70144
2468	28.6125	754	608.078	40	0.0027832	0.00292969	0.00651855	0	-4.16922
2476	29.5805	779	628.24	41	0.0027832	0.00300293	0.00651855	0	-3.9676
2469	28.7335	837	675.015	41	0.0027832	0.00300293	0.00651855	0	-3.49985
2469	28.7335	823	663.725	42	0.0027832	0.00307617	0.00651855	0	-3.61275
2469	28.7335	888	716.145	41	0.0027832	0.00300293	0.00651855	0	-3.08855
2470	28.8545	857	691.145	40	0.0027832	0.00292969	0.00651855	0	-3.33855
2466	28.3704	666	537.109	39	0.0027832	0.00285645	0.00651855	0	-4.87891
2469	28.7335	861	694.37	40	0.0027832	0.00292969	0.00651855	0	-3.3063
2465	28.2494	829	668.563	41	0.0027832	0.00300293	0.00651855	0	-3.56437
2467	28.4914	890	717.758	42	0.0027832	0.00307617	0.00651855	0	-3.07242
2468	28.6125	801	645.982	41	0.0027832	0.00300293	0.00651855	0	-3.79018
2467	28.4914	845	681.467	42	0.0027832	0.00307617	0.00651855	0	-3.43533
2469	28.7335	758	611.304	41	0.0027832	0.00300293	0.00651855	0	-4.13696
2463	28.0075	776	625.82	42	0.0027832	0.00307617	0.00651855	0	-3.9918
2474	29.3385	612	493.559	40	0.0027832	0.00292969	0.00651855	0	-5.31441
2466	28.3704	844	680.66	41	0.0027832	0.00300293	0.00651855	0	-3.4434
2461	27.7655	776	625.82	44	0.0027832	0.00322266	0.00651855	0	-3.9918
2473	29.2175	805	649.208	41	0.0027832	0.00300293	0.00651855	0	-3.75792
2469	28.7335	704	567.755	41	0.0027832	0.00300293	0.00651855	0	-4.57245
2475	29.4595	873	704.048	41	0.0027832	0.00300293	0.00651855	0	-3.20952
2466	28.3704	632	509.689	41	0.0027832	0.00300293	0.00651855	0	-5.15311
2462	27.8865	741	597.594	43	0.0027832	0.00314941	0.00651855	0	-4.27406
2470	28.8545	770	620.982	41	0.0027832	0.00300293	0.00651855	0	-4.04018
2473	29.2175	745	600.82	41	0.0027832	0.00300293	0.00651855	0	-4.2418
2464	28.1285	723	583.078	38	0.0027832	0.0027832	0.00651855	0	-4.41922
2474	29.3385	696	561.303	41	0.0027832	0.00300293	0.00651855	0	-4.63697
2469	28.7335	670	540.335	40	0.0027832	0.00292969	0.00651855	0	-4.84665
2469	28.7335	752	606.465	43	0.0027832	0.00314941	0.00651855	0	-4.18535
2471	28.9755	696	561.303	47	0.0027832	0.00344238	0.00651855	0	-4.63697
2473	29.2175	617	497.592	42	0.0027832	0.00307617	0.00651855	0	-5.27408
2462	27.8865	648	522.592	41	0.0027832	0.00300293	0.00651855	0	-5.02408
2473	29.2175	679	547.593	41	0.0027832	0.00300293	0.00651855	0	-4.77407
2465	28.2494	654	527.431	41	0.0027832	0.00300293	0.00651855	0	-4.97569
2474	29.3385	705	568.561	38	0.0027832	0.0027832	0.00651855	0	-4.56439
2468	28.6125	815	657.273	39	0.0027832	0.00285645	0.00651855	0	-3.67727
2469	28.7335	768	619.369	40	0.0027832	0.00292969	0.00651855	0	-4.05631
2469	28.7335	769	620.175	40	0.0027832	0.00292969	0.00651855	0	-4.04825
2469	28.7335	760	612.917	41	0.0027832	0.00300293	0.00651855	0	-4.12083
2476	29.5805	808	651.628	40	0.0027832	0.00292969	0.00651855	0	-3.73373
2477	29.7015	590	475.817	43	0.0027832	0.00314941	0.00651855	0	-5.49183
2471	28.9755	757	610.498	43	0.0027832	0.00314941	0.00651855	0	-4.14502
2469	28.7335	716	577.432	43	0.0027832	0.00314941	0.00651855	0	-4.47568
2469	28.7335	740	596.788	39	0.0027832	0.00285645	0.00651855	0	-4.28212
2471	28.9755	688	554.851	41	0.0027832	0.00300293	0.00651855	0	-4.70149
2464	28.1285	722	582.271	41	0.0027832	0.00300293	0.00651855	0	-4.42729
2468	28.6125	820	661.305	42	0.0027832	0.00307617	0.00651855	0	-3.63695
2476	29.5805	717	578.239	42	0.0027832	0.00307617	0.00651855	0	-4.46761
2473	29.2175	831	670.176	43	0.0027832	0.00314941	0.00651855	0	-3.54824
2469	28.7335	858	691.951	41	0.0027832	0.00300293	0.00651855	0	-3.33049
2466	28.3704	633	510.495	41	0.0027832	0.00300293	0.00651855	0	-5.14505
2461	27.7655	495	399.203	37	0.0027832	0.00270996	0.00651855	0	-6.25797
2468	28.6125	609	491.14	41	0.0027832	0.00300293	0.00651855	0	-5.3386
2475	29.4595	656	529.044	41	0.0027832	0.00300293	0.00651855	0	-4.95956
2464	28.1285	699	563.722	44	0.0027832	0.00322266	0.00651855	0	-4.61278
2469	28.7335	707	570.174	41	0.0027832	0.00300293	0.00651855	0	-4.54826
2475	29.4595	680	548.399	40	0.0027832	0.00292969	0.00651855	0	-4.76601
2469	28.7335	672	541.948	41	0.0027832	0.00300293	0.00651855	0	-4.83052
2465	28.2494	599	483.075	40	0.0027832	0.00292969	0.00651855	0	-5.41925
2471	28.9755	628	506.463	40	0.0027832	0.00292969	0.00651855	0	-5.18537
2471	28.9755	716	577.432	42	0.0027832	0.00307617	0.00651855	0	-4.47568
2468	28.6125	764	616.143	42	0.0027832	0.00307617	0.00651855	0	-4.08857
2465	28.2494	681	549.206	40	0.0027832	0.00292969	0.00651855	0	-4.75794
2469	28.7335	779	628.24	41	0.0027832	0.00300293	0.00651855	0	-3.9676
2475	29.4595	710	572.594	40	0.0027832	0.00292969	0.00651855	0	-4.52407
2465	28.2494	794	640.337	41	0.0027832	0.00300293	0.00651855	0	-3.84663
2476	29.5805	681	549.206	46	0.0027832	0.00336914	0.00651855	0	-4.75794
2459	27.5235	525	423.397	42	0.0027832	0.00307617	0.00651855	0	-6.01603
2472	29.0964	778	627.433	43	0.0027832	0.00314941	0.00651855	0	-3.97567
2475	29.4595	757	610.498	41	0.0027832	0.00300293	0.00651855	0	-4.14502
2477	29.7015	573	462.107	41	0.0027832	0.00300293	0.00651855	0	-5.62893
2471	28.9755	573	462.107	39	0.0027832	0.00285645	0.00651855	0	-5.62893
2460	27.6445	637	513.721	43	0.0027832	0.00314941	0.00651855	0	-5.11279
2466	28.3704	612	493.559	41	0.0027832	0.00300293	0.00651855	0	-5.31441
2468	28.6125	786	633.885	41	0.0027832	0.00300293	0.00651855	0	-3.91115
2466	28.3704	723	583.078	40	0.0027832	0.00292969	0.00651855	0	-4.41922
2472	29.0964	729	587.916	41	0.0027832	0.00300293	0.00651855	0	-4.37084
2463	28.0075	660	532.27	44	0.0027832	0.00322266	0.00651855	0	-4.9273
2461	27.7655	757	610.498	42	0.0027832	0.00307617	0.00651855	0	-4.14502
2466	28.3704	542	437.107	43	0.0027832	0.00314941	0.00651855	0	-5.87893
2462	27.8865	631	508.882	44	0.0027832	0.00322266	0.00651855	0	-5.16118
2469	28.7335	502	404.848	39	0.0027832	0.00285645	0.00651855	0	-6.20152
2476	29.5805	715	576.626	39	0.0027832	0.00285645	0.00651855	0	-4.48374
2469	28.7335	756	609.691	40	0.0027832	0.00292969	0.00651855	0	-4.15309
2461	27.7655	501	404.041	43	0.00314941	0.00292969	0.00651855	0	-6.20959
2476	29.5805	698	562.916	43	0.00314941	0.00292969	0.00651855	0	-4.62084
2466	28.3704	525	423.397	42	0.00307617	0.00292969	0.00651855	0	-6.01603
2477	29.7015	754	608.078	41	0.00300293	0.00292969	0.00651855	0	-4.16922
2478	29.8225	711	573.4	41	0.00300293	0.00292969	0.00651855	0	-4.516
2477	29.7015	546	440.332	38	0.0027832	0.00292969	0.00651855	0	-5.84667
2471	28.9755	680	548.399	41	0.00300293	0.00292969	0.00651855	0	-4.76601
2475	29.4595	621	500.818	41	0.00300293	0.00292969	0.00651855	0	-5.24182
2461	27.7655	627	505.657	41	0.00300293	0.00292969	0.00651855	0	-5.19343
2473	29.2175	621	500.818	44	0.00322266	0.00292969	0.00651855	0	-5.24182
2472	29.0964	705	568.561	40	0.00292969	0.00292969	0.00651855	0	-4.56439
2474	29.3385	669	539.528	39	0.00285645	0.00292969	0.00651855	0	-4.85472
2477	29.7015	643	518.56	40	0.00292969	0.00292969	0.00651855	0	-5.0644
2467	28.4914	715	576.626	39	0.00285645	0.00292969	0.00651855	0	-4.48374
2472	29.0964	598	482.269	41	0.00300293	0.00292969	0.00651855	0	-5.42731
2465	28.2494	634	511.302	41	0.00300293	0.00292969	0.00651855	0	-5.13698
2466	28.3704	718	579.045	41	0.00300293	0.00292969	0.00651855	0	-4.45955
2458	27.4025	649	523.399	40	0.00292969	0.00292969	0.00651855	0	-5.01601
2468	28.6125	523	421.784	41	0.00300293	0.00292969	0.00651855	0	-6.03216
2473	29.2175	560	451.623	38	0.0027832	0.00292969	0.00651855	0	-5.73377
2461	27.7655	598	482.269	43	0.00314941	0.00292969	0.00651855	0	-5.42731
2464	28.1285	687	554.045	46	0.00336914	0.00292969	0.00651855	0	-4.70955
2469	28.7335	716	577.432	42	0.00307617	0.00292969	0.00651855	0	-4.47568
2474	29.3385	764	616.143	39	0.00285645	0.00292969	0.00651855	0	-4.08857
2468	28.6125	587	473.398	43	0.00314941	0.00292969	0.00651855	0	-5.51602
2469	28.7335	547	441.139	42	0.00307617	0.00292969	0.00651855	0	-5.83861
2478	29.8225	622	501.624	42	0.00307617	0.00292969	0.00651855	0	-5.23376
2470	28.8545	626	504.85	41	0.00300293	0.00292969	0.00651855	0	-5.2015
2473	29.2175	541	436.3	40	0.00292969	0.00292969	0.00651855	0	-5.887
2470	28.8545	727	586.304	43	0.00314941	0.00292969	0.00651855	0	-4.38696
2468	28.6125	754	608.078	45	0.0032959	0.00292969	0.00651855	0	-4.16922
2469	28.7335	751	605.659	42	0.00307617	0.00292969	0.00651855	0	-4.19341
2467	28.4914	555	447.591	41	0.00300293	0.00292969	0.00651855	0	-5.77409
2475	29.4595	681	549.206	40	0.00292969	0.00292969	0.00651855	0	-4.75794
2479	29.9435	669	539.528	41	0.00300293	0.00292969	0.00651855	0	-4.85472
2467	28.4914	818	659.692	40	0.00292969	0.00292969	0.00651855	0	-3.65308
2468	28.6125	737	594.368	41	0.00300293	0.00292969	0.00651855	0	-4.30632
2466	28.3704	792	638.724	43	0.00314941	0.00292969	0.00651855	0	-3.86276
2465	28.2494	890	717.758	43	0.00314941	0.00292969	0.00651855	0	-3.07242
2468	28.6125	797	642.756	41	0.00300293	0.00292969	0.00651855	0	-3.82244
2476	29.5805	794	640.337	41	0.00300293	0.00292969	0.00651855	0	-3.84663
2468	28.6125	754	608.078	41	0.00300293	0.00292969	0.00651855	0	-4.16922
2472	29.0964	699	563.722	39	0.00285645	0.00292969	0.00651855	0	-4.61278
2471	28.9755	796	641.95	40	0.00292969	0.00292969	0.00651855	0	-3.8305
2465	28.2494	773	623.401	43	0.00314941	0.00292969	0.00651855	0	-4.01599
2467	28.4914	645	520.173	45	0.0032959	0.00292969	0.00651855	0	-5.04827
2465	28.2494	655	528.238	40	0.00292969	0.00292969	0.00651855	0	-4.96762
2463	28.0075	740	596.788	39	0.00285645	0.00292969	0.00651855	0	-4.28212
2466	28.3704	710	572.594	40	0.00292969	0.00292969	0.00651855	0	-4.52407
2470	28.8545	706	569.368	42	0.00307617	0.00292969	0.00651855	0	-4.55632
2476	29.5805	639	515.334	43	0.00314941	0.00292969	0.00651855	0	-5.09666
2473	29.2175	647	521.786	42	0.00307617	0.00292969	0.00651855	0	-5.03214
2480	30.0646	608	490.334	39	0.00285645	0.00292969	0.00651855	0	-5.34666
2475	29.4595	731	589.529	40	0.00292969	0.00292969	0.00651855	0	-4.35471
2473	29.2175	618	498.398	41	0.00300293	0.00292969	0.00651855	0	-5.26602
2462	27.8865	775	625.014	41	0.00300293	0.00292969	0.00651855	0	-3.99986
2466	28.3704	636	512.915	42	0.00307617	0.00292969	0.00651855	0	-5.12085
2473	29.2175	571	460.494	40	0.00292969	0.00292969	0.00651855	0	-5.64506
2473	29.2175	448	361.298	37	0.00270996	0.00292969	0.00651855	0	-6.63702
2460	27.6445	524	422.59	38	0.0027832	0.00292969	0.00651855	0	-6.0241
2471	28.9755	445	358.879	43	0.00314941	0.00292969	0.00651855	0	-6.66121
2473	29.2175	480	387.105	42	0.00307617	0.00292969	0.00651855	0	-6.37895
2473	29.2175	630	508.076	43	0.00314941	0.00292969	0.00651855	0	-5.16924
2472	29.0964	566	456.462	40	0.00292969	0.00292969	0.00651855	0	-5.68538
2468	28.6125	386	311.297	39	0.00285645	0.00292969	0.00651855	0	-7.13703
2469	28.7335	620	500.011	41	0.00300293	0.00292969	0.00651855	0	-5.24989
2471	28.9755	626	504.85	41	0.00300293	0.00292969	0.00651855	0	-5.2015
2460	27.6445	474	382.267	39	0.00285645	0.00292969	0.00651855	0	-6.42733
2461	27.7655	364	293.555	38	0.0027832	0.00292969	0.00651855	0	-7.31445
2468	28.6125	491	395.977	40	0.00292969	0.00292969	0.00651855	0	-6.29023
2480	30.0646	372	300.007	41	0.00300293	0.00292969	0.00651855	0	-7.24993
2472	29.0964	368	296.781	39	0.00285645	0.00292969	0.00651855	0	-7.28219
2465	28.2494	474	382.267	42	0.00307617	0.00292969	0.00651855	0	-6.42733
2464	28.1285	386	311.297	42	0.00307617	0.00292969	0.00651855	0	-7.13703
2470	28.8545	497	400.815	43	0.00314941	0.00292969	0.00651855	0	-6.24185
2468	28.6125	457	368.557	37	0.00270996	0.00292969	0.00651855	0	-6.56443
2477	29.7015	427	344.363	39	0.00285645	0.00292969	0.00651855	0	-6.80637
2465	28.2494	405	326.62	42	0.00307617	0.00292969	0.00651855	0	-6.9838
2468	28.6125	457	368.557	43	0.00314941	0.00292969	0.00651855	0	-6.56443
2473	29.2175	291	234.683	40	0.00292969	0.00292969	0.00651855	0	-7.90317
2469	28.7335	338	272.587	43	0.00314941	0.00292969	0.00651855	0	-7.52413
2466	28.3704	347	279.845	41	0.00300293	0.00292969	0.00651855	0	-7.45155
2468	28.6125	429	345.975	43	0.00314941	0.00292969	0.00651855	0	-6.79025
2469	28.7335	312	251.619	39	0.00285645	0.00292969	0.00651855	0	-7.73381
2462	27.8865	374	301.62	43	0.00314941	0.00292969	0.00651855	0	-7.2338
2463	28.0075	418	337.104	44	0.00322266	0.00292969	0.00651855	0	-6.87896
2465	28.2494	308	248.393	41	0.00300293	0.00292969	0.00651855	0	-7.76607
2472	29.0964	512	412.913	41	0.00300293	0.00292969	0.00651855	0	-6.12088
2468	28.6125	528	425.816	41	0.00300293	0.00292969	0.00651855	0	-5.99184
2469	28.7335	591	476.624	42	0.00307617	0.00292969	0.00651855	0	-5.48376
2462	27.8865	760	612.917	42	0.00307617	0.00292969	0.00651855	0	-4.12083
2471	28.9755	819	660.499	42	0.00307617	0.00292969	0.00651855	0	-3.64501
2473	29.2175	574	462.914	41	0.00300293	0.00292969	0.00651855	0	-5.62086
2467	28.4914	790	637.111	42	0.00307617	0.00292969	0.00651855	0	-3.87889
2470	28.8545	631	508.882	39	0.00285645	0.00292969	0.00651855	0	-5.16118
2466	28.3704	486	391.944	43	0.00285645	0.00292969	0.00314941	0	-6.33056
2464	28.1285	0	0	89	0.00285645	0.00292969	0.00651855	0	-10.25
2468	28.6125	0	0	90	0.00285645	0.00292969	0.0065918	0	-10.25
2469	28.7335	35	28.2264	91	0.00285645	0.00292969	0.00666504	0	-9.96774
2473	29.2175	46	37.0976	90	0.00285645	0.00292969	0.0065918	0	-9.87902
2471	28.9755	185	149.197	86	0.00285645	0.00292969	0.00629883	0	-8.75803
2469	28.7335	70	56.4529	90	0.00285645	0.00292969	0.0065918	0	-9.68547
2472	29.0964	175	141.132	87	0.00285645	0.00292969	0.00637207	0	-8.83868
2475	29.4595	0	0	88	0.00285645	0.00292969	0.00644531	0	-10.25
2470	28.8545	82	66.1305	91	0.00285645	0.00292969	0.00666504	0	-9.5887
2465	28.2494	109	87.9052	86	0.00285645	0.00292969	0.00629883	0	-9.37095
2474	29.3385	132	106.454	88	0.00285645	0.00292969	0.00644531	0	-9.18546
2474	29.3385	76	61.2917	88	0.00285645	0.00292969	0.00644531	0	-9.63708
2468	28.6125	289	233.07	93	0.00285645	0.00292969	0.00681152	0	-7.9193
2474	29.3385	194	156.455	88	0.00285645	0.00292969	0.00644531	0	-8.68545
2468	28.6125	39	31.4523	92	0.00285645	0.00292969	0.00673828	0	-9.93548
2470	28.8545	126	101.615	103	0.00285645	0.00292969	0.00754395	0	-9.23385
2467	28.4914	357	287.91	91	0.00285645	0.00292969	0.00666504	0	-7.3709
2472	29.0964	299	241.134	93	0.00285645	0.00292969	0.00681152	0	-7.83866
2464	28.1285	311	250.812	95	0.00285645	0.00292969	0.00695801	0	-7.74188
2461	27.7655	121	97.5828	73	0.00285645	0.00292969	0.00534668	0	-9.27417
2462	27.8865	523	421.784	96	0.00285645	0.00292969	0.00703125	0	-6.03216
2464	28.1285	339	273.393	91	0.00285645	0.00292969	0.00666504	0	-7.51607
2464	28.1285	272	219.36	94	0.00285645	0.00292969	0.00688477	0	-8.0564
2464	28.1285	274	220.973	74	0.00285645	0.00292969	0.00541992	0	-8.04027
2467	28.4914	364	293.555	94	0.00285645	0.00292969	0.00688477	0	-7.31445
2466	28.3704	264	212.908	90	0.00285645	0.00292969	0.0065918	0	-8.12092
2471	28.9755	302	243.554	93	0.00285645	0.00292969	0.00681152	0	-7.81446
2468	28.6125	341	275.006	84	0.00285645	0.00292969	0.00615234	0	-7.49994
2467	28.4914	397	320.168	82	0.00285645	0.00292969	0.00600586	0	-7.04832
2466	28.3704	467	376.621	87	0.00285645	0.00292969	0.00637207	0	-6.48379
2466	28.3704	306	246.78	91	0.00285645	0.00292969	0.00666504	0	-7.7822
2464	28.1285	335	270.167	86	0.00285645	0.00292969	0.00629883	0	-7.54833
2468	28.6125	284	229.037	86	0.00285645	0.00292969	0.00629883	0	-7.95963
2465	28.2494	451	363.718	91	0.00285645	0.00292969	0.00666504	0	-6.61282
2461	27.7655	211	170.165	91	0.00285645	0.00292969	0.00666504	0	-8.54835
2468	28.6125	276	222.586	88	0.00285645	0.00292969	0.00644531	0	-8.02414
2468	28.6125	506	408.074	88	0.00285645	0.00292969	0.00644531	0	-6.16926
2462	27.8865	481	387.912	87	0.00285645	0.00292969	0.00637207	0	-6.37088
2468	28.6125	558	450.01	87	0.00285645	0.00292969	0.00637207	0	-5.7499
2471	28.9755	557	449.204	89	0.00285645	0.00292969	0.00651855	0	-5.75796
2466	28.3704	406	327.427	88	0.00285645	0.00292969	0.00644531	0	-6.97573
2475	29.4595	635	512.108	94	0.00285645	0.00292969	0.00688477	0	-5.12892
2467	28.4914	626	504.85	88	0.00285645	0.00292969	0.00644531	0	-5.2015
2475	29.4595	572	461.301	88	0.00285645	0.00292969	0.00644531	0	-5.63699
2468	28.6125	474	382.267	88	0.00285645	0.00292969	0.00644531	0	-6.42733
2468	28.6125	517	416.945	88	0.00285645	0.00292969	0.00644531	0	-6.08055
2466	28.3704	384	309.684	89	0.00285645	0.00292969	0.00651855	0	-7.15316
2472	29.0964	444	358.073	87	0.00285645	0.00292969	0.00637207	0	-6.66927
2469	28.7335	394	317.749	87	0.00285645	0.00292969	0.00637207	0	-7.07251
2467	28.4914	597	481.462	86	0.00285645	0.00292969	0.00629883	0	-5.43538
2464	28.1285	581	468.559	88	0.00285645	0.00292969	0.00644531	0	-5.56441
2469	28.7335	650	524.205	89	0.00285645	0.00292969	0.00651855	0	-5.00795
2468	28.6125	441	355.653	84	0.00285645	0.00292969	0.00615234	0	-6.69347
2465	28.2494	472	380.654	90	0.00285645	0.00292969	0.0065918	0	-6.44346
2470	28.8545	505	407.267	88	0.00285645	0.00292969	0.00644531	0	-6.17733
2467	28.4914	332	267.748	84	0.00285645	0.00292969	0.00615234	0	-7.57252
2465	28.2494	609	491.14	88	0.00285645	0.00292969	0.00644531	0	-5.3386
2462	27.8865	524	422.59	90	0.00285645	0.00292969	0.0065918	0	-6.0241
2469	28.7335	406	327.427	91	0.00285645	0.00292969	0.00666504	0	-6.97573
2471	28.9755	480	387.105	89	0.00285645	0.00292969	0.00651855	0	-6.37895
2464	28.1285	459	370.17	89	0.00285645	0.00292969	0.00651855	0	-6.5483
2471	28.9755	504	406.461	86	0.00285645	0.00292969	0.00629883	0	-6.18539
2469	28.7335	490	395.17	87	0.00285645	0.00292969	0.00637207	0	-6.2983
2463	28.0075	361	291.136	91	0.00285645	0.00292969	0.00666504	0	-7.33864
2466	28.3704	580	467.752	89	0.00285645	0.00292969	0.00651855	0	-5.57248
2466	28.3704	399	321.781	91	0.00285645	0.00292969	0.00666504	0	-7.03219
2465	28.2494	461	371.783	89	0.00285645	0.00292969	0.00651855	0	-6.53217
2466	28.3704	419	337.911	86	0.00285645	0.00292969	0.00629883	0	-6.87089
2464	28.1285	406	327.427	85	0.00285645	0.00292969	0.00622559	0	-6.97573
2469	28.7335	492	396.783	89	0.00285645	0.00292969	0.00651855	0	-6.28217
2465	28.2494	419	337.911	88	0.00285645	0.00292969	0.00644531	0	-6.87089
2468	28.6125	617	497.592	84	0.00285645	0.00292969	0.00615234	0	-5.27408
2475	29.4595	366	295.168	86	0.00285645	0.00292969	0.00629883	0	-7.29832
2472	29.0964	548	441.945	84	0.00285645	0.00292969	0.00615234	0	-5.83055
2470	28.8545	491	395.977	89	0.00285645	0.00292969	0.00651855	0	-6.29023
2467	28.4914	398	320.975	87	0.00285645	0.00292969	0.00637207	0	-7.04025
2466	28.3704	397	320.168	90	0.00285645	0.00292969	0.0065918	0	-7.04832
2464	28.1285	484	390.331	90	0.00285645	0.00292969	0.0065918	0	-6.34669
2470	28.8545	678	546.786	85	0.00285645	0.00292969	0.00622559	0	-4.78214
2472	29.0964	440	354.847	85	0.00285645	0.00292969	0.00622559	0	-6.70153
2472	29.0964	510	411.3	90	0.00285645	0.00292969	0.0065918	0	-6.137
2471	28.9755	415	334.685	92	0.00285645	0.00292969	0.00673828	0	-6.90315
2468	28.6125	527	425.01	87	0.00285645	0.00292969	0.00637207	0	-5.9999
2470	28.8545	542	437.107	88	0.00285645	0.00292969	0.00644531	0	-5.87893
2467	28.4914	499	402.428	88	0.00285645	0.00292969	0.00644531	0	-6.22572
2468	28.6125	661	533.076	88	0.00285645	0.00292969	0.00644531	0	-4.91924
2464	28.1285	548	441.945	86	0.00285645	0.00292969	0.00629883	0	-5.83055
2467	28.4914	567	457.268	86	0.00285645	0.00292969	0.00629883	0	-5.67732
2461	27.7655	608	490.334	93	0.00285645	0.00292969	0.00681152	0	-5.34666
2471	28.9755	528	425.816	89	0.00285645	0.00292969	0.00651855	0	-5.99184
2478	29.8225	472	380.654	89	0.00285645	0.00292969	0.00651855	0	-6.44346
2470	28.8545	520	419.364	90	0.00285645	0.00292969	0.0065918	0	-6.05636
2472	29.0964	736	593.562	89	0.00285645	0.00292969	0.00651855	0	-4.31438
2470	28.8545	485	391.138	90	0.00285645	0.00292969	0.0065918	0	-6.33862
2467	28.4914	535	431.461	91	0.00666504	0.00292969	0.0065918	0	-5.93539
2469	28.7335	1528	1232.29	40	0.00292969	0.00292969	0.0065918	0	2.07286
2466	28.3704	1642	1324.22	40	0.00292969	0.00292969	0.0065918	0	2.99223
2465	28.2494	1613	1300.84	41	0.00300293	0.00292969	0.0065918	0	2.75836
2467	28.4914	1559	1257.29	38	0.0027832	0.00292969	0.0065918	0	2.32286
2466	28.3704	1330	1072.6	41	0.00300293	0.00292969	0.0065918	0	0.476047
2467	28.4914	1557	1255.67	42	0.00307617	0.00292969	0.0065918	0	2.30673
2466	28.3704	1444	1164.54	40	0.00292969	0.00292969	0.0065918	0	1.39542
2470	28.8545	1442	1162.93	41	0.00300293	0.00292969	0.0065918	0	1.37929
2467	28.4914	1506	1214.54	39	0.00285645	0.00292969	0.0065918	0	1.89543
2468	28.6125	1338	1079.06	38	0.0027832	0.00292969	0.0065918	0	0.540565
2464	28.1285	1436	1158.09	42	0.00307617	0.00292969	0.0065918	0	1.3309
2472	29.0964	1452	1170.99	40	0.00292969	0.00292969	0.0065918	0	1.45994
2464	28.1285	1460	1177.45	41	0.00300293	0.00292969	0.0065918	0	1.52446
2468	28.6125	1308	1054.86	42	0.00307617	0.00292969	0.0065918	0	0.298624
2467	28.4914	1383	1115.35	40	0.00292969	0.00292969	0.0065918	0	0.903477
2470	28.8545	1154	930.666	42	0.00307617	0.00292969	0.0065918	0	-0.943339
2476	29.5805	1508	1216.16	39	0.00285645	0.00292969	0.0065918	0	1.91156
2471	28.9755	1354	1091.96	45	0.0032959	0.00292969	0.0065918	0	0.669601
2476	29.5805	1310	1056.48	43	0.00314941	0.00292969	0.0065918	0	0.314753
2472	29.0964	1403	1131.48	41	0.00300293	0.00292969	0.0065918	0	1.06477
2476	29.5805	1256	1012.93	40	0.00292969	0.00292969	0.0065918	0	-0.120741
2465	28.2494	1259	1015.35	41	0.00300293	0.00292969	0.0065918	0	-0.0965454
2458	27.4025	1284	1035.51	46	0.00336914	0.00292969	0.0065918	0	0.105072
2468	28.6125	1199	966.957	42	0.00307617	0.00292969	0.0065918	0	-0.580428
2464	28.1285	1365	1100.83	41	0.00300293	0.00292969	0.0065918	0	0.758312
2477	29.7015	1254	1011.31	43	0.00314941	0.00292969	0.0065918	0	-0.136869
2481	30.1856	1420	1145.19	41	0.00300293	0.00292969	0.0065918	0	1.20187
2472	29.0964	1325	1068.57	38	0.0027832	0.00292969	0.0065918	0	0.435724
2465	28.2494	1536	1238.74	38	0.0027832	0.00292969	0.0065918	0	2.13737
2472	29.0964	1257	1013.73	42	0.00307617	0.00292969	0.0065918	0	-0.112675
2469	28.7335	1290	1040.35	41	0.00300293	0.00292969	0.0065918	0	0.153459
2470	28.8545	1256	1012.93	39	0.00285645	0.00292969	0.0065918	0	-0.120741
2468	28.6125	1302	1050.02	40	0.00292969	0.00292969	0.0065918	0	0.250236
2481	30.1856	1228	990.345	43	0.00314941	0.00292969	0.0065918	0	-0.346552
2468	28.6125	1291	1041.15	39	0.00285645	0.00292969	0.0065918	0	0.161523
2472	29.0964	1164	938.731	42	0.00307617	0.00292969	0.0065918	0	-0.862692
2465	28.2494	1262	1017.76	41	0.00300293	0.00292969	0.0065918	0	-0.0723517
2465	28.2494	1149	926.634	38	0.0027832	0.00292969	0.0065918	0	-0.983663
2464	28.1285	1266	1020.99	39	0.00285645	0.00292969	0.0065918	0	-0.040094
2468	28.6125	1186	956.473	39	0.00285645	0.00292969	0.0065918	0	-0.685269
2473	29.2175	1460	1177.45	39	0.00285645	0.00292969	0.0065918	0	1.52446
2466	28.3704	1252	1009.7	42	0.00307617	0.00292969	0.0065918	0	-0.152999
2469	28.7335	1265	1020.18	42	0.00307617	0.00292969	0.0065918	0	-0.048158
2464	28.1285	1162	937.118	42	0.00307617	0.00292969	0.0065918	0	-0.878821
2464	28.1285	1486	1198.41	42	0.00307617	0.00292969	0.0065918	0	1.73414
2476	29.5805	1148	925.827	39	0.00285645	0.00292969	0.0065918	0	-0.991728
2469	28.7335	1253	1010.51	42	0.00307617	0.00292969	0.0065918	0	-0.144935
2467	28.4914	1302	1050.02	41	0.00300293	0.00292969	0.0065918	0	0.250236
2476	29.5805	1241	1000.83	42	0.00307617	0.00292969	0.0065918	0	-0.241711
2472	29.0964	1070	862.923	38	0.0027832	0.00292969	0.0065918	0	-1.62077
2468	28.6125	1272	1025.83	39	0.00285645	0.00292969	0.0065918	0	0.00829468
2466	28.3704	1255	1012.12	38	0.0027832	0.00292969	0.0065918	0	-0.128805
2464	28.1285	1298	1046.8	40	0.00292969	0.00292969	0.0065918	0	0.217977
2461	27.7655	1161	936.311	40	0.00292969	0.00292969	0.0065918	0	-0.886887
2468	28.6125	1453	1171.8	42	0.00307617	0.00292969	0.0065918	0	1.46801
2467	28.4914	1314	1059.7	41	0.00300293	0.00292969	0.0065918	0	0.347013
2469	28.7335	1113	897.601	43	0.00314941	0.00292969	0.0065918	0	-1.27399
2472	29.0964	1109	894.375	39	0.00285645	0.00292969	0.0065918	0	-1.30625
2461	27.7655	1186	956.473	41	0.00300293	0.00292969	0.0065918	0	-0.685269
2460	27.6445	1365	1100.83	41	0.00300293	0.00292969	0.0065918	0	0.758312
2474	29.3385	1242	1001.64	40	0.00292969	0.00292969	0.0065918	0	-0.233646
2471	28.9755	1159	934.698	39	0.00285645	0.00292969	0.0065918	0	-0.903016
2478	29.8225	1396	1125.83	40	0.00292969	0.00292969	0.0065918	0	1.00832
2473	29.2175	1297	1045.99	41	0.00300293	0.00292969	0.0065918	0	0.209912
2455	27.0396	1226	988.732	41	0.00300293	0.00292969	0.0065918	0	-0.362681
2468	28.6125	1178	950.021	41	0.00300293	0.00292969	0.0065918	0	-0.749787
2465	28.2494	1257	1013.73	42	0.00307617	0.00292969	0.0065918	0	-0.112675
2452	26.6766	1220	983.893	39	0.00285645	0.00292969	0.0065918	0	-0.411069
2462	27.8865	1091	879.858	37	0.00270996	0.00292969	0.0065918	0	-1.45142
2460	27.6445	1032	832.277	43	0.00314941	0.00292969	0.0065918	0	-1.92723
2469	28.7335	1256	1012.93	41	0.00300293	0.00292969	0.0065918	0	-0.120741
2472	29.0964	1105	891.149	42	0.00307617	0.00292969	0.0065918	0	-1.33851
2460	27.6445	1301	1049.22	42	0.00307617	0.00292969	0.0065918	0	0.24217
2474	29.3385	1062	856.471	41	0.00300293	0.00292969	0.0065918	0	-1.68529
2469	28.7335	1258	1014.54	41	0.00300293	0.00292969	0.0065918	0	-0.104611
2466	28.3704	1195	963.731	40	0.00292969	0.00292969	0.0065918	0	-0.612687
2462	27.8865	1146	924.214	43	0.00314941	0.00292969	0.0065918	0	-1.00786
2475	29.4595	1147	925.021	42	0.00307617	0.00292969	0.0065918	0	-0.999792
2475	29.4595	1134	914.537	41	0.00300293	0.00292969	0.0065918	0	-1.10463
2471	28.9755	1245	1004.05	40	0.00292969	0.00292969	0.0065918	0	-0.209452
2462	27.8865	1135	915.343	39	0.00285645	0.00292969	0.0065918	0	-1.09657
2465	28.2494	1187	957.28	38	0.0027832	0.00292969	0.0065918	0	-0.677204
2468	28.6125	1229	991.151	41	0.00300293	0.00292969	0.0065918	0	-0.338487
2453	26.7976	1381	1113.73	44	0.00322266	0.00292969	0.0065918	0	0.887346
2476	29.5805	1208	974.215	42	0.00307617	0.00292969	0.0065918	0	-0.507846
2456	27.1605	1293	1042.77	39	0.00285645	0.00292969	0.0065918	0	0.177654
2463	28.0075	1202	969.377	40	0.00292969	0.00292969	0.0065918	0	-0.556234
2473	29.2175	1228	990.345	38	0.0027832	0.00292969	0.0065918	0	-0.346552
2465	28.2494	1181	952.441	40	0.00292969	0.00292969	0.0065918	0	-0.725593
2470	28.8545	1264	1019.38	41	0.00300293	0.00292969	0.0065918	0	-0.0562219
2460	27.6445	1495	1205.67	43	0.00314941	0.00292969	0.0065918	0	1.80672
2461	27.7655	1284	1035.51	40	0.00292969	0.00292969	0.0065918	0	0.105072
2469	28.7335	1166	940.344	40	0.00292969	0.00292969	0.0065918	0	-0.846563
2474	29.3385	1127	908.891	38	0.0027832	0.00292969	0.0065918	0	-1.16109
2468	28.6125	1429	1152.45	41	0.00300293	0.00292969	0.0065918	0	1.27445
2469	28.7335	1440	1161.32	43	0.00300293	0.00314941	0.0065918	0	1.36316
2467	28.4914	1167	941.15	39	0.00300293	0.00285645	0.0065918	0	-0.838498
2465	28.2494	1019	821.793	40	0.00300293	0.00292969	0.0065918	0	-2.03207
2464	28.1285	1271	1025.02	43	0.00300293	0.00314941	0.0065918	0	0.000229492
2469	28.7335	1219	983.087	40	0.00300293	0.00292969	0.0065918	0	-0.419134
2470	28.8545	1104	890.343	41	0.00300293	0.00300293	0.0065918	0	-1.34657
2473	29.2175	977	787.921	40	0.00300293	0.00292969	0.0065918	0	-2.37079
2474	29.3385	1281	1033.09	43	0.00300293	0.00314941	0.0065918	0	0.0808765
2478	29.8225	1237	997.603	37	0.00300293	0.00270996	0.0065918	0	-0.273969
2474	29.3385	1112	896.794	40	0.00300293	0.00292969	0.0065918	0	-1.28206
2469	28.7335	1010	814.534	37	0.00300293	0.00270996	0.0065918	0	-2.10466
2470	28.8545	1027	828.244	41	0.00300293	0.00300293	0.0065918	0	-1.96756
2450	26.4347	1025	826.631	40	0.00300293	0.00292969	0.0065918	0	-1.98369
2473	29.2175	916	738.726	42	0.00300293	0.00307617	0.0065918	0	-2.86274
2473	29.2175	932	751.63	43	0.00300293	0.00314941	0.0065918	0	-2.7337
2462	27.8865	1057	852.439	42	0.00300293	0.00307617	0.0065918	0	-1.72561
2467	28.4914	939	757.275	41	0.00300293	0.00300293	0.0065918	0	-2.67725
2461	27.7655	933	752.436	42	0.00300293	0.00307617	0.0065918	0	-2.72564
2474	29.3385	798	643.563	40	0.00300293	0.00292969	0.0065918	0	-3.81437
2467	28.4914	1013	816.954	41	0.00300293	0.00300293	0.0065918	0	-2.08046
2476	29.5805	939	757.275	40	0.00300293	0.00292969	0.0065918	0	-2.67725
2471	28.9755	912	735.5	40	0.00300293	0.00292969	0.0065918	0	-2.895
2459	27.5235	701	565.335	40	0.00300293	0.00292969	0.0065918	0	-4.59665
2481	30.1856	851	686.306	39	0.00300293	0.00285645	0.0065918	0	-3.38694
2470	28.8545	910	733.887	41	0.00300293	0.00300293	0.0065918	0	-2.91113
2467	28.4914	984	793.566	44	0.00300293	0.00322266	0.0065918	0	-2.31434
2458	27.4025	775	625.014	41	0.00300293	0.00300293	0.0065918	0	-3.99986
2474	29.3385	881	710.5	40	0.00300293	0.00292969	0.0065918	0	-3.145
2460	27.6445	987	795.986	43	0.00300293	0.00314941	0.0065918	0	-2.29014
2464	28.1285	653	526.625	40	0.00300293	0.00292969	0.0065918	0	-4.98375
2469	28.7335	770	620.982	40	0.00300293	0.00292969	0.0065918	0	-4.04018
2470	28.8545	1004	809.696	41	0.00300293	0.00300293	0.0065918	0	-2.15304
2459	27.5235	714	575.819	44	0.00300293	0.00322266	0.0065918	0	-4.49181
2467	28.4914	638	514.528	41	0.00300293	0.00300293	0.0065918	0	-5.10472
2468	28.6125	841	678.241	37	0.00300293	0.00270996	0.0065918	0	-3.46759
2465	28.2494	805	649.208	40	0.00300293	0.00292969	0.0065918	0	-3.75792
2464	28.1285	776	625.82	42	0.00300293	0.00307617	0.0065918	0	-3.9918
2471	28.9755	633	510.495	44	0.00300293	0.00322266	0.0065918	0	-5.14505
2461	27.7655	785	633.079	40	0.00300293	0.00292969	0.0065918	0	-3.91921
2472	29.0964	919	741.146	41	0.00300293	0.00300293	0.0065918	0	-2.83854
2458	27.4025	783	631.466	41	0.00300293	0.00300293	0.0065918	0	-3.93534
2478	29.8225	744	600.013	41	0.00300293	0.00300293	0.0065918	0	-4.24987
2472	29.0964	764	616.143	41	0.00300293	0.00300293	0.0065918	0	-4.08857
2467	28.4914	763	615.336	43	0.00300293	0.00314941	0.0065918	0	-4.09664
2445	25.8298	823	663.725	40	0.00300293	0.00292969	0.0065918	0	-3.61275
2464	28.1285	570	459.688	38	0.00300293	0.0027832	0.0065918	0	-5.65312
2469	28.7335	556	448.397	38	0.00300293	0.0027832	0.0065918	0	-5.76603
2467	28.4914	672	541.948	42	0.00300293	0.00307617	0.0065918	0	-4.83052
2462	27.8865	783	631.466	42	0.00300293	0.00307617	0.0065918	0	-3.93534
2464	28.1285	736	593.562	41	0.00300293	0.00300293	0.0065918	0	-4.31438
2471	28.9755	686	553.238	42	0.00300293	0.00307617	0.0065918	0	-4.71762
2454	26.9186	502	404.848	39	0.00300293	0.00285645	0.0065918	0	-6.20152
2464	28.1285	574	462.914	40	0.00300293	0.00292969	0.0065918	0	-5.62086
2473	29.2175	782	630.659	38	0.00300293	0.0027832	0.0065918	0	-3.94341
2465	28.2494	858	691.951	40	0.00300293	0.00292969	0.0065918	0	-3.33049
2465	28.2494	572	461.301	41	0.00300293	0.00300293	0.0065918	0	-5.63699
2467	28.4914	750	604.852	42	0.00300293	0.00307617	0.0065918	0	-4.20148
2479	29.9435	718	579.045	41	0.00300293	0.00300293	0.0065918	0	-4.45955
2467	28.4914	930	750.017	40	0.00300293	0.00292969	0.0065918	0	-2.74983
2467	28.4914	857	691.145	41	0.00300293	0.00300293	0.0065918	0	-3.33855
2475	29.4595	646	520.979	40	0.00300293	0.00292969	0.0065918	0	-5.04021
2469	28.7335	726	585.497	44	0.00300293	0.00322266	0.0065918	0	-4.39503
2464	28.1285	806	650.015	42	0.00300293	0.00307617	0.0065918	0	-3.74985
2474	29.3385	589	475.011	43	0.00300293	0.00314941	0.0065918	0	-5.49989
2475	29.4595	725	584.691	39	0.00300293	0.00285645	0.0065918	0	-4.40309
2469	28.7335	714	575.819	40	0.00300293	0.00292969	0.0065918	0	-4.49181
2468	28.6125	814	656.466	41	0.00300293	0.00300293	0.0065918	0	-3.68534
2472	29.0964	793	639.53	41	0.00300293	0.00300293	0.0065918	0	-3.8547
2469	28.7335	716	577.432	39	0.00300293	0.00285645	0.0065918	0	-4.47568
2473	29.2175	861	694.37	42	0.00300293	0.00307617	0.0065918	0	-3.3063
2472	29.0964	918	740.339	39	0.00300293	0.00285645	0.0065918	0	-2.84661
2470	28.8545	688	554.851	41	0.00300293	0.00300293	0.0065918	0	-4.70149
2471	28.9755	854	688.725	39	0.00300293	0.00285645	0.0065918	0	-3.36275
2481	30.1856	800	645.176	41	0.00300293	0.00300293	0.0065918	0	-3.79824
2469	28.7335	883	712.113	41	0.00300293	0.00300293	0.0065918	0	-3.12887
2465	28.2494	719	579.852	43	0.00300293	0.00314941	0.0065918	0	-4.45148
2464	28.1285	863	695.983	42	0.00300293	0.00307617	0.0065918	0	-3.29017
2471	28.9755	892	719.371	46	0.00300293	0.00336914	0.0065918	0	-3.05629
2470	28.8545	823	663.725	40	0.00300293	0.00292969	0.0065918	0	-3.61275
2470	28.8545	719	579.852	39	0.00300293	0.00285645	0.0065918	0	-4.45148
2467	28.4914	839	676.628	39	0.00300293	0.00285645	0.0065918	0	-3.48372
2469	28.7335	878	708.08	40	0.00300293	0.00292969	0.0065918	0	-3.1692
2462	27.8865	754	608.078	44	0.00300293	0.00322266	0.0065918	0	-4.16922
2465	28.2494	792	638.724	42	0.00300293	0.00307617	0.0065918	0	-3.86276
2467	28.4914	952	767.759	41	0.00300293	0.00300293	0.0065918	0	-2.57241
2464	28.1285	797	642.756	40	0.00300293	0.00292969	0.0065918	0	-3.82244
2471	28.9755	694	559.69	39	0.00300293	0.00285645	0.0065918	0	-4.6531
2475	29.4595	940	758.082	42	0.00300293	0.00307617	0.0065918	0	-2.66918
2477	29.7015	951	766.953	41	0.00300293	0.00300293	0.0065918	0	-2.58047
2468	28.6125	845	681.467	43	0.00300293	0.00314941	0.0065918	0	-3.43533
2473	29.2175	829	668.563	40	0.00300293	0.00292969	0.0065918	0	-3.56437
2469	28.7335	735	592.755	40	0.00300293	0.00292969	0.0065918	0	-4.32245
2470	28.8545	760	612.917	42	0.00300293	0.00307617	0.0065918	0	-4.12083
2462	27.8865	888	716.145	40	0.00300293	0.00292969	0.0065918	0	-3.08855
2467	28.4914	854	688.725	42	0.00300293	0.00307617	0.0065918	0	-3.36275
2463	28.0075	819	660.499	43	0.00300293	0.00314941	0.0065918	0	-3.64501
2473	29.2175	687	554.045	41	0.00300293	0.00314941	0.0065918	0	-4.70955
2474	29.3385	793	639.53	38	0.0027832	0.00314941	0.0065918	0	-3.8547
2476	29.5805	936	754.856	40	0.00292969	0.00314941	0.0065918	0	-2.70144
2467	28.4914	684	551.625	41	0.00300293	0.00314941	0.0065918	0	-4.73375
2464	28.1285	874	704.855	42	0.00307617	0.00314941	0.0065918	0	-3.20145
2468	28.6125	692	558.077	40	0.00292969	0.00314941	0.0065918	0	-4.66923
2465	28.2494	916	738.726	42	0.00307617	0.00314941	0.0065918	0	-2.86274
2469	28.7335	778	627.433	41	0.00300293	0.00314941	0.0065918	0	-3.97567
2466	28.3704	859	692.758	40	0.00292969	0.00314941	0.0065918	0	-3.32242
2475	29.4595	839	676.628	42	0.00307617	0.00314941	0.0065918	0	-3.48372
2469	28.7335	852	687.112	43	0.00314941	0.00314941	0.0065918	0	-3.37888
2466	28.3704	593	478.237	42	0.00307617	0.00314941	0.0065918	0	-5.46763
2468	28.6125	688	554.851	41	0.00300293	0.00314941	0.0065918	0	-4.70149
2477	29.7015	776	625.82	39	0.00285645	0.00314941	0.0065918	0	-3.9918
2462	27.8865	804	648.402	40	0.00292969	0.00314941	0.0065918	0	-3.76598
2464	28.1285	678	546.786	42	0.00307617	0.00314941	0.0065918	0	-4.78214
2462	27.8865	719	579.852	41	0.00300293	0.00314941	0.0065918	0	-4.45148
2467	28.4914	664	535.496	43	0.00314941	0.00314941	0.0065918	0	-4.89504
2466	28.3704	848	683.886	42	0.00307617	0.00314941	0.0065918	0	-3.41114
2470	28.8545	657	529.851	42	0.00307617	0.00314941	0.0065918	0	-4.95149
2466	28.3704	780	629.046	38	0.0027832	0.00314941	0.0065918	0	-3.95954
2469	28.7335	801	645.982	42	0.00307617	0.00314941	0.0065918	0	-3.79018
2469	28.7335	733	591.142	43	0.00314941	0.00314941	0.0065918	0	-4.33858
2475	29.4595	732	590.336	40	0.00292969	0.00314941	0.0065918	0	-4.34664
2468	28.6125	797	642.756	41	0.00300293	0.00314941	0.0065918	0	-3.82244
2468	28.6125	879	708.887	41	0.00300293	0.00314941	0.0065918	0	-3.16113
2468	28.6125	873	704.048	40	0.00292969	0.00314941	0.0065918	0	-3.20952
2469	28.7335	710	572.594	41	0.00300293	0.00314941	0.0065918	0	-4.52407
2466	28.3704	797	642.756	43	0.00314941	0.00314941	0.0065918	0	-3.82244
2473	29.2175	836	674.209	42	0.00307617	0.00314941	0.0065918	0	-3.50791
2472	29.0964	905	729.855	42	0.00307617	0.00314941	0.0065918	0	-2.95145
2469	28.7335	661	533.076	38	0.0027832	0.00314941	0.0065918	0	-4.91924
2476	29.5805	836	674.209	40	0.00292969	0.00314941	0.0065918	0	-3.50791
2461	27.7655	769	620.175	41	0.00300293	0.00314941	0.0065918	0	-4.04825
2467	28.4914	975	786.308	41	0.00300293	0.00314941	0.0065918	0	-2.38692
2468	28.6125	776	625.82	41	0.00300293	0.00314941	0.0065918	0	-3.9918
2467	28.4914	896	722.597	41	0.00300293	0.00314941	0.0065918	0	-3.02403
2474	29.3385	777	626.627	38	0.0027832	0.00314941	0.0065918	0	-3.98373
2464	28.1285	852	687.112	40	0.00292969	0.00314941	0.0065918	0	-3.37888
2469	28.7335	587	473.398	41	0.00300293	0.00314941	0.0065918	0	-5.51602
2465	28.2494	905	729.855	41	0.00300293	0.00314941	0.0065918	0	-2.95145
2470	28.8545	573	462.107	43	0.00314941	0.00314941	0.0065918	0	-5.62893
2464	28.1285	808	651.628	40	0.00292969	0.00314941	0.0065918	0	-3.73373
2477	29.7015	793	639.53	40	0.00292969	0.00314941	0.0065918	0	-3.8547
2467	28.4914	858	691.951	39	0.00285645	0.00314941	0.0065918	0	-3.33049
2461	27.7655	824	664.531	42	0.00307617	0.00314941	0.0065918	0	-3.60469
2469	28.7335	638	514.528	42	0.00307617	0.00314941	0.0065918	0	-5.10472
2470	28.8545	722	582.271	40	0.00292969	0.00314941	0.0065918	0	-4.42729
2462	27.8865	846	682.273	39	0.00285645	0.00314941	0.0065918	0	-3.42727
2467	28.4914	744	600.013	41	0.00300293	0.00314941	0.0065918	0	-4.24987
2458	27.4025	683	550.819	43	0.00314941	0.00314941	0.0065918	0	-4.74181
2469	28.7335	746	601.626	43	0.00314941	0.00314941	0.0065918	0	-4.23374
2466	28.3704	715	576.626	37	0.00270996	0.00314941	0.0065918	0	-4.48374
2473	29.2175	668	538.722	40	0.00292969	0.00314941	0.0065918	0	-4.86278
2472	29.0964	621	500.818	41	0.00300293	0.00314941	0.0065918	0	-5.24182
2468	28.6125	764	616.143	40	0.00292969	0.00314941	0.0065918	0	-4.08857
2465	28.2494	725	584.691	40	0.00292969	0.00314941	0.0065918	0	-4.40309
2462	27.8865	669	539.528	45	0.0032959	0.00314941	0.0065918	0	-4.85472
2461	27.7655	901	726.629	39	0.00285645	0.00314941	0.0065918	0	-2.98371
2469	28.7335	633	510.495	38	0.0027832	0.00314941	0.0065918	0	-5.14505
2476	29.5805	763	615.336	39	0.00285645	0.00314941	0.0065918	0	-4.09664
2469	28.7335	693	558.883	42	0.00307617	0.00314941	0.0065918	0	-4.66117
2461	27.7655	742	598.401	40	0.00292969	0.00314941	0.0065918	0	-4.26599
2464	28.1285	685	552.432	41	0.00300293	0.00314941	0.0065918	0	-4.72568
2466	28.3704	845	681.467	38	0.0027832	0.00314941	0.0065918	0	-3.43533
2474	29.3385	744	600.013	39	0.00285645	0.00314941	0.0065918	0	-4.24987
2472	29.0964	798	643.563	41	0.00300293	0.00314941	0.0065918	0	-3.81437
2468	28.6125	820	661.305	40	0.00292969	0.00314941	0.0065918	0	-3.63695
2470	28.8545	787	634.692	42	0.00307617	0.00314941	0.0065918	0	-3.90308
2464	28.1285	610	491.947	40	0.00292969	0.00314941	0.0065918	0	-5.33053
2470	28.8545	677	545.98	40	0.00292969	0.00314941	0.0065918	0	-4.7902
2473	29.2175	685	552.432	38	0.0027832	0.00314941	0.0065918	0	-4.72568
2470	28.8545	893	720.177	38	0.0027832	0.00314941	0.0065918	0	-3.04823
2475	29.4595	611	492.753	41	0.00300293	0.00314941	0.0065918	0	-5.32247
2460	27.6445	667	537.915	42	0.00307617	0.00314941	0.0065918	0	-4.87085
2465	28.2494	748	603.239	40	0.00292969	0.00314941	0.0065918	0	-4.21761
2467	28.4914	733	591.142	38	0.0027832	0.00314941	0.0065918	0	-4.33858
2476	29.5805	533	429.848	40	0.00292969	0.00314941	0.0065918	0	-5.95152
2463	28.0075	661	533.076	42	0.00307617	0.00314941	0.0065918	0	-4.91924
2469	28.7335	698	562.916	43	0.00314941	0.00314941	0.0065918	0	-4.62084
2470	28.8545	836	674.209	42	0.00307617	0.00314941	0.0065918	0	-3.50791
2470	28.8545	636	512.915	41	0.00300293	0.00314941	0.0065918	0	-5.12085
2471	28.9755	760	612.917	39	0.00285645	0.00314941	0.0065918	0	-4.12083
2466	28.3704	688	554.851	40	0.00292969	0.00314941	0.0065918	0	-4.70149
2476	29.5805	837	675.015	38	0.0027832	0.00314941	0.0065918	0	-3.49985
2467	28.4914	499	402.428	43	0.00314941	0.00314941	0.0065918	0	-6.22572
2462	27.8865	611	492.753	46	0.00336914	0.00314941	0.0065918	0	-5.32247
2470	28.8545	688	554.851	41	0.00300293	0.00314941	0.0065918	0	-4.70149
2471	28.9755	856	690.338	40	0.00292969	0.00314941	0.0065918	0	-3.34662
2468	28.6125	833	671.789	40	0.00292969	0.00314941	0.0065918	0	-3.53211
2466	28.3704	766	617.756	41	0.00300293	0.00314941	0.0065918	0	-4.07244
2466	28.3704	789	636.305	40	0.00292969	0.00314941	0.0065918	0	-3.88695
2461	27.7655	815	657.273	42	0.00307617	0.00314941	0.0065918	0	-3.67727
2475	29.4595	555	447.591	40	0.00292969	0.00314941	0.0065918	0	-5.77409
2473	29.2175	651	525.012	39	0.00285645	0.00314941	0.0065918	0	-4.99988
2470	28.8545	770	620.982	39	0.00285645	0.00314941	0.00285645	0	-4.04018
2471	28.9755	0	0	90	0.00285645	0.00314941	0.0065918	0	-10.25
2467	28.4914	0	0	92	0.00285645	0.00314941	0.00673828	0	-10.25
2472	29.0964	16	12.9035	90	0.00285645	0.00314941	0.0065918	0	-10.121
2471	28.9755	32	25.807	91	0.00285645	0.00314941	0.00666504	0	-9.99193
2468	28.6125	156	125.809	92	0.00285645	0.00314941	0.00673828	0	-8.99191
2466	28.3704	0	0	86	0.00285645	0.00314941	0.00629883	0	-10.25
2465	28.2494	129	104.035	89	0.00285645	0.00314941	0.00651855	0	-9.20965
2462	27.8865	104	83.8729	96	0.00285645	0.00314941	0.00703125	0	-9.41127
2470	28.8545	97	78.2276	93	0.00285645	0.00314941	0.00681152	0	-9.46772
2467	28.4914	0	0	87	0.00285645	0.00314941	0.00637207	0	-10.25
2470	28.8545	20	16.1294	88	0.00285645	0.00314941	0.00644531	0	-10.0887
2455	27.0396	14	11.2906	86	0.00285645	0.00314941	0.00629883	0	-10.1371
2461	27.7655	221	178.23	88	0.00285645	0.00314941	0.00644531	0	-8.4677
2465	28.2494	108	87.0987	92	0.00285645	0.00314941	0.00673828	0	-9.37901
2461	27.7655	74	59.6788	87	0.00285645	0.00314941	0.00637207	0	-9.65321
2470	28.8545	28	22.5812	95	0.00285645	0.00314941	0.00695801	0	-10.0242
2467	28.4914	105	84.6793	88	0.00285645	0.00314941	0.00644531	0	-9.40321
2462	27.8865	37	29.8394	90	0.00285645	0.00314941	0.0065918	0	-9.95161
2466	28.3704	290	233.876	88	0.00285645	0.00314941	0.00644531	0	-7.91124
2466	28.3704	225	181.456	86	0.00285645	0.00314941	0.00629883	0	-8.43544
2462	27.8865	358	288.716	86	0.00285645	0.00314941	0.00629883	0	-7.36284
2470	28.8545	78	62.9046	89	0.00285645	0.00314941	0.00651855	0	-9.62095
2470	28.8545	292	235.489	87	0.00285645	0.00314941	0.00637207	0	-7.89511
2472	29.0964	44	35.4847	94	0.00285645	0.00314941	0.00688477	0	-9.89515
2469	28.7335	315	254.038	92	0.00285645	0.00314941	0.00673828	0	-7.70962
2467	28.4914	82	66.1305	88	0.00285645	0.00314941	0.00644531	0	-9.5887
2457	27.2815	211	170.165	90	0.00285645	0.00314941	0.0065918	0	-8.54835
2472	29.0964	161	129.842	89	0.00285645	0.00314941	0.00651855	0	-8.95158
2470	28.8545	206	166.133	86	0.00285645	0.00314941	0.00629883	0	-8.58867
2467	28.4914	8	6.45176	88	0.00285645	0.00314941	0.00644531	0	-10.1855
2458	27.4025	208	167.746	88	0.00285645	0.00314941	0.00644531	0	-8.57254
2468	28.6125	174	140.326	92	0.00285645	0.00314941	0.00673828	0	-8.84674
2468	28.6125	208	167.746	89	0.00285645	0.00314941	0.00651855	0	-8.57254
2471	28.9755	85	68.5499	88	0.00285645	0.00314941	0.00644531	0	-9.5645
2471	28.9755	102	82.2599	87	0.00285645	0.00314941	0.00637207	0	-9.4274
2465	28.2494	98	79.034	85	0.00285645	0.00314941	0.00622559	0	-9.45966
2467	28.4914	370	298.394	85	0.00285645	0.00314941	0.00622559	0	-7.26606
2468	28.6125	127	102.422	88	0.00285645	0.00314941	0.00644531	0	-9.22578
2470	28.8545	300	241.941	91	0.00285645	0.00314941	0.00666504	0	-7.83059
2469	28.7335	246	198.392	86	0.00285645	0.00314941	0.00629883	0	-8.26608
2473	29.2175	210	169.359	82	0.00285645	0.00314941	0.00600586	0	-8.55641
2472	29.0964	11	8.87117	89	0.00285645	0.00314941	0.00651855	0	-10.1613
2469	28.7335	263	212.102	88	0.00285645	0.00314941	0.00644531	0	-8.12898
2467	28.4914	203	163.713	86	0.00285645	0.00314941	0.00629883	0	-8.61287
2464	28.1285	177	142.745	86	0.00285645	0.00314941	0.00629883	0	-8.82255
2473	29.2175	170	137.1	89	0.00285645	0.00314941	0.00651855	0	-8.879
2466	28.3704	362	291.942	88	0.00285645	0.00314941	0.00644531	0	-7.33058
2465	28.2494	164	132.261	91	0.00285645	0.00314941	0.00666504	0	-8.92739
2466	28.3704	325	262.103	93	0.00285645	0.00314941	0.00681152	0	-7.62897
2469	28.7335	192	154.842	88	0.00285645	0.00314941	0.00644531	0	-8.70158
2467	28.4914	397	320.168	89	0.00285645	0.00314941	0.00651855	0	-7.04832
2462	27.8865	146	117.745	93	0.00285645	0.00314941	0.00681152	0	-9.07255
2463	28.0075	446	359.686	85	0.00285645	0.00314941	0.00622559	0	-6.65314
2465	28.2494	203	163.713	84	0.00285645	0.00314941	0.00615234	0	-8.61287
2474	29.3385	445	358.879	86	0.00285645	0.00314941	0.00629883	0	-6.66121
2474	29.3385	397	320.168	86	0.00285645	0.00314941	0.00629883	0	-7.04832
2470	28.8545	296	238.715	92	0.00285645	0.00314941	0.00673828	0	-7.86285
2471	28.9755	144	116.132	88	0.00285645	0.00314941	0.00644531	0	-9.08868
2468	28.6125	326	262.909	91	0.00285645	0.00314941	0.00666504	0	-7.62091
2464	28.1285	258	208.069	89	0.00285645	0.00314941	0.00651855	0	-8.16931
2468	28.6125	369	297.587	91	0.00285645	0.00314941	0.00666504	0	-7.27413
2467	28.4914	282	227.424	85	0.00285645	0.00314941	0.00622559	0	-7.97576
2464	28.1285	343	276.619	90	0.00285645	0.00314941	0.0065918	0	-7.48381
2470	28.8545	122	98.3893	87	0.00285645	0.00314941	0.00637207	0	-9.26611
2472	29.0964	205	165.326	93	0.00285645	0.00314941	0.00681152	0	-8.59674
2473	29.2175	216	174.197	90	0.00285645	0.00314941	0.0065918	0	-8.50803
2468	28.6125	463	373.395	89	0.00285645	0.00314941	0.00651855	0	-6.51605
2461	27.7655	165	133.068	84	0.00285645	0.00314941	0.00615234	0	-8.91932
2466	28.3704	273	220.166	85	0.00285645	0.00314941	0.00622559	0	-8.04834
2462	27.8865	116	93.5505	86	0.00285645	0.00314941	0.00629883	0	-9.3145
2472	29.0964	531	428.235	89	0.00285645	0.00314941	0.00651855	0	-5.96765
2472	29.0964	137	110.486	87	0.00285645	0.00314941	0.00637207	0	-9.14514
2466	28.3704	226	182.262	87	0.00285645	0.00314941	0.00637207	0	-8.42738
2466	28.3704	101	81.4534	86	0.00285645	0.00314941	0.00629883	0	-9.43547
2468	28.6125	469	378.234	88	0.00285645	0.00314941	0.00644531	0	-6.46766
2465	28.2494	214	172.585	92	0.00285645	0.00314941	0.00673828	0	-8.52415
2465	28.2494	236	190.327	92	0.00285645	0.00314941	0.00673828	0	-8.34673
2469	28.7335	241	194.359	83	0.00285645	0.00314941	0.0060791	0	-8.30641
2476	29.5805	396	319.362	87	0.00285645	0.00314941	0.00637207	0	-7.05638
2465	28.2494	346	279.039	87	0.00285645	0.00314941	0.00637207	0	-7.45961
2468	28.6125	330	266.135	95	0.00285645	0.00314941	0.00695801	0	-7.58865
2468	28.6125	223	179.843	87	0.00285645	0.00314941	0.00637207	0	-8.45157
2464	28.1285	349	281.458	89	0.00285645	0.00314941	0.00651855	0	-7.43542
2470	28.8545	234	188.714	87	0.00285645	0.00314941	0.00637207	0	-8.36286
2464	28.1285	340	274.2	90	0.00285645	0.00314941	0.0065918	0	-7.508
2471	28.9755	137	110.486	91	0.00285645	0.00314941	0.00666504	0	-9.14514
2463	28.0075	300	241.941	90	0.00285645	0.00314941	0.0065918	0	-7.83059
2462	27.8865	381	307.265	88	0.00285645	0.00314941	0.00644531	0	-7.17735
2470	28.8545	352	283.877	86	0.00285645	0.00314941	0.00629883	0	-7.41123
2465	28.2494	254	204.843	86	0.00285645	0.00314941	0.00629883	0	-8.20157
2470	28.8545	449	362.105	85	0.00285645	0.00314941	0.00622559	0	-6.62895
2468	28.6125	501	404.041	91	0.00285645	0.00314941	0.00666504	0	-6.20959
2468	28.6125	397	320.168	88	0.00285645	0.00314941	0.00644531	0	-7.04832
2471	28.9755	272	219.36	85	0.00285645	0.00314941	0.00622559	0	-8.0564
2464	28.1285	274	220.973	88	0.00285645	0.00314941	0.00644531	0	-8.04027
2468	28.6125	353	284.684	88	0.00644531	0.00314941	0.00644531	0	-7.40316
2477	29.7015	1224	987.119	41	0.00300293	0.00314941	0.00644531	0	-0.37881
2464	28.1285	1134	914.537	38	0.0027832	0.00314941	0.00644531	0	-1.10463
2461	27.7655	1224	987.119	42	0.00307617	0.00314941	0.00644531	0	-0.37881
2462	27.8865	1303	1050.83	42	0.00307617	0.00314941	0.00644531	0	0.258301
2476	29.5805	1311	1057.28	42	0.00307617	0.00314941	0.00644531	0	0.322817
2468	28.6125	1030	830.664	38	0.0027832	0.00314941	0.00644531	0	-1.94336
2469	28.7335	1351	1089.54	40	0.00292969	0.00314941	0.00644531	0	0.645405
2468	28.6125	1183	954.054	40	0.00292969	0.00314941	0.00644531	0	-0.709463
2478	29.8225	1122	904.859	37	0.00270996	0.00314941	0.00644531	0	-1.20141
2475	29.4595	1212	977.441	39	0.00285645	0.00314941	0.00644531	0	-0.475587
2465	28.2494	1312	1058.09	46	0.00336914	0.00314941	0.00644531	0	0.330883
2470	28.8545	1317	1062.12	42	0.00307617	0.00314941	0.00644531	0	0.371206
2461	27.7655	1140	919.375	41	0.00300293	0.00314941	0.00644531	0	-1.05625
2465	28.2494	1086	875.826	40	0.00292969	0.00314941	0.00644531	0	-1.49174
2465	28.2494	1264	1019.38	41	0.00300293	0.00314941	0.00644531	0	-0.0562219
2464	28.1285	1212	977.441	40	0.00292969	0.00314941	0.00644531	0	-0.475587
2476	29.5805	1208	974.215	42	0.00307617	0.00314941	0.00644531	0	-0.507846
2470	28.8545	1253	1010.51	42	0.00307617	0.00314941	0.00644531	0	-0.144935
2464	28.1285	1241	1000.83	39	0.00285645	0.00314941	0.00644531	0	-0.241711
2460	27.6445	1184	954.86	39	0.00285645	0.00314941	0.00644531	0	-0.701398
2465	28.2494	1033	833.083	42	0.00307617	0.00314941	0.00644531	0	-1.91917
2469	28.7335	1150	927.44	43	0.00314941	0.00314941	0.00644531	0	-0.975598
2464	28.1285	1251	1008.89	41	0.00300293	0.00314941	0.00644531	0	-0.161064
2459	27.5235	1117	900.827	41	0.00300293	0.00314941	0.00644531	0	-1.24173
2465	28.2494	1037	836.309	41	0.00300293	0.00314941	0.00644531	0	-1.88691
2471	28.9755	1142	920.988	42	0.00307617	0.00314941	0.00644531	0	-1.04012
2469	28.7335	1288	1038.73	40	0.00292969	0.00314941	0.00644531	0	0.13733
2469	28.7335	1357	1094.38	40	0.00292969	0.00314941	0.00644531	0	0.693794
2466	28.3704	1108	893.568	41	0.00300293	0.00314941	0.00644531	0	-1.31432
2469	28.7335	1019	821.793	41	0.00300293	0.00314941	0.00644531	0	-2.03207
2476	29.5805	1192	961.312	41	0.00300293	0.00314941	0.00644531	0	-0.636881
2467	28.4914	1202	969.377	40	0.00292969	0.00314941	0.00644531	0	-0.556234
2466	28.3704	1145	923.408	39	0.00285645	0.00314941	0.00644531	0	-1.01592
2463	28.0075	1200	967.764	40	0.00292969	0.00314941	0.00644531	0	-0.572363
2461	27.7655	1021	823.406	43	0.00314941	0.00314941	0.00644531	0	-2.01594
2464	28.1285	1049	845.987	42	0.00307617	0.00314941	0.00644531	0	-1.79013
2482	30.3066	1013	816.954	41	0.00300293	0.00314941	0.00644531	0	-2.08046
2470	28.8545	1074	866.148	37	0.00270996	0.00314941	0.00644531	0	-1.58852
2476	29.5805	935	754.049	40	0.00292969	0.00314941	0.00644531	0	-2.70951
2457	27.2815	1307	1054.06	40	0.00292969	0.00314941	0.00644531	0	0.290559
2464	28.1285	1036	835.503	42	0.00307617	0.00314941	0.00644531	0	-1.89497
2462	27.8865	1040	838.729	40	0.00292969	0.00314941	0.00644531	0	-1.86271
2471	28.9755	1073	865.342	40	0.00292969	0.00314941	0.00644531	0	-1.59658
2461	27.7655	1101	887.923	40	0.00292969	0.00314941	0.00644531	0	-1.37077
2473	29.2175	976	787.114	40	0.00292969	0.00314941	0.00644531	0	-2.37886
2470	28.8545	1183	954.054	39	0.00285645	0.00314941	0.00644531	0	-0.709463
2466	28.3704	1228	990.345	41	0.00300293	0.00314941	0.00644531	0	-0.346552
2464	28.1285	1078	869.374	37	0.00270996	0.00314941	0.00644531	0	-1.55626
2461	27.7655	1010	814.534	40	0.00292969	0.00314941	0.00644531	0	-2.10466
2460	27.6445	1001	807.276	39	0.00285645	0.00314941	0.00644531	0	-2.17724
2468	28.6125	1063	857.277	41	0.00300293	0.00314941	0.00644531	0	-1.67723
2468	28.6125	1105	891.149	43	0.00314941	0.00314941	0.00644531	0	-1.33851
2475	29.4595	1071	863.729	41	0.00300293	0.00314941	0.00644531	0	-1.61271
2474	29.3385	1014	817.76	39	0.00285645	0.00314941	0.00644531	0	-2.0724
2474	29.3385	1108	893.568	42	0.00307617	0.00314941	0.00644531	0	-1.31432
2464	28.1285	1102	888.73	43	0.00314941	0.00314941	0.00644531	0	-1.3627
2462	27.8865	924	745.178	42	0.00307617	0.00314941	0.00644531	0	-2.79822
2470	28.8545	867	699.209	40	0.00292969	0.00314941	0.00644531	0	-3.25791
2462	27.8865	1069	862.116	39	0.00285645	0.00314941	0.00644531	0	-1.62884
2459	27.5235	950	766.146	41	0.00300293	0.00314941	0.00644531	0	-2.58854
2468	28.6125	1071	863.729	39	0.00285645	0.00314941	0.00644531	0	-1.61271
2455	27.0396	805	649.208	41	0.00300293	0.00314941	0.00644531	0	-3.75792
2459	27.5235	994	801.631	42	0.00307617	0.00314941	0.00644531	0	-2.23369
2460	27.6445	912	735.5	42	0.00307617	0.00314941	0.00644531	0	-2.895
2476	29.5805	908	732.274	41	0.00300293	0.00314941	0.00644531	0	-2.92726
2469	28.7335	934	753.243	41	0.00300293	0.00314941	0.00644531	0	-2.71757
2466	28.3704	980	790.34	41	0.00300293	0.00314941	0.00644531	0	-2.3466
2458	27.4025	824	664.531	43	0.00314941	0.00314941	0.00644531	0	-3.60469
2464	28.1285	913	736.307	42	0.00307617	0.00314941	0.00644531	0	-2.88693
2466	28.3704	645	520.173	42	0.00307617	0.00314941	0.00644531	0	-5.04827
2462	27.8865	838	675.822	41	0.00300293	0.00314941	0.00644531	0	-3.49178
2461	27.7655	835	673.402	41	0.00300293	0.00314941	0.00644531	0	-3.51598
2473	29.2175	750	604.852	42	0.00307617	0.00314941	0.00644531	0	-4.20148
2470	28.8545	706	569.368	42	0.00307617	0.00314941	0.00644531	0	-4.55632
2469	28.7335	847	683.08	41	0.00300293	0.00314941	0.00644531	0	-3.4192
2474	29.3385	651	525.012	40	0.00292969	0.00314941	0.00644531	0	-4.99988
2475	29.4595	758	611.304	39	0.00285645	0.00314941	0.00644531	0	-4.13696
2464	28.1285	441	355.653	40	0.00292969	0.00314941	0.00644531	0	-6.69347
2469	28.7335	627	505.657	45	0.0032959	0.00314941	0.00644531	0	-5.19343
2465	28.2494	543	437.913	43	0.00314941	0.00314941	0.00644531	0	-5.87087
2470	28.8545	452	364.524	42	0.00307617	0.00314941	0.00644531	0	-6.60476
2465	28.2494	428	345.169	40	0.00292969	0.00314941	0.00644531	0	-6.79831
2466	28.3704	597	481.462	41	0.00300293	0.00314941	0.00644531	0	-5.43538
2465	28.2494	426	343.556	41	0.00300293	0.00314941	0.00644531	0	-6.81444
2465	28.2494	599	483.075	42	0.00307617	0.00314941	0.00644531	0	-5.41925
2465	28.2494	280	225.812	40	0.00292969	0.00314941	0.00644531	0	-7.99188
2476	29.5805	544	438.72	40	0.00292969	0.00314941	0.00644531	0	-5.86281
2464	28.1285	425	342.75	45	0.0032959	0.00314941	0.00644531	0	-6.8225
2466	28.3704	317	255.651	40	0.00292969	0.00314941	0.00644531	0	-7.69349
2470	28.8545	141	113.712	40	0.00292969	0.00314941	0.00644531	0	-9.11288
2474	29.3385	393	316.943	42	0.00307617	0.00314941	0.00644531	0	-7.08057
2465	28.2494	341	275.006	42	0.00307617	0.00314941	0.00644531	0	-7.49994
2473	29.2175	332	267.748	37	0.00270996	0.00314941	0.00644531	0	-7.57252
2480	30.0646	215	173.391	41	0.00300293	0.00314941	0.00644531	0	-8.51609
2469	28.7335	339	273.393	41	0.00300293	0.00314941	0.00644531	0	-7.51607
2473	29.2175	331	266.941	41	0.00300293	0.00300293	0.00644531	0	-7.58058
2474	29.3385	120	96.7764	42	0.00300293	0.00307617	0.00644531	0	-9.28224
2468	28.6125	276	222.586	42	0.00300293	0.00307617	0.00644531	0	-8.02414
2474	29.3385	257	207.263	43	0.00300293	0.00314941	0.00644531	0	-8.17737
2460	27.6445	129	104.035	39	0.00300293	0.00285645	0.00644531	0	-9.20965
2467	28.4914	56	45.1623	41	0.00300293	0.00300293	0.00644531	0	-9.79838
2463	28.0075	153	123.39	41	0.00300293	0.00300293	0.00644531	0	-9.0161
2473	29.2175	263	212.102	42	0.00300293	0.00307617	0.00644531	0	-8.12898
2462	27.8865	129	104.035	41	0.00300293	0.00300293	0.00644531	0	-9.20965
2469	28.7335	208	167.746	42	0.00300293	0.00307617	0.00644531	0	-8.57254
2464	28.1285	13	10.4841	41	0.00300293	0.00300293	0.00644531	0	-10.1452
2466	28.3704	64	51.6141	39	0.00300293	0.00285645	0.00644531	0	-9.73386
2459	27.5235	177	142.745	44	0.00300293	0.00322266	0.00644531	0	-8.82255
2460	27.6445	148	119.358	42	0.00300293	0.00307617	0.00644531	0	-9.05642
2466	28.3704	49	39.517	41	0.00300293	0.00300293	0.00644531	0	-9.85483
2471	28.9755	153	123.39	37	0.00300293	0.00270996	0.00644531	0	-9.0161
2470	28.8545	163	131.455	40	0.00300293	0.00292969	0.00644531	0	-8.93545
2462	27.8865	217	175.004	40	0.00300293	0.00292969	0.00644531	0	-8.49996
2464	28.1285	101	81.4534	40	0.00300293	0.00292969	0.00644531	0	-9.43547
2472	29.0964	279	225.005	42	0.00300293	0.00307617	0.00644531	0	-7.99995
2464	28.1285	135	108.873	41	0.00300293	0.00300293	0.00644531	0	-9.16127
2471	28.9755	247	199.198	39	0.00300293	0.00285645	0.00644531	0	-8.25802
2469	28.7335	56	45.1623	38	0.00300293	0.0027832	0.00644531	0	-9.79838
2464	28.1285	261	210.489	43	0.00300293	0.00314941	0.00644531	0	-8.14511
2458	27.4025	124	100.002	43	0.00300293	0.00314941	0.00644531	0	-9.24998
2472	29.0964	220	177.423	41	0.00300293	0.00300293	0.00644531	0	-8.47577
2466	28.3704	279	225.005	40	0.00300293	0.00292969	0.00644531	0	-7.99995
2469	28.7335	144	116.132	38	0.00300293	0.0027832	0.00644531	0	-9.08868
2469	28.7335	160	129.035	40	0.00300293	0.00292969	0.00644531	0	-8.95965
2474	29.3385	279	225.005	41	0.00300293	0.00300293	0.00644531	0	-7.99995
2468	28.6125	277	223.392	41	0.00300293	0.00300293	0.00644531	0	-8.01608
2477	29.7015	245	197.585	42	0.00300293	0.00307617	0.00644531	0	-8.27415
2468	28.6125	307	247.586	39	0.00300293	0.00285645	0.00644531	0	-7.77414
2467	28.4914	247	199.198	36	0.00300293	0.00263672	0.00644531	0	-8.25802
2472	29.0964	160	129.035	37	0.00300293	0.00270996	0.00644531	0	-8.95965
2465	28.2494	326	262.909	41	0.00300293	0.00300293	0.00644531	0	-7.62091
2464	28.1285	271	218.553	43	0.00300293	0.00314941	0.00644531	0	-8.06447
2463	28.0075	173	139.519	43	0.00300293	0.00314941	0.00644531	0	-8.85481
2470	28.8545	277	223.392	39	0.00300293	0.00285645	0.00644531	0	-8.01608
2471	28.9755	249	200.811	39	0.00300293	0.00285645	0.00644531	0	-8.24189
2466	28.3704	261	210.489	41	0.00300293	0.00300293	0.00644531	0	-8.14511
2470	28.8545	186	150.003	42	0.00300293	0.00307617	0.00644531	0	-8.74997
2464	28.1285	348	280.651	42	0.00300293	0.00307617	0.00644531	0	-7.44349
2460	27.6445	455	366.944	41	0.00300293	0.00300293	0.00644531	0	-6.58056
2464	28.1285	518	417.751	40	0.00300293	0.00292969	0.00644531	0	-6.07249
2474	29.3385	314	253.231	39	0.00300293	0.00285645	0.00644531	0	-7.71769
2466	28.3704	349	281.458	39	0.00300293	0.00285645	0.00644531	0	-7.43542
2462	27.8865	348	280.651	40	0.00300293	0.00292969	0.00644531	0	-7.44349
2470	28.8545	554	446.784	40	0.00300293	0.00292969	0.00644531	0	-5.78216
2468	28.6125	550	443.558	40	0.00300293	0.00292969	0.00644531	0	-5.81442
2465	28.2494	586	472.591	41	0.00300293	0.00300293	0.00644531	0	-5.52409
2465	28.2494	484	390.331	41	0.00300293	0.00300293	0.00644531	0	-6.34669
2474	29.3385	573	462.107	42	0.00300293	0.00307617	0.00644531	0	-5.62893
2462	27.8865	526	424.203	44	0.00300293	0.00322266	0.00644531	0	-6.00797
2467	28.4914	636	512.915	41	0.00300293	0.00300293	0.00644531	0	-5.12085
2477	29.7015	507	408.88	40	0.00300293	0.00292969	0.00644531	0	-6.1612
2469	28.7335	560	451.623	41	0.00300293	0.00300293	0.00644531	0	-5.73377
2465	28.2494	398	320.975	43	0.00300293	0.00314941	0.00644531	0	-7.04025
2470	28.8545	641	516.947	40	0.00300293	0.00292969	0.00644531	0	-5.08053
2464	28.1285	737	594.368	38	0.00300293	0.0027832	0.00644531	0	-4.30632
2472	29.0964	653	526.625	40	0.00300293	0.00292969	0.00644531	0	-4.98375
2466	28.3704	618	498.398	42	0.00300293	0.00307617	0.00644531	0	-5.26602
2461	27.7655	500	403.235	42	0.00300293	0.00307617	0.00644531	0	-6.21765
2463	28.0075	608	490.334	40	0.00300293	0.00292969	0.00644531	0	-5.34666
2466	28.3704	693	558.883	39	0.00300293	0.00285645	0.00644531	0	-4.66117
2476	29.5805	526	424.203	41	0.00300293	0.00300293	0.00644531	0	-6.00797
2464	28.1285	733	591.142	40	0.00300293	0.00292969	0.00644531	0	-4.33858
2466	28.3704	662	533.883	41	0.00300293	0.00300293	0.00644531	0	-4.91117
2462	27.8865	736	593.562	42	0.00300293	0.00307617	0.00644531	0	-4.31438
2471	28.9755	734	591.949	40	0.00300293	0.00292969	0.00644531	0	-4.33051
2466	28.3704	751	605.659	42	0.00300293	0.00307617	0.00644531	0	-4.19341
2475	29.4595	666	537.109	39	0.00300293	0.00285645	0.00644531	0	-4.87891
2465	28.2494	758	611.304	39	0.00300293	0.00285645	0.00644531	0	-4.13696
2463	28.0075	642	517.754	43	0.00300293	0.00314941	0.00644531	0	-5.07246
2468	28.6125	760	612.917	43	0.00300293	0.00314941	0.00644531	0	-4.12083
2469	28.7335	681	549.206	41	0.00300293	0.00300293	0.00644531	0	-4.75794
2469	28.7335	874	704.855	40	0.00300293	0.00292969	0.00644531	0	-3.20145
2468	28.6125	844	680.66	40	0.00300293	0.00292969	0.00644531	0	-3.4434
2470	28.8545	843	679.854	40	0.00300293	0.00292969	0.00644531	0	-3.45146
2464	28.1285	715	576.626	40	0.00300293	0.00292969	0.00644531	0	-4.48374
2472	29.0964	758	611.304	40	0.00300293	0.00292969	0.00644531	0	-4.13696
2466	28.3704	1014	817.76	41	0.00300293	0.00300293	0.00644531	0	-2.0724
2469	28.7335	845	681.467	44	0.00300293	0.00322266	0.00644531	0	-3.43533
2474	29.3385	743	599.207	38	0.00300293	0.0027832	0.00644531	0	-4.25793
2465	28.2494	960	774.211	42	0.00300293	0.00307617	0.00644531	0	-2.50789
2468	28.6125	899	725.016	42	0.00300293	0.00307617	0.00644531	0	-2.99984
2461	27.7655	1036	835.503	42	0.00300293	0.00307617	0.00644531	0	-1.89497
2470	28.8545	926	746.791	41	0.00300293	0.00300293	0.00644531	0	-2.78209
2470	28.8545	903	728.242	39	0.00300293	0.00285645	0.00644531	0	-2.96758
2474	29.3385	988	796.792	40	0.00300293	0.00292969	0.00644531	0	-2.28208
2464	28.1285	874	704.855	41	0.00300293	0.00300293	0.00644531	0	-3.20145
2467	28.4914	840	677.435	40	0.00300293	0.00292969	0.00644531	0	-3.47565
2470	28.8545	1124	906.472	41	0.00300293	0.00300293	0.00644531	0	-1.18528
2471	28.9755	886	714.532	43	0.00300293	0.00314941	0.00644531	0	-3.10468
2470	28.8545	955	770.179	41	0.00300293	0.00300293	0.00644531	0	-2.54821
2465	28.2494	808	651.628	41	0.00300293	0.00300293	0.00644531	0	-3.73373
2465	28.2494	953	768.566	43	0.00314941	0.00300293	0.00644531	0	-2.56434
2461	27.7655	1121	904.053	42	0.00307617	0.00300293	0.00644531	0	-1.20947
2462	27.8865	1168	941.957	41	0.00300293	0.00300293	0.00644531	0	-0.830434
2476	29.5805	1039	837.922	39	0.00285645	0.00300293	0.00644531	0	-1.87078
2466	28.3704	1089	878.246	40	0.00292969	0.00300293	0.00644531	0	-1.46754
2476	29.5805	1165	939.537	40	0.00292969	0.00300293	0.00644531	0	-0.854628
2469	28.7335	1281	1033.09	41	0.00300293	0.00300293	0.00644531	0	0.0808765
2466	28.3704	1194	962.925	40	0.00292969	0.00300293	0.00644531	0	-0.620751
2471	28.9755	1173	945.989	43	0.00314941	0.00300293	0.00644531	0	-0.79011
2468	28.6125	1183	954.054	39	0.00285645	0.00300293	0.00644531	0	-0.709463
2468	28.6125	1310	1056.48	40	0.00292969	0.00300293	0.00644531	0	0.314753
2466	28.3704	1406	1133.9	41	0.00300293	0.00300293	0.00644531	0	1.08896
2461	27.7655	1380	1112.93	42	0.00307617	0.00300293	0.00644531	0	0.879282
2466	28.3704	1356	1093.57	42	0.00307617	0.00300293	0.00644531	0	0.685729
2473	29.2175	1277	1029.86	42	0.00307617	0.00300293	0.00644531	0	0.0486182
2470	28.8545	1347	1086.31	40	0.00292969	0.00300293	0.00644531	0	0.613147
2465	28.2494	1486	1198.41	41	0.00300293	0.00300293	0.00644531	0	1.73414
2457	27.2815	1653	1333.09	41	0.00300293	0.00300293	0.00644531	0	3.08094
2470	28.8545	1569	1265.35	44	0.00322266	0.00300293	0.00644531	0	2.40351
2477	29.7015	1404	1132.28	42	0.00307617	0.00300293	0.00644531	0	1.07284
2468	28.6125	1549	1249.22	40	0.00292969	0.00300293	0.00644531	0	2.24222
2470	28.8545	1599	1289.55	40	0.00292969	0.00300293	0.00644531	0	2.64545
2465	28.2494	1576	1271	39	0.00285645	0.00300293	0.00644531	0	2.45996
2460	27.6445	1608	1296.8	41	0.00300293	0.00300293	0.00644531	0	2.71803
2467	28.4914	1494	1204.87	43	0.00314941	0.00300293	0.00644531	0	1.79866
2465	28.2494	1549	1249.22	42	0.00307617	0.00300293	0.00644531	0	2.24222
2470	28.8545	1613	1300.84	41	0.00300293	0.00300293	0.00644531	0	2.75836
2469	28.7335	1412	1138.74	40	0.00292969	0.00300293	0.00644531	0	1.13735
2467	28.4914	1725	1391.16	39	0.00285645	0.00300293	0.00644531	0	3.6616
2467	28.4914	1684	1358.1	41	0.00300293	0.00300293	0.00644531	0	3.33095
2462	27.8865	1490	1201.64	40	0.00292969	0.00300293	0.00644531	0	1.7664
2465	28.2494	1608	1296.8	41	0.00300293	0.00300293	0.00644531	0	2.71803
2474	29.3385	1532	1235.51	44	0.00322266	0.00300293	0.00644531	0	2.10512
2460	27.6445	1554	1253.25	41	0.00300293	0.00300293	0.00644531	0	2.28254
2463	28.0075	1658	1337.13	39	0.00285645	0.00300293	0.00644531	0	3.12127
2475	29.4595	1601	1291.16	38	0.0027832	0.00300293	0.00644531	0	2.66158
2466	28.3704	1467	1183.09	43	0.00314941	0.00300293	0.00644531	0	1.58091
2468	28.6125	1497	1207.29	44	0.00322266	0.00300293	0.00644531	0	1.82285
2468	28.6125	1520	1225.83	42	0.00307617	0.00300293	0.00644531	0	2.00834
2465	28.2494	1548	1248.42	40	0.00292969	0.00300293	0.00644531	0	2.23415
2467	28.4914	1451	1170.19	40	0.00292969	0.00300293	0.00644531	0	1.45187
2464	28.1285	1506	1214.54	40	0.00292969	0.00300293	0.00644531	0	1.89543
2467	28.4914	1397	1126.64	41	0.00300293	0.00300293	0.00644531	0	1.01638
2463	28.0075	1445	1165.35	41	0.00300293	0.00300293	0.00644531	0	1.40349
2460	27.6445	1488	1200.03	44	0.00322266	0.00300293	0.00644531	0	1.75027
2462	27.8865	1494	1204.87	42	0.00307617	0.00300293	0.00644531	0	1.79866
2460	27.6445	1345	1084.7	42	0.00307617	0.00300293	0.00644531	0	0.597018
2468	28.6125	1313	1058.89	39	0.00285645	0.00300293	0.00644531	0	0.338948
2474	29.3385	1452	1170.99	41	0.00300293	0.00300293	0.00644531	0	1.45994
2463	28.0075	1524	1229.06	44	0.00322266	0.00300293	0.00644531	0	2.0406
2466	28.3704	1416	1141.96	41	0.00300293	0.00300293	0.00644531	0	1.16961
2464	28.1285	1303	1050.83	41	0.00300293	0.00300293	0.00644531	0	0.258301
2471	28.9755	1500	1209.7	40	0.00292969	0.00300293	0.00644531	0	1.84705
2466	28.3704	1341	1081.48	40	0.00292969	0.00300293	0.00644531	0	0.564758
2466	28.3704	1485	1197.61	41	0.00300293	0.00300293	0.00644531	0	1.72608
2462	27.8865	1464	1180.67	41	0.00300293	0.00300293	0.00644531	0	1.55672
2455	27.0396	1410	1137.12	41	0.00300293	0.00300293	0.00644531	0	1.12122
2474	29.3385	1522	1227.45	40	0.00292969	0.00300293	0.00644531	0	2.02447
2475	29.4595	1608	1296.8	43	0.00314941	0.00300293	0.00644531	0	2.71803
2472	29.0964	1545	1246	40	0.00292969	0.00300293	0.00644531	0	2.20996
2465	28.2494	1688	1361.32	42	0.00307617	0.00300293	0.00644531	0	3.36321
2470	28.8545	1689	1362.13	42	0.00307617	0.00300293	0.00644531	0	3.37127
2466	28.3704	1638	1321	44	0.00322266	0.00300293	0.00644531	0	2.95997
2463	28.0075	1773	1429.87	42	0.00307617	0.00300293	0.00644531	0	4.04871
2469	28.7335	1822	1469.39	38	0.0027832	0.00300293	0.00644531	0	4.44388
2471	28.9755	1819	1466.97	40	0.00292969	0.00300293	0.00644531	0	4.41968
2469	28.7335	1894	1527.45	40	0.00292969	0.00300293	0.00644531	0	5.02454
2471	28.9755	1745	1407.29	40	0.00292969	0.00300293	0.00644531	0	3.8229
2471	28.9755	1925	1552.45	42	0.00307617	0.00300293	0.00644531	0	5.27454
2459	27.5235	2052	1654.88	41	0.00300293	0.00300293	0.00644531	0	6.29876
2462	27.8865	2052	1654.88	40	0.00292969	0.00300293	0.00644531	0	6.29876
2466	28.3704	1954	1575.84	35	0.00256348	0.00300293	0.00644531	0	5.50842
2461	27.7655	2042	1646.81	41	0.00300293	0.00300293	0.00644531	0	6.21811
2467	28.4914	2066	1666.17	39	0.00285645	0.00300293	0.00644531	0	6.41166
2465	28.2494	2019	1628.26	40	0.00292969	0.00300293	0.00644531	0	6.03262
2462	27.8865	2075	1673.42	42	0.00307617	0.00300293	0.00644531	0	6.48425
2465	28.2494	1987	1602.46	39	0.00285645	0.00300293	0.00644531	0	5.77455
2467	28.4914	2295	1850.85	40	0.00292969	0.00300293	0.00644531	0	8.25848
2464	28.1285	2151	1734.72	42	0.00307617	0.00300293	0.00644531	0	7.09716
2462	27.8865	2203	1776.65	39	0.00285645	0.00300293	0.00644531	0	7.51653
2472	29.0964	2381	1920.2	39	0.00285645	0.00300293	0.00644531	0	8.95204
2464	28.1285	2235	1802.46	38	0.0027832	0.00300293	0.00644531	0	7.7746
2464	28.1285	2406	1940.37	40	0.00292969	0.00300293	0.00644531	0	9.15366
2472	29.0964	2295	1850.85	38	0.0027832	0.00300293	0.00644531	0	8.25848
2475	29.4595	2201	1775.04	40	0.00292969	0.00300293	0.00644531	0	7.5004
2466	28.3704	2276	1835.53	42	0.00307617	0.00300293	0.00644531	0	8.10525
2472	29.0964	2456	1980.69	42	0.00307617	0.00300293	0.00644531	0	9.5569
2472	29.0964	2367	1908.91	39	0.00285645	0.00300293	0.00644531	0	8.83914
2470	28.8545	2327	1876.66	41	0.00300293	0.00300293	0.00644531	0	8.51655
2471	28.9755	2290	1846.82	42	0.00307617	0.00300293	0.00644531	0	8.21816
2462	27.8865	2397	1933.11	43	0.00314941	0.00300293	0.00644531	0	9.08108
2464	28.1285	2377	1916.98	42	0.00307617	0.00300293	0.00644531	0	8.91979
2465	28.2494	2486	2004.88	41	0.00300293	0.00300293	0.00644531	0	9.79884
2465	28.2494	2359	1902.46	42	0.00307617	0.00300293	0.00644531	0	8.77462
2467	28.4914	2483	2002.46	39	0.00285645	0.00300293	0.00644531	0	9.77464
2469	28.7335	2467	1989.56	39	0.00285645	0.00300293	0.00644531	0	9.64561
2464	28.1285	2464	1987.14	42	0.00285645	0.00300293	0.00307617	0	9.62142
2466	28.3704	1370	1104.86	92	0.00285645	0.00300293	0.00673828	0	0.798635
2464	28.1285	1589	1281.48	90	0.00285645	0.00300293	0.0065918	0	2.5648
2470	28.8545	1351	1089.54	89	0.00285645	0.00300293	0.00651855	0	0.645405
2465	28.2494	1645	1326.64	94	0.00285645	0.00300293	0.00688477	0	3.01643
2464	28.1285	1434	1156.48	91	0.00285645	0.00300293	0.00666504	0	1.31478
2464	28.1285	1477	1191.16	91	0.00285645	0.00300293	0.00666504	0	1.66156
2470	28.8545	1273	1026.64	92	0.00285645	0.00300293	0.00673828	0	0.0163599
2467	28.4914	1457	1175.03	91	0.00285645	0.00300293	0.00666504	0	1.50026
2465	28.2494	1422	1146.8	89	0.00285645	0.00300293	0.00651855	0	1.218
2472	29.0964	1426	1150.03	88	0.00285645	0.00300293	0.00644531	0	1.25026
2468	28.6125	1451	1170.19	92	0.00285645	0.00300293	0.00673828	0	1.45187
2467	28.4914	1335	1076.64	91	0.00285645	0.00300293	0.00666504	0	0.516371
2465	28.2494	1400	1129.06	91	0.00285645	0.00300293	0.00666504	0	1.04058
2470	28.8545	1362	1098.41	90	0.00285645	0.00300293	0.0065918	0	0.734117
2464	28.1285	1400	1129.06	88	0.00285645	0.00300293	0.00644531	0	1.04058
2467	28.4914	1411	1137.93	91	0.00285645	0.00300293	0.00666504	0	1.12929
2467	28.4914	1470	1185.51	91	0.00285645	0.00300293	0.00666504	0	1.6051
2467	28.4914	1394	1124.22	90	0.00285645	0.00300293	0.0065918	0	0.992189
2474	29.3385	1261	1016.96	91	0.00285645	0.00300293	0.00666504	0	-0.0804175
2471	28.9755	1466	1182.28	87	0.00285645	0.00300293	0.00637207	0	1.57285
2468	28.6125	1424	1148.41	88	0.00285645	0.00300293	0.00644531	0	1.23413
2465	28.2494	1303	1050.83	88	0.00285645	0.00300293	0.00644531	0	0.258301
2466	28.3704	1465	1181.48	90	0.00285645	0.00300293	0.0065918	0	1.56478
2463	28.0075	1495	1205.67	91	0.00285645	0.00300293	0.00666504	0	1.80672
2465	28.2494	1484	1196.8	90	0.00285645	0.00300293	0.0065918	0	1.71801
2470	28.8545	1383	1115.35	89	0.00285645	0.00300293	0.00651855	0	0.903477
2466	28.3704	1228	990.345	89	0.00285645	0.00300293	0.00651855	0	-0.346552
2462	27.8865	1260	1016.15	91	0.00285645	0.00300293	0.00666504	0	-0.0884814
2472	29.0964	1456	1174.22	92	0.00285645	0.00300293	0.00673828	0	1.4922
2470	28.8545	1252	1009.7	92	0.00285645	0.00300293	0.00673828	0	-0.152999
2474	29.3385	1233	994.377	86	0.00285645	0.00300293	0.00629883	0	-0.306229
2468	28.6125	1317	1062.12	90	0.00285645	0.00300293	0.0065918	0	0.371206
2463	28.0075	1426	1150.03	90	0.00285645	0.00300293	0.0065918	0	1.25026
2468	28.6125	1137	916.956	90	0.00285645	0.00300293	0.0065918	0	-1.08044
2466	28.3704	1291	1041.15	88	0.00285645	0.00300293	0.00644531	0	0.161523
2465	28.2494	1218	982.28	91	0.00285645	0.00300293	0.00666504	0	-0.427199
2469	28.7335	1320	1064.54	89	0.00285645	0.00300293	0.00651855	0	0.3954
2463	28.0075	1287	1037.93	88	0.00285645	0.00300293	0.00644531	0	0.129265
2468	28.6125	1371	1105.67	88	0.00285645	0.00300293	0.00644531	0	0.806699
2464	28.1285	1410	1137.12	90	0.00285645	0.00300293	0.0065918	0	1.12122
2466	28.3704	1269	1023.41	89	0.00285645	0.00300293	0.00651855	0	-0.0158984
2464	28.1285	1378	1111.32	89	0.00285645	0.00300293	0.00651855	0	0.863153
2470	28.8545	1131	912.117	87	0.00285645	0.00300293	0.00637207	0	-1.12883
