#Datum	Latitude	Longitude
06160832	51.5582731488909	9.93852605258449
06160834	51.5582417290695	9.93869993573209
06160834	51.5582468661693	9.93864041812518
06160834	51.5582795549441	9.93834011128285
06160834	51.5582914365908	9.93826016255457
06160834	51.558323725208	9.93803567988416
06160834	51.5582496457962	9.93849618784958
06160834	51.5582467312174	9.93851462341405
06160834	51.5582468717261	9.93851403871018
06160835	51.5582470588955	9.93851271939018
06160835	51.5582469564537	9.93851376673573
06160835	51.5582823934949	9.93830871941187
06160835	51.5582501215193	9.93849513741091
06160835	51.5582653369458	9.93841096242686
06160835	51.5582504992114	9.93849380888455
06160835	51.5582475065288	9.93851064743464
06160835	51.5582470428154	9.93851341147624
06160835	51.5582278529673	9.93875942617573
06160836	51.5582424126287	9.93857217024053
06160836	51.5582460626281	9.93852537843269
06160836	51.5582899431767	9.93826478545295
06160836	51.5582930601451	9.93824725760159
06160836	51.5582344304238	9.93866413831598
06160836	51.5582646568836	9.9384223904129
06160836	51.5582524812853	9.93848009567239
06160837	51.5582485610204	9.93850417251976
06160837	51.5582473451856	9.93851156618797
06160837	51.5582613224298	9.93843352490556
06160837	51.5582363907681	9.9385814012725
06160837	51.5582310197591	9.93868792569092
06160837	51.5582527152598	9.93868690436267
06160837	51.5582724035685	9.9386459806526
06160837	51.5582820780682	9.93861632362979
06160837	51.5582815636303	9.93859844217826
06160838	51.5582159142752	9.93879839494922
06160839	51.5582152849609	9.93880026928354
06160840	51.5582152043685	9.93880050062672
06160840	51.558215285983	9.93880020819531
06160840	51.5582266468463	9.93876219462179
06160840	51.5582151449583	9.9388006795034
06160841	51.5582151052931	9.93880081220623
06160841	51.5582187002425	9.93878878349891
06160841	51.5582155835917	9.93879918515108
06160841	51.5582151058837	9.93880080545354
06160842	51.5582152527328	9.93880031770467
06160843	51.5582152888823	9.93880019763673
06160843	51.558215297781	9.93880016808047
06160844	51.5582152999713	9.93880016080543
06160845	51.5582181272513	9.93879070072211
06160846	51.5582208940566	9.93878144298674
06160846	51.5582248552697	9.93876818875991
06160847	51.5582164318243	9.93879637363763
06160848	51.5582151105982	9.93880079446471
06160849	51.5582148082843	9.93880182289394
06160849	51.5582148511008	9.93880166690101
06160850	51.558225988191	9.93876440147276
06160850	51.5582151681258	9.93880055664926
06160850	51.5582151155325	9.93880076848578
06160851	51.5582261784479	9.93876375353822
06160851	51.558256281682	9.938663032381
06160851	51.5582158378627	9.93879836103652
06160851	51.5582150809278	9.93880089381702
06160851	51.5582150092038	9.93880117375925
06160851	51.5582151371178	9.93880067573787
06160851	51.5582200356631	9.93878426555023
06160851	51.5582159844589	9.93879786366469
06160852	51.55823100273	9.93874762063743
06160852	51.5582159125059	9.93879805071699
06160852	51.5582276827624	9.93875867833754
06160852	51.558246762287	9.93851966259467
06160852	51.5582902494142	9.93857848294848
06160852	51.5582512080704	9.93852276063532
06160852	51.5582449121857	9.93850979002248
06160852	51.5582530122131	9.93854690623652
06160853	51.5582542515226	9.93854839746705
06160853	51.558233249188	9.93871862081844
06160853	51.558216312903	9.93879529742751
06160853	51.5582753632618	9.93873847641576
06160853	51.5582897879869	9.93857476550177
06160853	51.5582426376797	9.9386196117519
06160854	51.558280835395	9.93853573560066
06160854	51.5582547832192	9.93851385491654
06160854	51.5582318865459	9.93872350356039
06160854	51.5582450025011	9.93853592999005
06160854	51.5582800866963	9.93832494836688
06160854	51.5582581182334	9.93845016676481
06160854	51.5582504464886	9.93849388752168
06160855	51.5582571820752	9.93845252552362
06160855	51.5582253540895	9.93871624890403
06160855	51.5582464668787	9.93860165963379
06160855	51.55823074504	9.93873422383256
06160855	51.5582525442582	9.93851188042361
06160856	51.5582627761889	9.93843439347623
06160856	51.5582517629042	9.93849018609374
06160856	51.5582482678092	9.93850784642087
06160857	51.5582231505249	9.93872909476441
06160857	51.5582385054306	9.93858951086292
06160858	51.5582207274282	9.93874924775442
06160858	51.5582163715662	9.93878851513948
06160859	51.5582152994708	9.93879817990989
06160859	51.5582357794309	9.93861343492266
06160900	51.5582381812225	9.93862467359378
06160900	51.5582323040797	9.93862255545386
06160901	51.5582192811538	9.9387571278284
06160902	51.5582159519739	9.93879066706009
06160902	51.5582151525469	9.9387988718555
06160903	51.5582149995502	9.93880072794868
06160903	51.5582149615609	9.93880118779308
06160904	51.5582152286448	9.93880040262282
06160904	51.558215203645	9.93880049577789
06160905	51.5582151102139	9.93880078582572
06160906	51.5582150490375	9.93880099800388
06160907	51.5582149538224	9.93880130359347
06160907	51.5582435184193	9.938625771526
06160907	51.5582454595544	9.93855427558177
06160908	51.5582461119193	9.93852971905327
06160908	51.5582463321183	9.93852130274086
06160909	51.5582464330904	9.93851825694377
06160910	51.5582465112643	9.93851675059671
06160910	51.5582465356269	9.93851611665067
06160910	51.5582468466936	9.9385142625132
06160911	51.558246934163	9.93851362371533
06160911	51.5582469238145	9.93851389234344
06160912	51.558246898	9.93851430506838
06160912	51.5582468798777	9.93851449085213
06160913	51.5582801853612	9.93832196662314
06160913	51.55830708288	9.93843883790584
06160913	51.5582754399333	9.93843504969857
06160913	51.5582653139934	9.93843313031618
06160913	51.5582617235162	9.93843401089991
06160914	51.558260881612	9.93843232705315
06160914	51.5582605351595	9.93843220224679
06160914	51.5582604591185	9.93843178908519
06160915	51.5582603791517	9.93843211366273
06160915	51.5582603366224	9.93843248218829
06160916	51.5582349145175	9.93868792133998
06160916	51.5582529780212	9.93850686685096
06160916	51.5582454791873	9.93853404517763
06160916	51.5582553420684	9.9384668920737
06160917	51.5582495628697	9.93849926038506
06160918	51.5582477350694	9.93850956529928
06160918	51.5582470420956	9.93851350645294
06160919	51.5582468692151	9.93851445864758
06160919	51.558246768943	9.93851492120396
06160920	51.5582468512553	9.93851418079802
06160920	51.5582468380728	9.93851438433703
06160921	51.558246929758	9.93851389804968
06160921	51.5582468378183	9.93851422715406
06160922	51.5582469120391	9.93851383788514
06160922	51.5582469474024	9.93851365712371
06160923	51.5582469070407	9.93851390417409
06160923	51.5582469547671	9.93851350128472
06160924	51.5582469452238	9.93851352397543
06160924	51.5582228049853	9.93873101121359
06160924	51.5582169547582	9.93878383265479
06160924	51.5582155028038	9.93879682741841
06160925	51.5582362635577	9.93860936650114
06160925	51.5582199590049	9.9387552041776
06160925	51.5582160630869	9.93879045000043
06160925	51.558215160096	9.93879886712918
06160926	51.5582149378173	9.93880093907532
06160927	51.5582148830895	9.93880144921488
06160928	51.5582250827463	9.93867745494376
06160928	51.5582173125913	9.93877127904351
06160929	51.5582368695714	9.93860103329743
06160929	51.5582204010325	9.93875186624803
06160930	51.5582375798806	9.93859722921946
06160930	51.558243544976	9.93854364990713
06160930	51.5582456146309	9.93852512110199
06160930	51.55822257057	9.93873314186902
06160931	51.5582388245529	9.93858704071606
06160931	51.5582440174292	9.938539976769
06160931	51.5582455679921	9.93852906464909
06160932	51.5582464034401	9.93851947574804
06160932	51.5582464941011	9.93851742470699
06160932	51.5582479814381	9.93852014820705
06160932	51.5582805318841	9.93832235951809
06160933	51.5582887337164	9.93827274013228
06160933	51.5582613471029	9.93843040298415
06160933	51.5582519481413	9.93848475237826
06160934	51.5582487383127	9.93850330847351
06160934	51.558235884571	9.93858304536537
06160934	51.5582774246673	9.93833917155685
06160934	51.5582879449016	9.93827759140899
06160934	51.5582326825165	9.93867482313789
06160935	51.5582195432011	9.93876945557141
06160935	51.5582732994463	9.93838643824657
06160935	51.5582869187018	9.93828904647427
06160935	51.5582903500947	9.9382643092085
06160936	51.5582912095126	9.93825790040698
06160936	51.5582555680949	9.93851348217437
06160936	51.5582826297506	9.93832013330506
06160937	51.5582542673603	9.93847870439583
06160937	51.5582494508611	9.93850181270695
06160937	51.5582234911947	9.93872749961971
06160938	51.5582172589979	9.93878252907114
06160938	51.5582156505747	9.93879627538093
06160938	51.5582241035207	9.93877646631495
06160938	51.5582390988882	9.93860411872471
06160939	51.5582440882855	9.93854576033437
06160939	51.5582459101971	9.93852501041608
06160940	51.5582348331889	9.93859076259285
06160940	51.5582426661295	9.93854095851125
06160940	51.558245391975	9.93852385317127
06160941	51.5582469740511	9.93852637350164
06160941	51.5583798431769	9.93864299057055
06160941	51.5583776827462	9.93864120076048
06160942	51.5583025555928	9.93847463577788
06160942	51.5582942491299	9.93831131673519
06160942	51.5582484700378	9.93864852238175
06160943	51.5582510093878	9.93854142466166
06160943	51.5582623226479	9.93844384555301
06160943	51.5582549332765	9.93848372356903
06160944	51.5582636213766	9.9384253332432
06160944	51.5582663748749	9.93840682786769
06160945	51.5582561205807	9.93847300008566
06160946	51.5582640329849	9.93842170564862
06160947	51.5582405126572	9.93855838274912
06160948	51.5582487772123	9.93851603284395
06160948	51.5582474203797	9.93851560330564
06160949	51.5582352500609	9.93858813318798
06160949	51.5582200618966	9.93874847072249
06160950	51.5582163232085	9.93878793912332
06160950	51.5582153467587	9.93879784239998
06160951	51.5582151789943	9.93880005124937
06160952	51.5582358764492	9.9386132527914
06160953	51.5582431070189	9.93854799612369
06160953	51.5582404766111	9.93860433931802
06160953	51.5582446132173	9.93854575031616
06160953	51.5582459870059	9.93852535779418
06160953	51.5582466871233	9.93851712574623
06160953	51.5582466185413	9.93851655894529
06160953	51.5582468105278	9.93851511547501
06160954	51.5582230564752	9.93872999829782
06160955	51.5582387255172	9.93858835427218
06160955	51.5582405429804	9.93858802170228
06160956	51.5582539353224	9.9384832066441
06160956	51.5582247911872	9.9387223000701
06160956	51.5582174809077	9.93878189080631
06160956	51.5582368674399	9.9386057262351
06160956	51.5582434981488	9.93854540645435
06160957	51.5582457443792	9.93852498146262
06160957	51.5582465107894	9.93851800346173
06160957	51.5582467735086	9.93851561145974
06160958	51.5582468636566	9.93851479068192
06160958	51.5582468945894	9.93851450904578
06160959	51.5582802049923	9.93832204457264
06160959	51.558258021251	9.93845019063991
06160959	51.558217887125	9.93877772036192
06160959	51.5582252298062	9.93878204494199
06160959	51.5582492091412	9.93870437697726
06160959	51.5582912503016	9.93826124530862
06160959	51.5582293787442	9.93875017120416
06161000	51.5582423850217	9.93855516585178
06161000	51.5582903992821	9.93825892794009
06161000	51.5582922727907	9.9382597773823
06161000	51.5582917626933	9.93827422226735
06161001	51.558393223429	9.93850955122754
06161001	51.5582253931326	9.93879880733911
06161001	51.5582175017822	9.9388005018739
06161001	51.5582282062329	9.93876338406594
06161001	51.5582572656967	9.93866262035969
06161001	51.5582686053518	9.93862330011172
06161001	51.5582754483924	9.93859957187359
06161002	51.5582783880861	9.93858937848807
06161002	51.5582276775042	9.93876714552729
06161002	51.5582403854209	9.93872263598641
06161002	51.5582561176654	9.93866750910662
06161003	51.558265745453	9.93863377266338
06161004	51.5582716398216	9.93861311838252
06161005	51.5582752484775	9.9386004733991
06161005	51.5582774577571	9.93859273192821
06161006	51.5582788103046	9.93858799250703
06161007	51.5582414457143	9.93870426636216
06161007	51.5582482956909	9.93868280492585
06161007	51.558240907431	9.93870593562129
06161007	51.5582455276983	9.93869146194802
06161008	51.5582622571362	9.93863905471625
06161008	51.5582790560595	9.93858642981184
06161008	51.5582853652379	9.93856666545526
06161008	51.5582857438177	9.93856547950295
06161008	51.5582409977193	9.93870565256835
06161008	51.5582412706395	9.93870479760988
06161008	51.5582161209302	9.9386905771687
06161008	51.558182347718	9.938657433183
06161008	51.5581517201608	9.93862642815671
06161008	51.5581214772577	9.9385958125252
06161008	51.5580916141777	9.93856558139798
06161008	51.5580621261507	9.93853572994599
06161009	51.5581678242891	9.93855736193933
06161009	51.5582224672629	9.93856854507975
06161009	51.5582403362194	9.93870470388653
06161010	51.5582421108318	9.93869927674138
06161010	51.5582218044201	9.93877568606197
06161011	51.5582169014496	9.9387941350447
06161011	51.5582156797879	9.93879871500061
06161012	51.5582153938315	9.9387998037686
06161012	51.5582164102449	9.93879638958237
06161013	51.558215573646	9.93879923131419
06161013	51.5582153677037	9.93879993085323
06161014	51.5582183169911	9.9387900628637
06161014	51.5582222764947	9.93877681455062
06161014	51.5582165260856	9.93879604603916
06161015	51.55821552224	9.93879942555524
06161015	51.5582153086468	9.93880013386836
06161016	51.5582152067434	9.93880047327372
06161016	51.5582162419964	9.93879705377654
06161016	51.5582154194264	9.93879975996757
06161017	51.5582152339786	9.93880038134954
06161017	51.5582150729068	9.93880099645191
06161017	51.5582336790177	9.93873877757291
06161017	51.5582667252894	9.93862816221016
06161017	51.5582851631994	9.93856641724871
06161017	51.5582161095834	9.9387958520359
06161018	51.5582321928653	9.93874232769472
06161018	51.558228588338	9.9387637036023
06161018	51.558215826535	9.93879644061486
06161018	51.5582255822167	9.93875743267416
06161018	51.5582588750949	9.93864754388059
06161018	51.5582816150042	9.93857559044914
06161018	51.5582817602644	9.938576503621
06161018	51.5582812620884	9.93857895307138
06161018	51.5582810948901	9.93857977515452
06161019	51.5582809937824	9.93858027228218
06161019	51.5582809441046	9.93858051653856
06161019	51.558280928627	9.93858059263903
06161019	51.5582809298876	9.93858058644081
06161019	51.558280935843	9.9385805571593
06161019	51.5582809410528	9.93858053154358
06161019	51.5582809440787	9.93858051666619
06161019	51.5582809452941	9.93858051069029
06161019	51.5582809451278	9.93858051150759
06161020	51.558280944953	9.9385805123672
06161020	51.5582809448534	9.93858051285683
06161020	51.5582809448113	9.93858051306391
06161020	51.558215998221	9.93879556098079
06161020	51.558228556988	9.93875397702635
06161020	51.5582656383523	9.93863119504315
06161020	51.5582160751281	9.93879530632933
06161020	51.5582382790804	9.93872178569892
06161020	51.5582726536749	9.93860796624254
06161020	51.5582871440562	9.93855998640963
06161021	51.5582893227819	9.93855277232121
06161021	51.5582868593663	9.93856092906122
06161021	51.5582838813926	9.93857078958043
06161021	51.5582818541134	9.93857750220719
06161021	51.558280889018	9.93858069778312
06161021	51.5582806117207	9.93858161595649
06161021	51.5582806513222	9.9385814848297
06161021	51.5582287948513	9.93876303718806
06161021	51.5582386876724	9.93872841762946
06161022	51.5582158261252	9.93879620325433
06161022	51.5582397722913	9.93871422133947
06161022	51.5582616666714	9.93864262971472
06161022	51.5582707378303	9.93861340126155
06161022	51.5582769049722	9.93859352992859
06161022	51.5582791151213	9.93858640854104
06161022	51.5582801774711	9.93858298551199
06161022	51.5582160867557	9.93879528388447
06161022	51.5582294736145	9.93875097850448
06161023	51.5582658781504	9.93863042262577
06161023	51.5582161858989	9.93879495614664
06161023	51.5582311941726	9.93874525559496
06161023	51.5582604966519	9.93864822306283
06161023	51.5582986950446	9.93861940154248
06161023	51.5582432102868	9.93870160289052
06161023	51.5582136998924	9.93879293945704
06161023	51.5582736220523	9.93834444646236
06161023	51.5582854248397	9.93827807233854
06161024	51.558249523174	9.93848855772424
06161024	51.5582160200669	9.93878848699945
06161024	51.5582123627823	9.93893577839689
06161024	51.5583501618434	9.93838499965365
06161024	51.5583537140781	9.93836969156648
06161025	51.5583414416075	9.93840524625228
06161025	51.5583242280254	9.93845511614541
06161025	51.5583138095525	9.93848529976638
06161025	51.5583000387498	9.93852519550648
06161025	51.5582855974461	9.93856703377226
06161026	51.5582787875784	9.93858676281172
06161026	51.5582774225313	9.93859071752417
06161026	51.5582782980537	9.93858818102606
06161026	51.5582795536841	9.93858454330759
06161026	51.5582804600614	9.9385819174191
06161026	51.5582809223471	9.93858057811953
06161026	51.5582810739643	9.93858013886542
06161026	51.5582810728147	9.938580142196
06161026	51.5582810247188	9.93858028153583
06161027	51.5582809800129	9.93858041105437
06161027	51.5582809530371	9.93858048920658
06161027	51.5582809488367	9.93858050137577
06161027	51.5582809466036	9.93858050784527
06161027	51.5582809452979	9.93858051162802
06161027	51.5582809447117	9.93858051332642
06161027	51.5582160227959	9.93879549603055
06161027	51.558227641247	9.93876675527662
06161027	51.5582517235409	9.93869080350873
06161028	51.5582759977779	9.93834265887589
06161028	51.5582412015609	9.93869247198798
06161028	51.5582277641035	9.93891105733817
06161028	51.5582497419323	9.93883449147732
06161028	51.5582736120654	9.93867372553633
06161028	51.5582837795377	9.93858936180195
06161028	51.5582859026915	9.9385598004033
06161028	51.5582847210556	9.93855830760368
06161028	51.5582829481231	9.93856611422138
06161029	51.5582816516462	9.93857390218296
06161029	51.5582809861907	9.93857878137305
06161029	51.5582807644502	9.93858093982221
06161029	51.5582807598662	9.93858146576134
06161029	51.5582808058466	9.9385814077974
06161029	51.5582808507181	9.93858120960634
06161029	51.5582808846253	9.93858101132543
06161029	51.5582809134401	9.93858080166277
06161029	51.5582809335703	9.93858063446668
06161030	51.5582809438707	9.93858054053152
06161030	51.5582809479383	9.93858049947915
06161030	51.5582809488085	9.93858048694186
06161030	51.5582164549641	9.93879406476063
06161030	51.5582192706612	9.93878474087115
06161030	51.55823506493	9.93872484974252
06161030	51.5582387117086	9.93871102132846
06161030	51.5582406286371	9.93870509765347
06161031	51.558247463405	9.93868397692634
06161031	51.5582162652894	9.93879458256559
06161031	51.5582232536655	9.9387752697578
06161031	51.5582440417611	9.93870530450468
06161031	51.5582574336962	9.93866001829862
06161031	51.5582662040536	9.93863036043284
06161031	51.5582167522842	9.93879310566571
06161031	51.558215815729	9.93879618789645
06161032	51.5582270606619	9.93875895031872
06161032	51.558236987972	9.93872607604724
06161032	51.5582451350151	9.93869909712674
06161032	51.5582530971563	9.93867273050891
06161032	51.5582594204926	9.93865179079069
06161032	51.5582642266741	9.93863587512807
06161032	51.5582301298164	9.93875821321692
06161032	51.5582163464845	9.93879497103243
06161032	51.5582150281146	9.93879847721519
06161033	51.5582339005906	9.93873607268279
06161033	51.5582669721394	9.93862671625379
06161033	51.5582852628266	9.93856623497105
06161033	51.5582830539832	9.93857353879372
06161033	51.5582816593427	9.93857815035293
06161033	51.5582809614509	9.93858045802234
06161033	51.5582807337513	9.93858121094018
06161033	51.5582807359615	9.93858120363188
06161033	51.5582807888835	9.93858102863845
06161034	51.5582760688584	9.93834132420181
06161034	51.5582762062865	9.93834906298556
06161034	51.5582773523553	9.93840519978533
06161034	51.558362596366	9.93845353939044
06161034	51.55834881234	9.93847497454529
06161034	51.5583113837947	9.93853317844029
06161034	51.5582809047863	9.93858057529734
06161034	51.5582711445554	9.93859575308115
06161034	51.5582716644405	9.93859494461366
06161035	51.5582752227042	9.93858941127363
06161035	51.5582780556858	9.93858500579868
06161035	51.5582795051446	9.93858275179591
06161035	51.5582802573164	9.93858158211983
06161035	51.5582807137653	9.93858087231205
06161035	51.5582808342404	9.93858068496555
06161035	51.5584064007399	9.93864283674305
06161035	51.5584097155482	9.9386444796738
06161035	51.5584231396694	9.93874036450264
06161036	51.5584257267458	9.93875994595886
06161036	51.558409259132	9.93864841420479
06161036	51.5584101240191	9.93864116288888
06161036	51.5583687806883	9.93846366622989
06161036	51.5584074472466	9.93863210765721
06161036	51.5584129188204	9.93865142931045
06161036	51.5584079805558	9.93864387010245
06161036	51.558493828902	9.93873335521237
06161036	51.5585039382078	9.93874383964543
06161037	51.5584451124511	9.93870003950559
06161037	51.5584070541709	9.93864351481187
06161037	51.5584073656765	9.93864262412858
06161037	51.558332757671	9.938442897971
06161037	51.5583924907972	9.93860304822625
06161037	51.5583616857428	9.93840735278813
06161037	51.5584216209104	9.93873767722072
06161037	51.5583669691532	9.93876915304793
06161037	51.5582978118259	9.93873883414694
06161038	51.5583132900341	9.9389572463822
06161038	51.5582921387353	9.93896217304577
06161038	51.558387147596	9.9390433837908
06161038	51.5579857039949	9.93950814863535
06161038	51.557662365119	9.93988844021385
06161038	51.5579971517232	9.94036057474702
06161038	51.558005232412	9.94019620121451
06161038	51.5580428671572	9.94030692615541
06161038	51.5580779035125	9.94038722478779
06161038	51.5580970561612	9.94045981206926
06161038	51.5581106767539	9.94052879513236
06161038	51.5581214894089	9.94059526362451
06161038	51.5581299132216	9.94066575543018
06161038	51.5581395524103	9.94073138573201
06161038	51.5581465932089	9.94079735130997
06161038	51.5581511194367	9.94086281397374
06161038	51.5581528377268	9.94092618116172
06161038	51.5581546817455	9.94098820724519
06161038	51.5581545141074	9.94104838930996
06161038	51.5581548912931	9.94110924192699
06161038	51.558154639836	9.94117235765787
06161038	51.5581543045599	9.94123505429359
06161038	51.5581530891839	9.9412934761587
06161038	51.558153256822	9.9413503054622
06161038	51.5581525024507	9.94140663185151
06161038	51.5581500297892	9.94146220386954
06161038	51.5581458807472	9.94151643478306
06161038	51.558137582663	9.94156898931595
06161038	51.5581248840797	9.94161743671628
06161038	51.5581090422827	9.94166244753631
06161038	51.5580962598804	9.94171248749824
06161038	51.5580877103392	9.94176688604983
06161038	51.5580843994874	9.94182430208655
06161038	51.5580830583829	9.94187962264748
06161038	51.5580808790881	9.94193351828488
06161038	51.5580789512504	9.9419843126181
06161039	51.558075430851	9.94203351438971
06161039	51.5580680966857	9.9420876614842
06161039	51.5580584994066	9.94215371088119
06161039	51.5580493212226	9.94223074057134
06161039	51.5580442920807	9.94231447578402
06161039	51.5580425737906	9.94239963592025
06161039	51.5580451302711	9.94248395786615
06161039	51.5580479382086	9.94256400504144
06161039	51.5580452140901	9.9426386877987
06161039	51.5580424061525	9.94271311909886
06161039	51.558035616811	9.94278931059869
06161039	51.5580240078751	9.94286214933725
06161039	51.5580083337161	9.94293364697131
06161039	51.5579905221719	9.94300413877698
06161039	51.5579726268086	9.9430824257526
06161039	51.5579584194827	9.94314537384542
06161039	51.5579468524564	9.94318904356094
06161039	51.5579398954767	9.94322642684909
06161039	51.5579368360821	9.94325383567246
06161039	51.557932770859	9.94328342379066
06161039	51.5579285379979	9.94331988506945
06161039	51.557922209661	9.94336187840434
06161039	51.5579158394146	9.9434000998828
06161039	51.5579032665599	9.94344770909282
06161039	51.5578849101919	9.94350571186276
06161039	51.5578696970377	9.94356723503204
06161039	51.5578582976494	9.94362716563972
06161039	51.5578619856868	9.94368474931451
06161039	51.5578835690874	9.94373990223738
06161039	51.5579210361946	9.9437817279342
06161039	51.5579660470146	9.94381399826141
06161039	51.5580149973292	9.94383545593353
06161039	51.5580660431195	9.94385356084438
06161039	51.5581165440861	9.94386923500331
06161039	51.5581673803288	9.94388231077226
06161039	51.5582198929522	9.94390058332118
06161039	51.5582727408517	9.94391977787944
06161039	51.5583520648563	9.94380874289408
06161039	51.5584076788254	9.94383683274859
06161039	51.5584666429329	9.94386661477884
06161039	51.5585182089583	9.94389265998573
06161039	51.5585714453424	9.94391954919484
06161039	51.5586237947525	9.94394599016717
06161039	51.5586772288731	9.94397297907579
06161039	51.55872932534	9.94399929251992
06161039	51.5587798366293	9.94402480526305
06161039	51.5588299948906	9.94405013972725
06161039	51.5588792387084	9.94407501237174
06161039	51.5589315464407	9.94410143255877
06161039	51.5589843438752	9.9441281001083
06161039	51.5590362555658	9.94415432040491
06161039	51.5590694826576	9.94425605983468
06161039	51.5591155412156	9.94427357801231
06161039	51.5591561096269	9.94429444895121
06161039	51.5591992764283	9.94431867265137
06161039	51.5592424013201	9.94434046559962
06161039	51.5592802456129	9.94436217472883
06161039	51.5593159106109	9.9443829618487
06161039	51.5593494382236	9.9444035813305
06161039	51.5593823371935	9.94442202151748
06161040	51.5594162000823	9.94444012642833
06161040	51.559450943071	9.94445705787274
06161040	51.5594871948022	9.94447516278359
06161040	51.5595232788954	9.94449662045571
06161040	51.5595630929354	9.94451690466138
06161040	51.5596034098897	9.94453827851447
06161040	51.5596433077488	9.94455504232081
06161040	51.5596810682226	9.94457105175587
06161040	51.5597202117104	9.94458572008642
06161040	51.5597600257504	9.94460407645436
06161040	51.5597990016002	9.94462084026071
06161040	51.5598375583548	9.94463684969577
06161040	51.5598761989284	9.9446522723976
06161040	51.5599146299544	9.94466828183266
06161040	51.559951719876	9.94468462654384
06161040	51.5599889355261	9.94470155798825
06161040	51.5600264026332	9.94471656159493
06161040	51.5600642050165	9.94472896681162
06161040	51.5601026779521	9.94474179112347
06161040	51.5601385524977	9.94475687854918
06161040	51.5601735050339	9.94477414526972
06161040	51.5602079127464	9.94479116053315
06161040	51.5602426557351	9.94480867871078
06161040	51.5602765605334	9.944825107241
06161040	51.5603112616125	9.94484027848574
06161040	51.5603470942486	9.94485494681629
06161040	51.5603858186412	9.94486944750878
06161040	51.5604229923818	9.94488319382998
06161040	51.5604588669274	9.94489635341796
06161040	51.5604965016726	9.9449112732056
06161040	51.5605330048609	9.94492736645969
06161040	51.5605679993067	9.94494521991345
06161040	51.5606042929474	9.94496248663398
06161040	51.5606422210592	9.94497807697388
06161040	51.5606789337951	9.94498997927638
06161040	51.5607149340693	9.94499852881762
06161040	51.5607533231858	9.94500624016854
06161040	51.5607912932071	9.9450132809672
06161040	51.5608290117714	9.94502216578456
06161040	51.5608658083263	9.94503255934449
06161040	51.5609041974429	9.94504320436152
06161040	51.5609413292739	9.94505569339725
06161040	51.5609742701534	9.94506910444232
06161040	51.5610019723434	9.94508100674483
06161040	51.5610269504148	9.94508955628606
06161040	51.5610487433631	9.94509617798957
06161040	51.5610673930976	9.94510171004566
06161040	51.5610795049477	9.94510539808305
06161040	51.5610907366979	9.94511168451043
06161040	51.5611065784949	9.9451203178707
06161040	51.5611262340579	9.94513096288773
06161040	51.5611471888158	9.94514102117153
06161040	51.5611706581447	9.94514831342729
06161040	51.5612002462629	9.94515585714015
06161040	51.5612315107617	9.94516113773915
06161040	51.5612684749547	9.94516742416652
06161040	51.5613108035657	9.94518008084031
06161040	51.5613535093624	9.94519667700859
06161040	51.5613946225974	9.94521226734849
06161040	51.5614377055797	9.94523121044966
06161041	51.5614822134856	9.94524805807503
06161041	51.561525631744	9.94526289404365
06161041	51.5615674155313	9.94527714327904
06161041	51.5616099955994	9.94529223070475
06161041	51.5616539586816	9.94530756958755
06161041	51.5616975026685	9.94532089681359
06161041	51.561739621732	9.9453343916777
06161041	51.5617789328578	9.94535140694114
06161041	51.5618115384612	9.9453811626974
06161041	51.5618323674906	9.94543019683095
06161041	51.5618402883891	9.94549155236217
06161041	51.5618391987417	9.94555818849238
06161041	51.5618332475904	9.9456261657271
06161041	51.5618265001583	9.94569045492443
06161041	51.5618206328261	9.94575574995013
06161041	51.5618157713223	9.94581718930038
06161041	51.561812250923	9.9458767008129
06161041	51.5618106164518	9.94593512267801
06161041	51.5618117480088	9.9459940474573
06161041	51.5618133824799	9.94605347515079
06161041	51.5618148074034	9.94611189701589
06161041	51.5618151845891	9.94616906159552
06161041	51.5618180344361	9.94622522034677
06161041	51.5618231893066	9.9462810438219
06161041	51.5618325770381	9.94633745403024
06161041	51.5618465748164	9.94639520534309
06161041	51.5618616622422	9.94645195082756
06161041	51.5618773364011	9.94650609792205
06161041	51.5618946869406	9.94655764662656
06161041	51.5619121632088	9.94660810568365
06161041	51.5619292203817	9.9466605763975
06161041	51.5619474091116	9.94671287947329
06161041	51.5619663522128	9.94676635601553
06161041	51.5619847504902	9.9468194134626
06161041	51.5620022267583	9.94687314146193
06161041	51.5620176494602	9.9469264503661
06161041	51.5620309766862	9.94697908871802
06161041	51.562042417984	9.94703222998413
06161041	51.5620536078248	9.94708411396476
06161041	51.5620642109323	9.947137590507
06161041	51.5620728442926	9.94718905539247
06161041	51.5620815614719	9.94723783806893
06161041	51.5620943019647	9.9472911469731
06161041	51.5621097246665	9.94734906592401
06161041	51.562126823749	9.94740430266591
06161041	51.5621423302699	9.94745886885556
06161041	51.5621582977954	9.94751519524487
06161041	51.5621744748685	9.94757034816774
06161041	51.562187676366	9.94762583636674
06161041	51.5622017579633	9.94768392295572
06161041	51.5622170968461	9.94774041698309
06161041	51.5622314718101	9.94779372588726
06161041	51.5622453857693	9.94784829207691
06161041	51.5622608084712	9.9479042831901
06161041	51.5622766921777	9.94795918465587
06161041	51.562293288346	9.94800746441814
06161041	51.5623090463239	9.94805054740044
06161041	51.5623237984735	9.94809019380244
06161041	51.5623339405764	9.94812187739643
06161041	51.5623416938368	9.94815045968624
06161042	51.5623491537306	9.948178874338
06161042	51.5623562783483	9.94820536115202
06161042	51.5623621456805	9.94823008776638
06161042	51.5623682644698	9.94825556875202
06161042	51.5623736707974	9.9482790380809
06161042	51.5623777360204	9.94830208831462
06161042	51.5623809630531	9.94832639583382
06161042	51.5623870818425	9.94835405611428
06161042	51.5623959666598	9.94838959538373
06161042	51.5624054801199	9.94843485766086
06161042	51.5624188492555	9.94849302806887
06161042	51.5624348586905	9.94856192731294
06161042	51.562453173149	9.94863568806085
06161042	51.5624724515263	9.94870391675266
06161042	51.5624898439753	9.94876644575032
06161042	51.5625057695914	9.94882084430191
06161042	51.5625211922932	9.94887331501576
06161042	51.5625357768047	9.94892955758604
06161042	51.5625491459403	9.94899309241208
06161042	51.5625595395002	9.94905008935365
06161042	51.562568130951	9.94910666720006
06161042	51.5625798656154	9.94916517288419
06161042	51.5625950787697	9.94922602550122
06161042	51.5626127645854	9.94928796776566
06161042	51.5626330907005	9.94934638963076
06161042	51.5626525367159	9.94941084646615
06161042	51.5626701806221	9.94947304018768
06161042	51.5626884950805	9.94953397662374
06161042	51.5627071448151	9.94958762080404
06161042	51.5627235314358	9.9496364034805
06161042	51.5627395408708	9.9496794864628
06161042	51.5627552150298	9.94972650893959
06161042	51.5627719369266	9.94977889583441
06161042	51.5627917601276	9.94983765297565
06161042	51.5628087334815	9.94989833795461
06161042	51.5628234437216	9.94995684363874
06161042	51.5628353879336	9.95001409203741
06161042	51.562844272751	9.95007108897897
06161042	51.5628534090254	9.95012758300635
06161042	51.5628654370565	9.95018424467179
06161042	51.5628753696117	9.95023780503306
06161042	51.5628855117146	9.95028457605275
06161042	51.5628996352214	9.95033243671986
06161042	51.562917153399	9.9503859132621
06161042	51.5629332047436	9.95043444448146
06161042	51.562947453979	9.95048272424373
06161042	51.5629578475389	9.9505273159686
06161042	51.5629687859226	9.95057995432052
06161042	51.5629806463156	9.95063359850082
06161042	51.5629905369613	9.95067693294021
06161042	51.5629977873075	9.95072227903637
06161042	51.5630048700157	9.95077500120732
06161042	51.5630143415663	9.95083023794922
06161042	51.5630215080935	9.95087943972084
06161042	51.5630299319062	9.95092377998862
06161042	51.5630377689857	9.95096468367609
06161042	51.5630444745082	9.95100525208744
06161042	51.5630503837499	9.95104975999328
06161042	51.5630598553005	9.95110139251682
06161042	51.5630669380087	9.95114673861298
06161043	51.5630716318745	9.95118571446273
06161043	51.5630682791132	9.95122552850279
06161043	51.5630668122802	9.95127221570346
06161043	51.5630701650414	9.95131521486673
06161043	51.5630745655406	9.95135217905971
06161043	51.5630816901583	9.95139501058492
06161043	51.56309019779	9.95143976994786
06161043	51.5630977415029	9.95148570277724
06161043	51.5631057881299	9.95153356344434
06161043	51.5631146310377	9.95158293285403
06161043	51.5631217556554	9.95163372718724
06161043	51.5631296765539	9.95168628172013
06161043	51.5631379327286	9.95174344629976
06161043	51.5631450573463	9.95180413127872
06161043	51.5631517209593	9.95187202469441
06161043	51.5631570434678	9.95194419288072
06161043	51.5631623240668	9.95201460086736
06161043	51.5631662635613	9.95208257810208
06161043	51.5631687362227	9.95214904659423
06161043	51.5631707478795	9.95221358724865
06161043	51.5631738491837	9.95227737353179
06161043	51.5631761961165	9.95234216564331
06161043	51.5631775372211	9.95240561665031
06161043	51.5631785849589	9.95246839710507
06161043	51.5631788783256	9.95253050700757
06161043	51.5631805547062	9.95259412565264
06161043	51.5631833207342	9.95265707374546
06161043	51.5631878888715	9.95271943510506
06161043	51.5631926665563	9.95278053917918
06161043	51.5631963126842	9.95284072124395
06161043	51.5632001683596	9.9529019091371
06161043	51.563202389564	9.95296318084928
06161043	51.5632044431302	9.95302411728534
06161043	51.5632065805155	9.95308890939686
06161043	51.5632083826247	9.95315076784226
06161043	51.5632093046341	9.95321178809735
06161043	51.563210436191	9.95327238925728
06161043	51.5632114001099	9.95333399624559
06161043	51.5632118611145	9.95339778252873
06161043	51.5632114001099	9.95346006006929
06161043	51.5632101009149	9.95352476836178
06161043	51.563209136996	9.9535877164546
06161043	51.5632062452394	9.95364697651002
06161043	51.5632033115733	9.95370514691803
06161043	51.563198659617	9.95376331732604
06161043	51.5631949296701	9.95382819325659
06161043	51.563187930781	9.95389776305291
06161043	51.5631836560104	9.95396708139214
06161043	51.5631800098825	9.9540346395317
06161043	51.5631770343069	9.95410337113771
06161043	51.5631736815456	9.95417118073437
06161043	51.5631708316985	9.95424200781617
06161043	51.5631679818514	9.95431660675439
06161043	51.5631650481853	9.95439296589229
06161043	51.5631627012524	9.95447720401916
06161043	51.5631617792431	9.95456010104153
06161043	51.5631595580387	9.95463822037909
06161043	51.5631577140201	9.95471835137341
06161043	51.5631571272868	9.95479881764385
06161043	51.5631549060825	9.95487702080044
06161044	51.5631531877923	9.95495639742348
06161044	51.5631508408594	9.95503770188424
06161044	51.563147069003	9.95512160473499
06161044	51.5631426685039	9.95520592668089
06161044	51.5631397767473	9.95529284701678
06161044	51.563136507805	9.95537649841044
06161044	51.5631450177768	9.95532487336846
06161044	51.5631307655393	9.95555096231044
06161044	51.5631270091196	9.9556369396635
06161044	51.5631260723356	9.95571462438438
06161044	51.5631301459878	9.95579589340706
06161044	51.5631366861099	9.95588064928441
06161044	51.5631460408111	9.95596662908018
06161044	51.563153768211	9.95605103253997
06161044	51.5631575735822	9.95613708041969
06161044	51.5631533759079	9.95622406041817
06161044	51.5631442965121	9.9563013335228
06161044	51.5631342872788	9.9563830545104
06161044	51.563125778969	9.95646296069953
06161044	51.563117983799	9.95654284023676
06161044	51.5631112673028	9.95662230108624
06161044	51.5631047756539	9.95670624845208
06161044	51.563098565985	9.95679141000619
06161044	51.563092018418	9.95688680572393
06161044	51.5630862522386	9.95696255713268
06161044	51.5630782616784	9.9570472280028
06161044	51.5630696496921	9.95713673849948
06161044	51.5630629934453	9.95721513773761
06161044	51.5630549496271	9.9573044571241
06161044	51.5630481141817	9.95737931282567
06161044	51.5630422750107	9.95746777101668
06161044	51.5630352879038	9.95755179417477
06161044	51.5630288674767	9.95763379092011
06161044	51.5630228167742	9.95772115941168
06161044	51.5630145984178	9.95780622062802
06161044	51.5630053989458	9.95789043138986
06161044	51.5629974428365	9.9579717421408
06161044	51.5629908951962	9.95806710507334
06161044	51.5629844407129	9.95815636204286
06161044	51.5629777969866	9.95824096038913
06161044	51.5629710494647	9.95833131897197
06161044	51.5629628234075	9.95842487568206
06161044	51.5629557693426	9.95851002621761
06161044	51.5629507950985	9.9585989871466
06161044	51.5629453975696	9.95869645528816
06161044	51.562939719576	9.95879261281245
06161044	51.5629305791861	9.95889174125452
06161044	51.5629216348556	9.95897959630461
06161044	51.5629201572548	9.95908891012789
06161044	51.5629185245015	9.95916372483721
06161044	51.5629089250593	9.95922443183603
06161044	51.5629055692218	9.95931073857303
06161044	51.5629107412431	9.95937491768036
06161044	51.5629085619483	9.95944834315214
06161044	51.5629026800238	9.95953220295051
06161044	51.5628956250888	9.9596157809108
06161044	51.5628886952568	9.95969687390746
06161044	51.5628816595286	9.95978651025023
06161044	51.5628745714396	9.95987725823472
06161044	51.5628672646049	9.95996878142995
06161045	51.5628605159541	9.96006788197577
06161045	51.5628529599821	9.96017198660419
06161045	51.5628451173028	9.96026699877016
06161045	51.5628265523453	9.96034213929214
06161045	51.5628249227922	9.96047432187034
06161045	51.5628142476738	9.96055575917714
06161045	51.56278824679	9.96064106753277
06161045	51.5627790522423	9.96070368822381
06161045	51.5627631616755	9.96079182233507
06161045	51.5627444895	9.96088769797847
06161045	51.5627293437796	9.96097009963595
06161045	51.5627004411414	9.9610287372343
06161045	51.562669452265	9.96109749372408
06161045	51.5626443237571	9.96114926114387
06161045	51.5626118681159	9.96121010393836
06161045	51.5626337612528	9.96135128662918
06161045	51.5625969646979	9.96139897965822
06161045	51.5625552228201	9.9614364467654
06161045	51.5625275625396	9.96149688028727
06161045	51.5624944540221	9.96155278758142
06161045	51.5624541370678	9.96159846895371
06161045	51.5624084976051	9.96163090691898
06161045	51.5623612236712	9.96166208759878
06161045	51.562310513157	9.96168622747991
06161045	51.5622619819376	9.96170382947657
06161045	51.5622123610708	9.96171372012232
06161045	51.5621631592992	9.96172268875871
06161045	51.562115047175	9.96173216030929
06161045	51.5620683180648	9.96172964573834
06161045	51.5620229719687	9.96172813699577
06161045	51.5619756980348	9.96172637679611
06161045	51.561928759377	9.96172151529227
06161045	51.5618834551904	9.9617147259507
06161045	51.5618403722081	9.96170508676205
06161045	51.5617995104301	9.96168907732699
06161045	51.561759444933	9.96166711674068
06161045	51.5617203014452	9.9616438988689
06161045	51.5616834629807	9.96162897908125
06161045	51.5616492648158	9.96161355637942
06161045	51.5616151504699	9.96159545146857
06161045	51.5615826705951	9.96157282033
06161045	51.5615499811727	9.96155186557207
06161045	51.5615180880311	9.96153124609027
06161045	51.5614866139847	9.96151339263652
06161045	51.5614548046622	9.96149755083952
06161045	51.5614207741353	9.96148221195672
06161045	51.5613874141607	9.96139638126824
06161045	51.5613598376993	9.96136838571165
06161045	51.5613352368135	9.96131683700714
06161045	51.5613066964332	9.96128146537576
06161045	51.5612800419811	9.96124777012501
06161045	51.5612539323527	9.96121080593202
06161045	51.5612264816198	9.96117861942384
06161045	51.5611989470679	9.96114660055373
06161045	51.5611718735206	9.96111449786458
06161045	51.561145009521	9.96108189226124
06161045	51.5611169720549	9.96105020866726
06161045	51.5610879287604	9.96100704186592
06161045	51.5610573767233	9.960964964712
06161045	51.5610295907143	9.9609287548903
06161046	51.5610037744525	9.96090511792336
06161046	51.560978461105	9.96087955311868
06161046	51.560954824138	9.96085398831401
06161046	51.5609334083754	9.96081341990266
06161046	51.5609140880886	9.96077544988129
06161046	51.5608957736302	9.96074544266794
06161046	51.5608777944479	9.96071727947328
06161046	51.5608565463233	9.96069506742988
06161046	51.5608387347791	9.96064879932437
06161046	51.5608194144923	9.96061577462588
06161046	51.5608000103864	9.9605886172596
06161046	51.5607788041714	9.96057344601486
06161046	51.5607542451951	9.96056037024591
06161046	51.5607250761721	9.96054603719149
06161046	51.5606964100632	9.96053203941319
06161046	51.5606676182258	9.96052340605292
06161046	51.5606400836739	9.96051116847429
06161046	51.5606135549504	9.9604987632576
06161046	51.5605881996933	9.9604847654793
06161046	51.560563556898	9.96046900750134
06161046	51.5605391236502	9.96045492590401
06161046	51.5605145646739	9.96044092812572
06161046	51.5604896704215	9.96043170803223
06161046	51.5604634350646	9.96042114683423
06161046	51.5604356909651	9.96041167528365
06161046	51.5604103776175	9.96039097198281
06161046	51.5603846451748	9.96037102305327
06161046	51.560358912732	9.96034981683824
06161046	51.5603328869227	9.96033154428933
06161046	51.5603057714659	9.96031478048299
06161046	51.5602776920903	9.96030069888566
06161046	51.560251666281	9.96028946713541
06161046	51.5602231678102	9.96027857066128
06161046	51.5601942502442	9.96026616544459
06161046	51.560164662126	9.96025434696112
06161046	51.5601364151124	9.96024529450569
06161046	51.5601106407601	9.96024101973508
06161046	51.5600870037932	9.96024277993474
06161046	51.5600616485361	9.96025158093307
06161046	51.5600296296659	9.96026608162556
06161046	51.5599926235634	9.96028192342255
06161046	51.5599538153518	9.96029256843958
06161046	51.5599141689498	9.96030262672339
06161046	51.5598753607381	9.96031017043624
06161046	51.5598360496122	9.9603259284142
06161046	51.5597977024052	9.96034855955277
06161046	51.5597659349922	9.96036004276011
06161046	51.5597374784309	9.96037336998615
06161046	51.5597064234797	9.96039004997347
06161046	51.5596800204847	9.96040781960819
06161046	51.5596615802977	9.96042810381386
06161046	51.5596516058329	9.96045249515209
06161046	51.5596495103571	9.96048711241219
06161046	51.559655754875	9.96054117568765
06161046	51.559661119293	9.96059817262921
06161046	51.5596567607034	9.96064871550534
06161046	51.5596443554867	9.9606919661257
06161046	51.5596316149938	9.96073110961352
06161046	51.5596247418332	9.96077142656777
06161046	51.559626837309	9.96081476100717
06161047	51.5596392006162	9.96085725725625
06161047	51.5596590238172	9.96089531109665
06161047	51.5596847981695	9.96093101800416
06161047	51.559715308297	9.96096395888362
06161047	51.5597458184246	9.96099187062118
06161047	51.5597757837284	9.96102028527293
06161047	51.5598049108419	9.96104777791534
06161047	51.559831565294	9.96107652784321
06161047	51.5598571720082	9.96110527777109
06161047	51.5598826949034	9.96113888920281
06161047	51.5599090559888	9.96117593721483
06161047	51.5599341178793	9.96121088975105
06161047	51.5599582577604	9.96124148369763
06161047	51.5599825652796	9.96127174236808
06161047	51.5600044420469	9.96130334214304
06161047	51.5600264445427	9.96133737266991
06161047	51.56004832131	9.96137316339646
06161047	51.5600713715437	9.9614073615614
06161047	51.5600945894155	9.96144415811632
06161047	51.5601158794496	9.96147961356673
06161047	51.560136708479	9.96151464992199
06161047	51.5601580823321	9.96155178175304
06161047	51.5601775702569	9.96158933267925
06161047	51.5601958428058	9.96162512340579
06161047	51.5602136124406	9.96166233905588
06161047	51.5602310467992	9.96170030907724
06161047	51.5602470981437	9.96173836291764
06161047	51.5602616826553	9.96177624911998
06161047	51.5602767281714	9.96181581170295
06161047	51.5602909774068	9.96185587720011
06161047	51.5603052685517	9.96189728380177
06161047	51.5603189310539	9.96193927713666
06161047	51.5603346052128	9.96198344976638
06161047	51.5603517042953	9.96202980169092
06161047	51.5603644866977	9.96207137593065
06161047	51.5603786940235	9.96211236343716
06161047	51.5603916440639	9.96215276421044
06161047	51.5604048455614	9.96219358407889
06161047	51.5604175860542	9.96223406867121
06161047	51.5604274767	9.96227337979708
06161047	51.5604379959885	9.96231260710392
06161047	51.5604461264345	9.96235040948723
06161047	51.5604556818042	9.9623915646318
06161047	51.5604662010926	9.96243397706185
06161047	51.5604769718382	9.96247605421577
06161047	51.560486862484	9.96251964011226
06161047	51.5604970045868	9.96256322600875
06161047	51.5605060151327	9.96260597371493
06161047	51.5605151933167	9.9626505654398
06161047	51.5605243295911	9.96269674972628
06161047	51.5605323343087	9.96274251491759
06161047	51.5605389141027	9.96278903448019
06161047	51.5605454100776	9.96283463203345
06161047	51.5605513193193	9.96287930757735
06161047	51.5605562227327	9.96292398312126
06161047	51.5605603717748	9.96296790429387
06161047	51.5605649818215	9.96301232838068
06161047	51.5605700109634	9.96305675246749
06161047	51.5605756268385	9.96310092509721
06161047	51.5605821228135	9.96314694174562
06161048	51.5605867747698	9.96319346130822
06161048	51.5605914686355	9.96323931031857
06161048	51.560595240492	9.96328398586247
06161048	51.56059800652	9.96332933195863
06161048	51.5605994733531	9.96337375604544
06161048	51.5606012335527	9.96341759339903
06161048	51.5606042091284	9.96346277185712
06161048	51.5606049215901	9.96350619011555
06161048	51.5606059274185	9.96354994365011
06161048	51.5606068494279	9.96359554120336
06161048	51.5606075199801	9.96364063584242
06161048	51.5606072266135	9.96368464083407
06161048	51.5606063884232	9.96372797527347
06161048	51.5606054245043	9.96377181262706
06161048	51.5606052987758	9.96381514706646
06161048	51.5606073942516	9.96385848150585
06161048	51.5606113337461	9.96390407905911
06161048	51.5606153989691	9.96395227500234
06161048	51.5606151056025	9.96399812401269
06161048	51.5606135968599	9.96404271573756
06161048	51.560611249927	9.96408948675726
06161048	51.5606089868132	9.96413659305308
06161048	51.5606094478178	9.96418126859699
06161048	51.5606084419895	9.96422192082737
06161048	51.5606063884232	9.96426114813421
06161048	51.5606024070192	9.96430456639264
06161048	51.5605973359678	9.96434756555591
06161048	51.5605935641113	9.96439031326209
06161048	51.5605891217026	9.96443247423504
06161048	51.5605856432128	9.96447622776959
06161048	51.5605827933658	9.96451947838996
06161048	51.560579482514	9.96455803514455
06161048	51.5605790634188	9.96459449642335
06161048	51.5605813684422	9.96463514865373
06161048	51.5605810750756	9.96467689053152
06161048	51.560582248542	9.9647228233609
06161048	51.5605865233127	9.9647695943806
06161048	51.5605907561738	9.96481334791515
06161048	51.5605990123484	9.96485684999261
06161048	51.5606082324419	9.96490420774553
06161048	51.5606128843981	9.96495173313652
06161048	51.5606141416836	9.96499867179428
06161048	51.5606122557554	9.96504493989978
06161048	51.560604670133	9.96508693323467
06161048	51.5605982998866	9.96513043531213
06161048	51.5605922649163	9.96518005617891
06161048	51.5605858108509	9.96522825212215
06161048	51.5605785605047	9.96527460404668
06161048	51.56057290272	9.96532112360929
06161048	51.5605669934783	9.96536906809543
06161048	51.5605612937841	9.96541558765803
06161048	51.560557144742	9.96546235867773
06161048	51.5605553426329	9.96550762095485
06161048	51.5605533728856	9.96555129067038
06161048	51.5605494753006	9.96559403837655
06161048	51.5605422668639	9.96564030648206
06161048	51.5605364414412	9.9656882509682
06161048	51.5605322504896	9.96573544108306
06161048	51.560526592705	9.96578120627437
06161048	51.5605193423587	9.9658262170944
06161049	51.5605132235694	9.96587474831377
06161049	51.5605027461905	9.96592260898088
06161049	51.5604944061968	9.96597063728605
06161049	51.5604842221845	9.96601606720124
06161049	51.5604742058102	9.96606275440191
06161049	51.560461842503	9.96611011215482
06161049	51.5604493534673	9.96615403332744
06161049	51.5604377445314	9.96619711630975
06161049	51.5604309970993	9.96624204331074
06161049	51.560427560519	9.96628378518854
06161049	51.5604349785033	9.96632628143762
06161049	51.5604517423097	9.966366933668
06161049	51.560476468924	9.96640188620423
06161049	51.560504171114	9.96642954648469
06161049	51.5605330467704	9.96645662003194
06161049	51.5605617547888	9.96648444795047
06161049	51.5605887864265	9.96651805938218
06161049	51.5606118366602	9.96655728668903
06161049	51.5606322046849	9.96660095640455
06161049	51.5606496390435	9.96665015817617
06161049	51.5606644750122	9.96670145542358
06161049	51.5606793947998	9.96675057337616
06161049	51.5606958652395	9.96679667384361
06161049	51.5607156046215	9.96684176848267
06161049	51.5607382357601	9.96688418091272
06161049	51.5607597772512	9.96692257002924
06161049	51.5607820312041	9.96696221643124
06161049	51.5608045366142	9.9670009408239
06161049	51.5608290955904	9.9670419283304
06161049	51.560855624314	9.96708098799918
06161049	51.5608817339424	9.96711937711571
06161049	51.5609075082946	9.96715743095611
06161049	51.5609343722943	9.96719531715844
06161049	51.5609614458415	9.96723353863691
06161049	51.5609885612983	9.96727477760051
06161049	51.5610158863026	9.96731685475443
06161049	51.5610420378405	9.96735993773673
06161049	51.5610640822459	9.9673995003197
06161049	51.5610856656465	9.9674409907404
06161049	51.5611093864325	9.96748767794107
06161049	51.5611315984759	9.96753654443656
06161049	51.5611548163477	9.96758566238914
06161049	51.5611805906999	9.96763427742754
06161049	51.5612082928899	9.96767970734273
06161049	51.5612370847273	9.96772513725792
06161049	51.5612667566646	9.96777148918246
06161049	51.5612973925206	9.96781767346893
06161049	51.5613275254625	9.9678675457928
06161049	51.5613563592095	9.96791766957377
06161049	51.5613849834088	9.96796670370732
06161049	51.5614152001697	9.96801766567861
06161049	51.5614441177357	9.96806636453603
06161049	51.561472741935	9.96811531485055
06161049	51.5615013661343	9.96816451662217
06161049	51.5615303256098	9.96821229347025
06161049	51.5615584888044	9.96825805866157
06161049	51.5615871130038	9.96830508113836
06161049	51.5616164915744	9.96835000813936
06161049	51.5616449481357	9.96839543805455
06161049	51.5616718959543	9.96843994596039
06161050	51.5616984665874	9.96848269366656
06161050	51.5617260011393	9.96852753684853
06161050	51.5617538290578	9.96857380495404
06161050	51.561780651148	9.96861948632632
06161050	51.5618064255003	9.96866466478442
06161050	51.5618308168385	9.96871143580411
06161050	51.5618531127009	9.96875954792832
06161050	51.5618707146976	9.96880908497606
06161050	51.5618853411186	9.96886080131863
06161050	51.5619014762822	9.96890950017606
06161050	51.5619214252118	9.96895493009125
06161050	51.5619453974548	9.96899826453064
06161050	51.5619735606495	9.96904319153164
06161050	51.5620046575103	9.96908979491328
06161050	51.5620387299467	9.96914084070359
06161050	51.5620730538401	9.96919264086519
06161050	51.5621064557243	9.96924293228422
06161050	51.5621409053463	9.9692959897313
06161050	51.5621735947687	9.96934862808322
06161050	51.5622056136388	9.96940352954899
06161050	51.5622365428615	9.96946069412862
06161050	51.56226696917	9.96951634996568
06161050	51.5622971021119	9.96956974268888
06161050	51.5623284504298	9.96962321923112
06161050	51.562356739353	9.96967200190757
06161050	51.5623829747099	9.9697209522221
06161050	51.562409712981	9.96977258474563
06161050	51.5624371218044	9.96982363053595
06161050	51.5624659555513	9.96987593361174
06161050	51.5624947473887	9.96992345900272
06161050	51.5625234973166	9.96996738017534
06161050	51.5625519119683	9.97001029551958
06161050	51.5625845175717	9.97005463578735
06161050	51.5626162011657	9.97010065243577
06161050	51.5626460407409	9.97014549561773
06161050	51.5626740362975	9.97019117699002
06161050	51.5627001878354	9.97023266741072
06161050	51.5627234895262	9.97027298436497
06161050	51.5627459530267	9.97031531297599
06161050	51.5627701348174	9.97035956942474
06161050	51.5627965378124	9.9704012274835
06161050	51.5628222702551	9.97043961660002
06161050	51.5628500981737	9.97047909536396
06161050	51.5628780937302	9.97051815503274
06161050	51.5629087295863	9.97055696324442
06161050	51.5629451070461	9.97059560381805
06161050	51.5629842505339	9.97063499876295
06161050	51.5630238550264	9.97067380697464
06161050	51.5630592685673	9.97070875951086
06161050	51.5630847076434	9.97073533014392
06161050	51.5631078836057	9.97076173313891
06161050	51.5631332807723	9.97079056688582
06161050	51.5631582169342	9.97081529350017
06161050	51.5631833207342	9.9708412774
06161050	51.5632148366902	9.9708761461172
06161050	51.5632455144558	9.97091445141469
06161050	51.5632741386551	9.97095057741736
06161050	51.5633028466735	9.97099039145743
06161050	51.5633289982114	9.97103112750684
06161050	51.5633552335683	9.97107764706944
06161051	51.5633798763636	9.97112793848847
06161051	51.5634052735302	9.97117194348012
06161051	51.5634342330057	9.97121544555758
06161051	51.5634639887619	9.97125986964439
06161051	51.5634937026087	9.9713024497125
06161051	51.5635238355506	9.97134553269481
06161051	51.5635545133162	9.97138928622936
06161051	51.5635800362113	9.97143270448779
06161051	51.5636000689599	9.97147595510815
06161051	51.5636193892467	9.97152037919496
06161051	51.5636352310437	9.97157008388077
06161051	51.563645247418	9.97161677108144
06161051	51.5636520367596	9.9716618657205
06161051	51.5636562277112	9.9717102293018
06161051	51.5636570659015	9.97175808996891
06161051	51.563651743393	9.9718019273225
06161051	51.5636433614898	9.97184006498193
06161051	51.5636323392871	9.9718743469659
06161051	51.563618844423	9.97190720402633
06161051	51.5636001946885	9.97194140219127
06161051	51.5635756776217	9.97197291814719
06161051	51.5635483526174	9.97199580074285
06161051	51.5635175910327	9.97200812214052
06161051	51.5634848177913	9.97201289982532
06161051	51.5634505777169	9.97200979852115
06161051	51.5634198999513	9.97200552375053
06161051	51.5633916529376	9.97199722566639
06161051	51.5633654594902	9.97198549100195
06161051	51.563339936595	9.97197182849978
06161051	51.5633151680711	9.97195766308342
06161051	51.563296392608	9.97194416821932
06161051	51.5632769465927	9.97193100863134
06161051	51.5632536449018	9.97191441246306
06161051	51.5632271580878	9.97189739719962
06161051	51.5632004617262	9.97187971138393
06161051	51.5631730948124	9.97186210938727
06161051	51.5631423332277	9.97184685432349
06161051	51.56311010481	9.97183193453585
06161051	51.5630778763923	9.97181827203368
06161051	51.5630502999309	9.97180016712283
06161051	51.5630236454788	9.9717810563836
06161051	51.5629967395696	9.97176060453986
06161051	51.5629694983843	9.97173939832484
06161051	51.5629423410181	9.97171618045305
06161051	51.5629143035519	9.97169313021933
06161051	51.5628863918144	9.97167175636624
06161051	51.5628582286197	9.97164895758961
06161051	51.5628312388915	9.97162498534654
06161051	51.5628065122772	9.97159958817993
06161051	51.5627840906862	9.9715738557372
06161051	51.5627608728144	9.9715461116377
06161051	51.5627380740378	9.97151602060531
06161051	51.5627177898321	9.97148601339196
06161051	51.5626981761787	9.97145583854054
06161051	51.5626785625252	9.97142834589814
06161051	51.5626591165099	9.97140454129313
06161051	51.5626405925039	9.97137419880365
06161051	51.5626208950314	9.97134293430482
06161051	51.5626014490161	9.9713127594534
06161051	51.5625797817964	9.97128283605908
06161052	51.5625579888481	9.97124947608446
06161052	51.5625379980091	9.97122005560433
06161052	51.5625197673697	9.97118988075291
06161052	51.5625000279877	9.97115844861602
06161052	51.5624803305152	9.97112508864139
06161052	51.562462518971	9.97109776363705
06161052	51.5624447912458	9.97107018717562
06161052	51.5624260576922	9.97103934177195
06161052	51.5624065697673	9.9710106756631
06161052	51.5623872494805	9.97098762542938
06161052	51.5623652888942	9.97096591630016
06161052	51.5623426577557	9.97093909421002
06161052	51.5623233793784	9.97090699152087
06161052	51.5623041848201	9.97087069788014
06161052	51.5622838587049	9.97083105147813
06161052	51.5622624848518	9.97078713030552
06161052	51.5622371715042	9.97074337677096
06161052	51.5622116066996	9.97069912032221
06161052	51.5621847426999	9.97065578588282
06161052	51.5621580044288	9.9706153012905
06161052	51.5621344512809	9.97058177367781
06161052	51.5621089702952	9.97054162436162
06161052	51.5620810585577	9.97049476952289
06161052	51.5620552003864	9.97044917196964
06161052	51.5620271629203	9.97040349059735
06161052	51.5619995026398	9.97036049143408
06161052	51.56197351874	9.97032268905078
06161052	51.5619474510211	9.97028429993425
06161052	51.5619206708405	9.97023719363843
06161052	51.5618933458361	9.97018681840037
06161052	51.5618658112842	9.97013518587683
06161052	51.5618366422612	9.97008296662007
06161052	51.5618061740432	9.97002907098268
06161052	51.5617745323587	9.96997383424078
06161052	51.5617431002218	9.96991750785147
06161052	51.5617112070802	9.96986193583344
06161052	51.5616788110245	9.96980644763445
06161052	51.5616454091403	9.9697502888832
06161052	51.5616104985136	9.96969329194163
06161052	51.5615736181397	9.9696379713807
06161052	51.5615366120372	9.96958499775265
06161052	51.5615000669393	9.96953110211526
06161052	51.5614624741036	9.96947326698338
06161052	51.5614243364442	9.96941325255667
06161052	51.5613883268324	9.96934434086143
06161052	51.5613497577467	9.96928049105918
06161052	51.5613105042991	9.96921550740808
06161052	51.5612689751462	9.96914675648441
06161052	51.5612280480522	9.96907900320366
06161052	51.5611823334534	9.96900332378573
06161052	51.5611353466273	9.96892226652562
06161052	51.5610957314912	9.96880203892943
06161052	51.5610643165103	9.96868954822276
06161052	51.5610331441387	9.96857048787206
06161052	51.5610091623391	9.96844840545236
06161052	51.5609905896563	9.96832890341466
06161052	51.5609687605768	9.96817612784071
06161052	51.5609491522158	9.96802861354809
06161052	51.5609295161636	9.9678808936369
06161052	51.5609098076391	9.96773125669279
06161053	51.5608918691779	9.9675947747528
06161053	51.5608754589645	9.96746992237604
06161053	51.5608613936441	9.96736290970148
06161053	51.5608481376355	9.96726205346931
06161053	51.5608341065031	9.96715530125584
06161053	51.5608213223164	9.96705803598161
06161053	51.5608149019282	9.96700918683928
06161053	51.5608149019282	9.96700918683928
06161053	51.5607029881182	9.96680961143284
06161053	51.5606535455625	9.96673008141443
06161053	51.5606045882195	9.9666514522869
06161053	51.5605694898376	9.96659884487599
06161053	51.5604986440689	9.96652435398573
06161053	51.5604408963646	9.96647972919163
06161053	51.5604041991566	9.96645478533537
06161053	51.5604093561732	9.96623237314649
06161053	51.5604265833963	9.96615052073341
06161053	51.5604488106652	9.96606470846407
06161053	51.5604776417025	9.96598136284025
06161053	51.5604917189796	9.96588019885291
06161053	51.5605058133503	9.9657682475688
06161053	51.5605173353332	9.96565518957442
06161053	51.5605256767308	9.96553900853018
06161053	51.5605489647572	9.96540724726361
06161053	51.5605636121392	9.96528539487119
06161053	51.5605767456316	9.96515050866767
06161053	51.5605857413859	9.96499776922871
06161053	51.5606005199384	9.96484563245122
06161053	51.5606141867862	9.96468080514838
06161053	51.5606205554398	9.96448103926831
06161053	51.5606333028921	9.96429361743684
06161053	51.5606434501292	9.96409056868099
06161053	51.5606376508364	9.9638975488142
06161053	51.560634048325	9.96372815495845
06161053	51.5606322374932	9.96353940798718
06161053	51.5606112181915	9.96334835104678
06161053	51.560598549477	9.96316885770754
06161053	51.5605851787147	9.96298299140548
06161053	51.5605436867465	9.96280156154871
06161053	51.5605129763792	9.96259511721183
06161053	51.56047495651	9.96240130316047
06161053	51.5604184893075	9.96219629575589
06161053	51.56035008316	9.96201357250097
06161053	51.5602994856971	9.96184339935972
06161053	51.560235331367	9.96167611915544
06161053	51.5601648348482	9.96152674044041
06161053	51.5600831788196	9.9613785849417
06161053	51.5599931878493	9.961240189336
06161053	51.5599158921596	9.9611272875341
06161053	51.5598284885422	9.96102603909847
06161053	51.5597496005018	9.96095715042507
06161053	51.559695552396	9.960878586119
06161053	51.5596389423335	9.96077762894332
06161053	51.55964909619	9.96078866264234
06161053	51.5596136578713	9.96065728419727
06161053	51.5597020329657	9.96053380886276
06161053	51.5597289174085	9.96049010053011
06161053	51.559847371178	9.9604319361143
06161053	51.5599226187159	9.96038768506291
06161053	51.5600032279858	9.96035352855708
06161054	51.5600839713069	9.96032721924426
06161054	51.5601623326364	9.96031524803923
06161054	51.5602365085015	9.96034665276169
06161054	51.5602936971747	9.96035813836053
06161054	51.5603444397717	9.96034520260488
06161054	51.5603122368648	9.96032257983325
06161054	51.5603812356016	9.96018202684354
06161054	51.5603973113533	9.96009246751782
06161054	51.5604126225571	9.96000181919953
06161054	51.5604293044761	9.95988932751061
06161054	51.5604384626952	9.95981989588472
06161054	51.5604508284865	9.95972349155636
06161054	51.5604676203096	9.95957669823838
06161054	51.5604814056643	9.95943457455724
06161054	51.5604944895749	9.95924665883649
06161054	51.5604992669377	9.95917519590876
06161054	51.560509969694	9.95887595148815
06161054	51.5605161804669	9.95869820373628
06161054	51.5605196017654	9.95860029262985
06161054	51.5605253919991	9.95831615135103
06161054	51.560529101119	9.95813151112088
06161054	51.560532917714	9.95794152873714
06161054	51.5605356363508	9.95780617802666
06161054	51.5605356359437	9.95780621404265
06161054	51.5605356041896	9.957807787614
06161054	51.5605355993043	9.95780802171794
06161054	51.5605666162926	9.95696629398498
06161054	51.5605683345828	9.95675791987214
06161054	51.5605708491537	9.95655038394961
06161054	51.5605730703581	9.95635039173994
06161054	51.5605792310569	9.95613866486583
06161054	51.560584763113	9.95594722219739
06161054	51.5605863137651	9.95575510897669
06161054	51.5605853917557	9.95556626469824
06161054	51.5605755430195	9.95539158583614
06161054	51.5605303645614	9.95525395498607
06161054	51.5604780195761	9.95512763970527
06161054	51.5603222838152	9.95507190004918
06161054	51.5602100920412	9.95505094529125
06161054	51.5601002891097	9.95498506353232
06161054	51.5600048192326	9.95506100357506
06161054	51.5599154681448	9.95504063555035
06161054	51.5598216746483	9.95497626253399
06161054	51.5597362630549	9.95486402885053
06161054	51.559671680491	9.95475682430896
06161054	51.5596062597368	9.95465691202316
06161054	51.5595538728419	9.95451718569729
06161054	51.5595296910513	9.95439472609195
06161054	51.5595995123047	9.95417252183888
06161054	51.5596245322857	9.95398367756042
06161054	51.5596133005354	9.95378301479849
06161054	51.5596182877678	9.95361898095343
06161054	51.5596336266506	9.95344069787297
06161054	51.5596343391124	9.9532803520653
06161054	51.5596384462449	9.95312419720921
06161054	51.5596429305631	9.95296921581957
06161054	51.5596482530716	9.95280526579353
06161054	51.5596456965912	9.95263628662559
06161054	51.5596458642292	9.95247359388503
06161054	51.5596398711685	9.95232447982761
06161055	51.5596301481608	9.95220202022228
06161055	51.5595969558242	9.95206740685734
06161055	51.5595413418967	9.95192315430376
06161055	51.5595081495601	9.95178401471111
06161055	51.5594884939972	9.95164168999526
06161055	51.5594749572236	9.95149970055553
06161055	51.5594742447618	9.95136332699093
06161055	51.5594912600252	9.95121806860897
06161055	51.5595135977972	9.95108462871048
06161055	51.5595083863796	9.950948153637
06161055	51.5595367236482	9.95082459456171
06161055	51.5595634412036	9.95071872916014
06161055	51.5595809804048	9.95064355200157
06161055	51.5595958745938	9.95055599909392
06161055	51.5596066142028	9.95043345632439
06161055	51.5596133793816	9.95032964514394
06161055	51.5596200963167	9.95020984220901
06161055	51.559625974601	9.95009826991009
06161055	51.5596305851393	9.94998810681864
06161055	51.5596336303334	9.94987255442538
06161055	51.5596364679004	9.94975005225569
06161055	51.5596392264877	9.94963096571155
06161055	51.5596418828898	9.94951628359559
06161055	51.5596449500672	9.94938387375441
06161055	51.5596477345055	9.94926367071457
06161055	51.5596503764547	9.94914961724135
06161055	51.5596534059737	9.94901883728744
06161055	51.5596558803962	9.94891201713472
06161055	51.5596585547103	9.94879256781132
06161055	51.559661363778	9.94865969565581
06161055	51.5596638666979	9.94854130323802
06161055	51.5596664143999	9.94842078784131
06161055	51.5596687699452	9.94830936811923
06161055	51.5596712689972	9.94819116167491
06161055	51.5596737684561	9.94807292707264
06161055	51.5596763933051	9.94794877078675
06161055	51.5596785585255	9.94784635702672
06161055	51.5596818251848	9.94770556560979
06161055	51.5596825917749	9.94760446774308
06161055	51.5596834377517	9.94749288693129
06161055	51.5596842519738	9.94738547644374
06161055	51.5596842128911	9.94739064637542
06161055	51.5596842128911	9.94739064637542
06161055	51.5595305658697	9.94716780398448
06161055	51.5595305658697	9.94716780398448
06161055	51.559421894	9.94713356620196
06161055	51.5593465895626	9.9471278972851
06161055	51.5592766729602	9.94712336549128
06161055	51.5592120074269	9.94711917388486
06161055	51.5591378452128	9.94711436673242
06161055	51.5590515841851	9.94710877541365
06161055	51.5589675643789	9.9471033291411
06161055	51.5588933675683	9.94709851969674
06161055	51.558787270222	9.94704117176298
06161055	51.5587460732135	9.94702028379834
06161055	51.5586715794545	9.9470055214988
06161055	51.5585941080956	9.94699893417419
06161055	51.5585149661852	9.94699398623197
06161055	51.5584386921095	9.94698921738745
06161055	51.5583628339854	9.94698434933525
06161056	51.5582923454906	9.94697959718906
06161056	51.5582160381662	9.94697445246857
06161056	51.5581362028749	9.94696907004254
06161056	51.5581105167468	9.94696733832825
06161056	51.5581093470205	9.9469604261076
06161056	51.5581062981773	9.94695469435921
06161056	51.5581056234341	9.94695015974959
06161056	51.5581062212357	9.94692925096209
06161056	51.558028999128	9.94696457328246
06161056	51.5580818777239	9.94696635345463
06161056	51.5580913751395	9.94696309237135
06161056	51.5581055591748	9.94696738289078
06161056	51.5581074591352	9.94696721456421
06161056	51.5581074591352	9.94696721456421
06161056	51.5581074591352	9.94696721456421
06161056	51.5582639805764	9.94697768473998
06161056	51.5582784214575	9.94697865848138
06161056	51.5582783711777	9.94697865487979
06161056	51.5582783761649	9.9469786552072
06161056	51.5582823877575	9.94697892565455
06161056	51.5582820391579	9.94697890240786
06161056	51.5582846467844	9.94697907823138
06161056	51.5582824139151	9.94697892761906
06161056	51.5582825784949	9.94697893875127
06161056	51.5582825835839	9.94697893907869
06161056	51.558282588673	9.94697893940611
06161056	51.5582817048076	9.94697887981602
06161056	51.5582829342191	9.94697896265279
06161056	51.5582829393081	9.94697896298021
06161056	51.5582829443972	9.94697896330763
06161056	51.5582829494862	9.94697896363505
06161056	51.5582829545753	9.94697896396247
06161056	51.5582829596643	9.94697896428988
06161056	51.5582834594085	9.94697899801395
06161056	51.5582834094341	9.94697899473977
06161056	51.5582831101983	9.94697897443984
06161056	51.5582831152873	9.94697897476726
06161056	51.5582829736083	9.94697896527214
06161056	51.5582829786974	9.94697896559956
06161056	51.5582829837864	9.94697896592697
06161056	51.5582829888754	9.94697896625439
06161056	51.5582827724892	9.946978951848
06161056	51.5582827775783	9.94697895217541
06161056	51.5582827826673	9.94697895250283
06161056	51.5582827877564	9.94697895283025
06161056	51.5582681498289	9.94697796599212
06161056	51.5582659955337	9.94697782061849
06161056	51.5582660868312	9.94697782683943
06161056	51.5582757860443	9.94697848069336
06161056	51.5582762174936	9.94697850983357
06161056	51.5582765243631	9.94697853046091
06161056	51.5582765292486	9.94697853078833
06161056	51.5582769814611	9.94697856123821
06161056	51.5582749984636	9.94697842765163
06161056	51.5582785247651	9.94697866535716
06161056	51.5582775033937	9.94697859659937
06161056	51.5582728128202	9.94697828031349
06161056	51.5582627037345	9.94697759862902
06161056	51.5582540337277	9.94697701418772
06161056	51.5582402648988	9.94697608595743
06161057	51.5582270521973	9.9469751950528
06161057	51.5582124060076	9.94697420755983
06161057	51.5582029660173	9.94697357105906
06161057	51.5581917297575	9.94713189081284
06161057	51.5581867844347	9.94715049863788
06161057	51.5581841441352	9.94716986083421
06161057	51.5581828030306	9.94718897157344
06161057	51.5581799950931	9.94720741176041
06161057	51.5581763070557	9.94722702541384
06161057	51.5581720322851	9.94724823162886
06161057	51.5581670450527	9.94727379643353
06161057	51.5581656620387	9.94730665349397
06161057	51.5581658296767	9.94733540342184
06161057	51.5581681766096	9.9473603814933
06161057	51.5581723675612	9.94738913142117
06161057	51.5581769776079	9.94741234929296
06161057	51.5581766423318	9.94742693380448
06161057	51.5581676317859	9.94744218886825
06161057	51.5581571544069	9.94745803066524
06161057	51.5581464674804	9.94746968151065
06161057	51.5581369540203	9.9474880378786
06161057	51.5581334755305	9.94750874117943
06161057	51.5581340622637	9.94752550498577
06161057	51.558145377833	9.94754344225856
06161057	51.5581624350059	9.94755408727559
06161057	51.5581813781071	9.94755668566557
06161057	51.5582014946747	9.94755693712267
06161057	51.5582199767712	9.94755459018978
06161057	51.5582362795729	9.94755232707592
06161057	51.558253672022	9.94755182416173
06161057	51.5582698910046	9.94755123742851
06161057	51.5582845174256	9.94754847140046
06161057	51.5582977189231	9.94754604064854
06161057	51.558309327859	9.94754252024921
06161057	51.5583220264423	9.94753606618377
06161057	51.5583361499492	9.94752785191866
06161057	51.5583486389849	9.94752047584387
06161057	51.5583592840019	9.94751242921683
06161057	51.5583693841952	9.94750161656174
06161057	51.5583822923261	9.94748636149796
06161057	51.5583933983478	9.94747051970097
06161057	51.5584034985412	9.94745853357943
06161057	51.5584171191338	9.94744872675272
06161057	51.5584291890744	9.94744445198211
06161057	51.5584424324814	9.94744042866858
06161057	51.5584553406123	9.9474341422412
06161057	51.5584660275388	9.94742601179513
06161057	51.5584761696417	9.94742140174838
06161057	51.5584836295355	9.94742056355807
06161057	51.5584928077194	9.94742425159546
06161057	51.5585016087178	9.94742534124287
06161057	51.5585106192637	9.94742416777643
06161057	51.5585226053852	9.94742341340515
06161057	51.5585369803492	9.94742207230064
06161057	51.5585509781275	9.94742031210097
06161057	51.5585632157061	9.94741897099646
06161057	51.5585724777091	9.94741511532101
06161057	51.5585817397121	9.94740941562685
06161057	51.558594815481	9.94740597904655
06161057	51.5586099867258	9.94740371593269
06161058	51.5586260799799	9.94740614668461
06161058	51.5586432628814	9.94741444476875
06161058	51.5586573863882	9.9474240839574
06161058	51.5586670255769	9.94742827490898
06161058	51.5586783411461	9.94743137621316
06161058	51.5586907463628	9.94743129239413
06161058	51.5587021876607	9.94743045420381
06161058	51.5587130003158	9.94742576033803
06161058	51.558724315885	9.94742148556742
06161058	51.5587376012016	9.94742232375773
06161058	51.5587526048082	9.9474272690806
06161058	51.5587673988673	9.9474341422412
06161058	51.5587812709171	9.94744269178244
06161058	51.5587951429668	9.94745283388528
06161058	51.5588073805455	9.94746842422518
06161058	51.5588184865672	9.94749197737309
06161058	51.5588368010256	9.94752508589062
06161058	51.5588554088506	9.9475586135033
06161058	51.5588684846196	9.94758577086958
06161058	51.5588796325508	9.94760999456974
06161058	51.5588874277208	9.94763405063185
06161058	51.5588948037956	9.94765802287492
06161058	51.5589008806754	9.94768065401348
06161058	51.5589116933304	9.94771015831264
06161058	51.5589217935238	9.94773639366957
06161058	51.5589292953271	9.94775525295171
06161058	51.5589341987405	9.9477729387674
06161058	51.5589367971304	9.94779087604019
06161058	51.5589375515017	9.94780965150329
06161058	51.5589380544159	9.94783094153735
06161058	51.5589385992396	9.94785558433267
06161058	51.5589384316016	9.94788098149928
06161058	51.5589362103972	9.94790285826656
06161058	51.5589348273832	9.94792800397607
06161058	51.5589334862787	9.94795348496171
06161058	51.558938138235	9.94798282162281
06161058	51.5589326899979	9.94801810943517
06161058	51.5589279542226	9.94806194678875
06161058	51.5589246852804	9.9480993300769
06161058	51.5589136630777	9.94815867395135
06161058	51.5589086339358	9.94819697924885
06161058	51.5589079633835	9.94821592235002
06161058	51.5589121543351	9.94822438807222
06161058	51.5589193208623	9.94823151268992
06161058	51.5589243500042	9.9482338596228
06161058	51.5589287505034	9.94824190624985
06161058	51.5589317679885	9.94825322181913
06161058	51.5589344921071	9.94826470502647
06161058	51.558938222054	9.94827300311061
06161058	51.5589428321007	9.94828356430861
06161058	51.5589518845562	9.94829873555335
06161058	51.5589607693735	9.9483202770445
06161058	51.5589687321815	9.94834651240143
06161058	51.5589741385091	9.94837911800477
06161058	51.5589716239381	9.94842287153932
06161058	51.5589620685685	9.94846620597872
06161058	51.5589503339041	9.94850560092362
06161058	51.5589404013488	9.94853401557538
06161058	51.5589367133114	9.94854683988723
06161058	51.5589387668777	9.94855463505718
06161059	51.5589439636577	9.94855924510392
06161059	51.5589499986279	9.94855279103848
06161059	51.5589531837511	9.94854348712596
06161059	51.5589511720944	9.94853904471728
06161059	51.5589548601318	9.94853585959407
06161059	51.5589586319882	9.94853569195601
06161059	51.5589668462533	9.94854063727888
06161059	51.5589756891612	9.94855589234265
06161059	51.5589810116697	9.94857852348122
06161059	51.5589827718693	9.94860425592395
06161059	51.5589791257415	9.94863644243213
06161059	51.5589760663468	9.94866326452228
06161059	51.5589709533859	9.94868790731761
06161059	51.5589672653485	9.94870810770425
06161059	51.5589634515825	9.94873174467119
06161059	51.5589598892737	9.94875789620909
06161059	51.5589578776169	9.94878203609022
06161059	51.5589543991271	9.94880961255166
06161059	51.5589511301849	9.94883593172761
06161059	51.5589472745094	9.94885982015165
06161059	51.5589444665718	9.9488816130999
06161059	51.5589419100914	9.9488987960014
06161059	51.5589398146156	9.94891606272193
06161059	51.5589385573301	9.94893542491826
06161059	51.5589372162256	9.94895948098036
06161059	51.5589358751211	9.94898454287085
06161059	51.5589341568309	9.94900792838069
06161059	51.5589321032647	9.94902527892026
06161059	51.5589314327124	9.94903793559405
06161059	51.5589306783411	9.94905486703846
06161059	51.5589298820603	9.94907657616767
06161059	51.5589286666844	9.94909501635465
06161059	51.55892644548	9.94911219925615
06161059	51.5589241823662	9.94913130999538
06161059	51.5589218354333	9.94915159420106
06161059	51.5589191113148	9.94917397388252
06161059	51.5589163452867	9.94920012542042
06161059	51.5589135792587	9.94922577404412
06161059	51.5589107713211	9.94924957864913
06161059	51.5589064127314	9.94926961139771
06161059	51.5589010902229	9.94928704575631
06161059	51.5588955162573	9.94930095971557
06161059	51.5588883497301	9.94931629859838
06161059	51.5588782914463	9.94933197275731
06161059	51.5588669339675	9.94934546762141
06161059	51.5588556183982	9.94935954921874
06161059	51.5588448057431	9.94937363081607
06161059	51.5588350408259	9.94938611985179
06161059	51.5588265751037	9.94939701632592
06161059	51.5588169359151	9.94940774516198
06161059	51.5588064166266	9.94941696525547
06161059	51.5587948496002	9.94942802936765
06161059	51.558783701669	9.94944001548919
06161059	51.5587746073041	9.94945275598201
06161059	51.5587648842964	9.94946817868384
06161059	51.5587570053074	9.94948368520471
06161059	51.5587498387802	9.94949877263042
06161059	51.5587407025057	9.94951520116064
06161059	51.5587302670363	9.94953682647082
06161059	51.5587220527712	9.94955669158134
06161100	51.5587153472487	9.94957622141573
06161100	51.5587083483595	9.94959508069786
06161100	51.5587000502754	9.94961662218901
06161100	51.5586914169151	9.94964210317465
06161100	51.558684585664	9.94965501130554
06161100	51.5586784668747	9.94966858998868
06161100	51.5586715098951	9.94968862273726
06161100	51.5586653491962	9.94971477427515
06161100	51.5586608229685	9.94973296300503
06161100	51.5586566320169	9.9497484695259
06161100	51.5586497588563	9.94975785725745
06161100	51.5586416703198	9.94976498187515
06161100	51.5586328693214	9.94977202267381
06161100	51.5586246550563	9.94977856055829
06161100	51.5586167760674	9.94978476316663
06161100	51.5586112021017	9.94978845120403
06161100	51.5586054604981	9.94980010204944
06161100	51.5585997188944	9.94981979952189
06161100	51.5585941868383	9.94985525497231
06161100	51.5585897025201	9.94989272207948
06161100	51.55858538584	9.9499176163319
06161100	51.558580105241	9.94993580506178
06161100	51.5585738188136	9.94994527661237
06161100	51.5585648082677	9.94995650836262
06161100	51.5585555462647	9.94996136986646
06161100	51.558543141048	9.94996572845611
06161100	51.5585301490981	9.94996924885544
06161100	51.5585170733291	9.94997184724542
06161100	51.5585038299221	9.94997737930152
06161100	51.5584904607866	9.94998349809083
06161100	51.5584788518507	9.94999313727948
06161100	51.5584673267338	9.95000327938232
06161100	51.5584555920694	9.95001400821837
06161100	51.5584439831335	9.95002507233056
06161100	51.5584315779168	9.95003353805276
06161100	51.5584187116954	9.95004099794659
06161100	51.5584060550216	9.95005005040201
06161100	51.5583942784477	9.95005910285744
06161100	51.5583823342356	9.95006329380902
06161100	51.5583693422857	9.9500663951132
06161100	51.5583568113405	9.9500698316935
06161100	51.5583434002954	9.95007293299767
06161100	51.5583301987979	9.95007494465443
06161100	51.5583173325766	9.95007628575894
06161100	51.5583050949979	9.95007930324408
06161100	51.5582928993288	9.95008240454825
06161100	51.5582840983305	9.95008265600535
06161100	51.5582730761278	9.95008349419567
06161100	51.5582659934196	9.95008366183373
06161100	51.5582593298066	9.95008567349049
06161100	51.5582515346367	9.9500886071566
06161100	51.5582427755478	9.95009313338432
06161100	51.5582342679161	9.95009698905977
06161100	51.5582257602844	9.95010185056361
06161100	51.5582149895388	9.95010998100969
06161100	51.5582047217074	9.95012280532154
06161100	51.5581971360851	9.95013621636662
06161100	51.558191771667	9.95015138761136
06161100	51.5581869101632	9.9501697439793
06161100	51.5581835574019	9.9501908663753
06161101	51.5581833059448	9.95021215640935
06161101	51.55818372504	9.95023294352922
06161101	51.5581854852397	9.95025473647746
06161101	51.5581871616203	9.9502754397783
06161101	51.558190221015	9.95029706508848
06161101	51.5581915621195	9.95032086969349
06161101	51.5581924003098	9.95034115389916
06161101	51.5581915202099	9.95036076755258
06161101	51.5581904305625	9.95038180612954
06161101	51.5581895085532	9.95040552691552
06161101	51.5581885446343	9.95042731986377
06161101	51.5581871197108	9.95045045391652
06161101	51.5581871616203	9.9504723306838
06161101	51.5581856947872	9.95049395599398
06161101	51.5581855271492	9.95051122271451
06161101	51.5581866587061	9.95052932762536
06161101	51.5581867425251	9.95053829626176
06161101	51.5581885027248	9.95055061765942
06161101	51.558189005639	9.95056805201802
06161101	51.5581888799104	9.95058774949047
06161101	51.5581886703629	9.9506015796307
06161101	51.5581884608153	9.95061465539965
06161101	51.5581892990056	9.95063217357728
06161101	51.5581913525719	9.9506501946691
06161101	51.5581925260383	9.95066913777026
06161101	51.5581920650337	9.95068849996659
06161101	51.5581905562911	9.95070987381968
06161101	51.558187622625	9.95073250495824
06161101	51.5581838926781	9.95075287298295
06161101	51.5581810847405	9.95077181608412
06161101	51.558178360622	9.95078899898562
06161101	51.5581776481602	9.95080433786842
06161101	51.5581788216266	9.95081917383703
06161101	51.5581823839355	9.9508328363392
06161101	51.5581843117732	9.95085161180231
06161101	51.5581830963973	9.95087952353987
06161101	51.5581822162974	9.95090332814488
06161101	51.5581820067498	9.95092227124604
06161101	51.5581823001165	9.95094431565139
06161101	51.5581849823255	9.95096594096157
06161101	51.5581868263442	9.95098228567275
06161101	51.5581880836296	9.95099552907976
06161101	51.5581929451335	9.95100785047743
06161101	51.5581967588994	9.95102419518861
06161101	51.5581967588994	9.95102419518861
06161101	51.5581967588994	9.95102419518861
06161101	51.5581826773021	9.95106928982767
06161101	51.5581826773021	9.95106928982767
06161101	51.5581826773021	9.95106928982767
