33.1729065035415
39.8498017217147
36.5663087645827
34.6441982578992
33.849518279231
24.7675598650535
24.7302327134986
24.5626403359462
25.3486424694105
25.2938482751455
25.5622013809524
26.4289567567568
26.6121770491803
27.3781457364341
28.2141265486726
27.7646323308271
27.8109338235294
28.4351328767123
28.2410307692308
28.4729100529101
30.0718551724138
27.1924951972205
26.4070749498328
30.01776933767
30.7974641051314
36.8350671077505
33.9225208333333
25.1904204078431
25.0297276392275
25.4754426833073
25.349448023921
25.8117181571816
26.1739678276269
26.1744875681287
26.1017387678001
25.2778504004806
25.5655928862426
26.8418100406631
26.7544097182289
26.6275738041734
26.7243463112005
27.3796102124487
29.2966446978335
27.8168406904762
