#Average Temp
18.3907038390165
18.4423107254902
18.5836119065998
18.5677921713442
18.6543192738125
18.5351171416938
18.7161518696949
19.2692505476673
19.2053328239788
19.0842690507844
19.0397450864198
18.9079497409326
18.7928977998141
19.181348057554
19.0541026695141
18.8489391127942
18.9810771872824
18.6450786998917
18.7091762661955
18.6632450797872
18.9334681538049
19.0688115746046
19.3299798033593
19.1926943572722
19.9831644455495
19.2750835519896
18.8265315383659
18.8826004960933
19.2735726906063
19.0302702436582
19.6534626947198
20.0077424189308
20.2215381716977
20.3482411637931
20.590485390516
20.0795511527941
19.6950832424525
19.4437886886609
19.6127133535086
19.9021118605316
20.5901703467799
20.5051508537491
19.1811426159436
19.1052116616732
19.4560861379891
20.3069270697674
19.8513913089005
20.2121988888889
19.5109274063452
19.5084012284483
20.732430141844
19.5549311502251
19.4080770293028
19.5293448859788
19.6551689976228
19.6759621481648
20.9221215990453
20.2040763095238
19.7074440657578
19.7348831735889
19.2887565605096
19.8634089857046
19.5176909608091
19.4125185753238
