#Zeit[s]		Temperatur		Druck		Absorbtion	ohne LED	Blau	IR		Latitude		Longitude		Messpunkte: 100/s	LEDZeit: 10/s
53973005	2407	16.0632	1275	1028.5	0.045	945	0.0692308	0.25641	0.212015	51.7252	9.96322
53973010	2407	16.0632	1268	1022.85	-0.0114667	948	0.0694505	0.25641	0.212015	51.7252	9.96322
53973015	2410	16.4266	1276	1029.31	0.0530664	938	0.0687179	0.25641	0.212015	51.7252	9.96322
53973020	2409	16.3055	1287	1038.18	0.141801	940	0.0688645	0.25641	0.212015	51.7252	9.96322
53973025	2410	16.4266	1273	1026.89	0.028866	933	0.0683516	0.25641	0.212015	51.7252	9.96322
53973030	2409	16.3055	1275	1028.5	0.045	932	0.0682784	0.25641	0.212015	51.7252	9.96322
53973035	2410	16.4266	1285	1036.57	0.125666	925	0.0677656	0.25641	0.212015	51.7252	9.96322
53973040	2412	16.6689	1277	1030.11	0.0611328	922	0.0675458	0.25641	0.212015	51.7252	9.96322
53973045	2410	16.4266	1284	1035.76	0.1176	918	0.0672527	0.25641	0.212015	51.7252	9.96322
53973050	2410	16.4266	1285	1036.57	0.125666	917	0.0672527	0.25641	0.0671795	51.7252	9.96322
53973055	2447	20.9096	1278	1030.92	0.0691992	1260	0.0672527	0.25641	0.0923077	51.7252	9.96322
53973060	2448	21.0308	1286	1037.37	0.133734	1253	0.0672527	0.25641	0.0917949	51.7252	9.96322
53973065	2446	20.7884	1285	1036.57	0.125666	1253	0.0672527	0.25641	0.0917949	51.7252	9.96322
53973070	2449	21.152	1286	1037.37	0.133734	1244	0.0672527	0.25641	0.0911355	51.7252	9.96322
53973075	2446	20.7884	1282	1034.15	0.101467	1238	0.0672527	0.25641	0.090696	51.7252	9.96322
53973080	2447	20.9096	1281	1033.34	0.0934009	1237	0.0672527	0.25641	0.0906227	51.7252	9.96322
53973085	2446	20.7884	1276	1029.31	0.0530664	1228	0.0672527	0.25641	0.0899634	51.7252	9.96322
53973090	2447	20.9096	1285	1036.57	0.125666	1218	0.0672527	0.25641	0.0892308	51.7252	9.96322
53973095	2447	20.9096	1275	1028.5	0.045	1210	0.0672527	0.25641	0.0886447	51.7252	9.96322
53973100	2442	20.3037	1271	1025.27	0.0127332	1203	0.0881319	0.25641	0.0886447	51.7252	9.96322
53973105	2410	16.4266	1276	1029.31	0.0530664	855	0.0626374	0.25641	0.0886447	51.7252	9.96322
53973110	2409	16.3055	1284	1035.76	0.1176	841	0.0616117	0.25641	0.0886447	51.7252	9.96322
53973115	2410	16.4266	1265	1020.43	-0.0356665	840	0.0615385	0.25641	0.0886447	51.7252	9.96322
53973120	2411	16.5477	1276	1029.31	0.0530664	833	0.0610256	0.25641	0.0886447	51.7252	9.96322
53973125	2409	16.3055	1273	1026.89	0.028866	827	0.0605861	0.25641	0.0886447	51.7252	9.96322
53973130	2409	16.3055	1272	1026.08	0.0207996	824	0.0603663	0.25641	0.0886447	51.7252	9.96322
53973135	2407	16.0632	1275	1028.5	0.045	816	0.0597802	0.25641	0.0886447	51.7252	9.96322
53973140	2409	16.3055	1282	1034.15	0.101467	815	0.059707	0.25641	0.0886447	51.7252	9.96322
53973145	2408	16.1843	1278	1030.92	0.0691992	815	0.059707	0.25641	0.0886447	51.7252	9.96322
53973150	2406	15.9421	1269	1023.66	-0.00339966	806	0.059707	0.0590476	0.0886447	51.7252	9.96322
53973155	2425	18.2438	1280	1032.53	0.0853345	1092	0.059707	0.08	0.0886447	51.7252	9.96322
53973160	2426	18.365	1280	1032.53	0.0853345	1090	0.059707	0.0798535	0.0886447	51.7252	9.96322
53973165	2424	18.1226	1276	1029.31	0.0530664	1090	0.059707	0.0798535	0.0886447	51.7252	9.96322
53973170	2388	13.7619	1277	1030.11	0.0611328	1081	0.059707	0.0791941	0.0886447	51.7252	9.96322
53973175	2423	18.0015	1261	1017.21	-0.0679327	1081	0.059707	0.0791941	0.0886447	51.7252	9.96322
53973180	2425	18.2438	1291	1041.41	0.174066	1079	0.059707	0.0790476	0.0886447	51.7252	9.96322
53973185	2425	18.2438	1286	1037.37	0.133734	1077	0.059707	0.0789011	0.0886447	51.7252	9.96322
53973190	2434	19.3343	1281	1033.34	0.0934009	1076	0.059707	0.0788278	0.0886447	51.7252	9.96322
53973195	2424	18.1226	1283	1034.95	0.109534	1074	0.059707	0.0786813	0.0886447	51.7252	9.96322
53973200	2422	17.8803	1285	1036.57	0.125666	1073	0.0786081	0.0786813	0.0886447	51.7252	9.96322
53973205	2409	16.3055	1276	1029.31	0.0530664	793	0.0580952	0.0786813	0.0886447	51.7252	9.96322
53973210	2410	16.4266	1281	1033.34	0.0934009	789	0.0578022	0.0786813	0.0886447	51.7252	9.96322
53973215	2409	16.3055	1271	1025.27	0.0127332	793	0.0580952	0.0786813	0.0886447	51.7252	9.96322
53973220	2409	16.3055	1276	1029.31	0.0530664	791	0.0579487	0.0786813	0.0886447	51.7252	9.96322
53973225	2410	16.4266	1279	1031.73	0.0772656	809	0.0592674	0.0786813	0.0886447	51.7252	9.96322
53973230	2405	15.8209	1276	1029.31	0.0530664	807	0.0591209	0.0786813	0.0886447	51.7252	9.96322
53973235	2406	15.9421	1277	1030.11	0.0611328	809	0.0592674	0.0786813	0.0886447	51.7252	9.96322
53973240	2408	16.1843	1281	1033.34	0.0934009	813	0.0595604	0.0786813	0.0886447	51.7252	9.96322
53973245	2408	16.1843	1271	1025.27	0.0127332	815	0.059707	0.0786813	0.0886447	51.7252	9.96322
53973250	2409	16.3055	1270	1024.47	0.00466675	817	0.0598535	0.0786813	0.0886447	51.7252	9.96322
53973255	2406	15.9421	1265	1020.43	-0.0356665	817	0.0598535	0.0786813	0.0886447	51.7252	9.96322
53973260	2410	16.4266	1278	1030.92	0.0691992	818	0.0599267	0.0786813	0.0886447	51.7252	9.96322
53973265	2405	15.8209	1277	1030.11	0.0611328	824	0.0603663	0.0786813	0.0886447	51.7252	9.96322
53973270	2409	16.3055	1276	1029.31	0.0530664	821	0.0603663	0.0786813	0.0601465	51.7252	9.96322
53973275	2443	20.4249	1276	1029.31	0.0530664	1165	0.0603663	0.0786813	0.085348	51.7252	9.96322
53973280	2445	20.6672	1274	1027.69	0.0369336	1169	0.0603663	0.0786813	0.085641	51.7252	9.96322
53973285	2444	20.546	1278	1030.92	0.0691992	1172	0.0603663	0.0786813	0.0858608	51.7252	9.96322
53973290	2445	20.6672	1279	1031.73	0.0772656	1173	0.0603663	0.0786813	0.0859341	51.7252	9.96322
53973295	2445	20.6672	1276	1029.31	0.0530664	1174	0.0603663	0.0786813	0.0860073	51.7252	9.96322
53973300	2447	20.9096	1273	1026.89	0.028866	1181	0.0603663	0.0786813	0.0865201	51.7252	9.96322
53973305	2445	20.6672	1273	1026.89	0.028866	1177	0.0603663	0.0786813	0.0862271	51.7252	9.96322
53973310	2444	20.546	1280	1032.53	0.0853345	1178	0.0603663	0.0786813	0.0863004	51.7252	9.96322
53973315	2445	20.6672	1285	1036.57	0.125666	1180	0.0603663	0.0786813	0.0864469	51.7252	9.96322
53973320	2445	20.6672	1277	1030.11	0.0611328	1179	0.0863736	0.0786813	0.0864469	51.7252	9.96322
53973325	2407	16.0632	1284	1035.76	0.1176	834	0.0610989	0.0786813	0.0864469	51.7252	9.96322
53973330	2405	15.8209	1284	1035.76	0.1176	834	0.0610989	0.0786813	0.0864469	51.7252	9.96322
53973335	2408	16.1843	1284	1035.76	0.1176	834	0.0610989	0.0786813	0.0864469	51.7252	9.96322
53973340	2411	16.5477	1277	1030.11	0.0611328	834	0.0610989	0.0786813	0.0864469	51.7252	9.96322
53973345	2407	16.0632	1280	1032.53	0.0853345	836	0.0612454	0.0786813	0.0864469	51.7252	9.96322
53973350	2406	15.9421	1281	1033.34	0.0934009	835	0.0611722	0.0786813	0.0864469	51.7252	9.96322
53973355	2408	16.1843	1278	1030.92	0.0691992	832	0.0609524	0.0786813	0.0864469	51.7252	9.96322
53973360	2408	16.1843	1277	1030.11	0.0611328	838	0.0613919	0.0786813	0.0864469	51.7252	9.96322
53973365	2410	16.4266	1282	1034.15	0.101467	833	0.0610256	0.0786813	0.0864469	51.7252	9.96322
53973370	2409	16.3055	1276	1029.31	0.0530664	836	0.0610256	0.0612454	0.0864469	51.7252	9.96322
53973375	2424	18.1226	1275	1028.5	0.045	1122	0.0610256	0.0821978	0.0864469	51.7252	9.96322
53973380	2424	18.1226	1277	1030.11	0.0611328	1121	0.0610256	0.0821245	0.0864469	51.7252	9.96322
53973385	2422	17.8803	1280	1032.53	0.0853345	1121	0.0610256	0.0821245	0.0864469	51.7252	9.96322
53973390	2422	17.8803	1278	1030.92	0.0691992	1118	0.0610256	0.0819048	0.0864469	51.7252	9.96322
53973395	2424	18.1226	1270	1024.47	0.00466675	1120	0.0610256	0.0820513	0.0864469	51.7252	9.96322
53973400	2423	18.0015	1283	1034.95	0.109534	1117	0.0610256	0.0818315	0.0864469	51.7252	9.96322
53973405	2422	17.8803	1275	1028.5	0.045	1121	0.0610256	0.0821245	0.0864469	51.7252	9.96322
53973410	2427	18.4861	1285	1036.57	0.125666	1112	0.0610256	0.0814652	0.0864469	51.7252	9.96322
53973415	2421	17.7592	1283	1034.95	0.109534	1112	0.0610256	0.0814652	0.0864469	51.7252	9.96322
53973420	2424	18.1226	1274	1027.69	0.0369336	1112	0.0814652	0.0814652	0.0864469	51.7252	9.96322
53973425	2408	16.1843	1278	1030.92	0.0691992	821	0.0601465	0.0814652	0.0864469	51.7252	9.96322
53973430	2409	16.3055	1278	1030.92	0.0691992	819	0.06	0.0814652	0.0864469	51.7252	9.96322
53973435	2408	16.1843	1278	1030.92	0.0691992	820	0.0600733	0.0814652	0.0864469	51.7252	9.96322
53973440	2409	16.3055	1290	1040.6	0.166	815	0.059707	0.0814652	0.0864469	51.7252	9.96322
53973445	2405	15.8209	1280	1032.53	0.0853345	812	0.0594872	0.0814652	0.0864469	51.7252	9.96322
53973450	2408	16.1843	1282	1034.15	0.101467	814	0.0596337	0.0814652	0.0864469	51.7252	9.96322
53973455	2408	16.1843	1289	1039.79	0.157933	814	0.0596337	0.0814652	0.0864469	51.7252	9.96322
53973460	2404	15.6998	1270	1024.47	0.00466675	810	0.0593407	0.0814652	0.0864469	51.7252	9.96322
53973465	2405	15.8209	1283	1034.95	0.109534	805	0.0589744	0.0814652	0.0864469	51.7252	9.96322
53973470	2409	16.3055	1290	1040.6	0.166	808	0.0589744	0.0814652	0.0591941	51.7252	9.96322
53973475	2444	20.546	1277	1030.11	0.0611328	1148	0.0589744	0.0814652	0.0841026	51.7252	9.96322
53973480	2445	20.6672	1276	1029.31	0.0530664	1144	0.0589744	0.0814652	0.0838095	51.7252	9.96322
53973485	2446	20.7884	1286	1037.37	0.133734	1142	0.0589744	0.0814652	0.083663	51.7252	9.96322
53973490	2444	20.546	1284	1035.76	0.1176	1140	0.0589744	0.0814652	0.0835165	51.7252	9.96322
53973495	2446	20.7884	1282	1034.15	0.101467	1137	0.0589744	0.0814652	0.0832967	51.7252	9.96322
53973500	2443	20.4249	1289	1039.79	0.157933	1135	0.0589744	0.0814652	0.0831502	51.7252	9.96322
53973505	2445	20.6672	1281	1033.34	0.0934009	1131	0.0589744	0.0814652	0.0828571	51.7252	9.96322
53973510	2444	20.546	1284	1035.76	0.1176	1131	0.0589744	0.0814652	0.0828571	51.7252	9.96322
53973515	2444	20.546	1284	1035.76	0.1176	1128	0.0589744	0.0814652	0.0826374	51.7252	9.96322
53973520	2446	20.7884	1290	1040.6	0.166	1123	0.0822711	0.0814652	0.0826374	51.7252	9.96322
53973525	2407	16.0632	1282	1034.15	0.101467	780	0.0571429	0.0814652	0.0826374	51.7252	9.96322
53973530	2409	16.3055	1279	1031.73	0.0772656	779	0.0570696	0.0814652	0.0826374	51.7252	9.96322
53973535	2403	15.5787	1277	1030.11	0.0611328	774	0.0567033	0.0814652	0.0826374	51.7252	9.96322
53973540	2409	16.3055	1285	1036.57	0.125666	767	0.0561905	0.0814652	0.0826374	51.7252	9.96322
53973545	2407	16.0632	1276	1029.31	0.0530664	769	0.056337	0.0814652	0.0826374	51.7252	9.96322
53973550	2407	16.0632	1279	1031.73	0.0772656	758	0.0555311	0.0814652	0.0826374	51.7252	9.96322
53973555	2408	16.1843	1272	1026.08	0.0207996	759	0.0556044	0.0814652	0.0826374	51.7252	9.96322
53973560	2406	15.9421	1284	1035.76	0.1176	756	0.0553846	0.0814652	0.0826374	51.7252	9.96322
53973565	2408	16.1843	1266	1021.24	-0.0275995	757	0.0554579	0.0814652	0.0826374	51.7252	9.96322
53973570	2406	15.9421	1279	1031.73	0.0772656	755	0.0554579	0.0553114	0.0826374	51.7252	9.96322
53973575	2422	17.8803	1275	1028.5	0.045	1040	0.0554579	0.0761905	0.0826374	51.7252	9.96322
53973580	2420	17.638	1271	1025.27	0.0127332	1043	0.0554579	0.0764103	0.0826374	51.7252	9.96322
53973585	2421	17.7592	1277	1030.11	0.0611328	1045	0.0554579	0.0765568	0.0826374	51.7252	9.96322
53973590	2422	17.8803	1275	1028.5	0.045	1048	0.0554579	0.0767766	0.0826374	51.7252	9.96322
53973595	2423	18.0015	1284	1035.76	0.1176	1045	0.0554579	0.0765568	0.0826374	51.7252	9.96322
53973600	2422	17.8803	1281	1033.34	0.0934009	1049	0.0554579	0.0768498	0.0826374	51.7252	9.96322
53973605	2419	17.5169	1280	1032.53	0.0853345	1047	0.0554579	0.0767033	0.0826374	51.7252	9.96322
53973610	2425	18.2438	1277	1030.11	0.0611328	1046	0.0554579	0.07663	0.0826374	51.7252	9.96322
53973615	2421	17.7592	1277	1030.11	0.0611328	1047	0.0554579	0.0767033	0.0826374	51.7252	9.96322
53973620	2422	17.8803	1271	1025.27	0.0127332	1056	0.0773626	0.0767033	0.0826374	51.7252	9.96322
53973625	2405	15.8209	1275	1028.5	0.045	768	0.0562637	0.0767033	0.0826374	51.7252	9.96322
53973630	2407	16.0632	1273	1026.89	0.028866	766	0.0561172	0.0767033	0.0826374	51.7252	9.96322
53973635	2404	15.6998	1283	1034.95	0.109534	775	0.0567766	0.0767033	0.0826374	51.7252	9.96322
53973640	2407	16.0632	1279	1031.73	0.0772656	773	0.05663	0.0767033	0.0826374	51.7252	9.96322
53973645	2410	16.4266	1283	1034.95	0.109534	776	0.0568498	0.0767033	0.0826374	51.7252	9.96322
53973650	2416	17.1534	1283	1034.95	0.109534	782	0.0572894	0.0767033	0.0826374	51.7252	9.96322
53973655	2422	17.8803	1283	1034.95	0.109534	607	0.0444689	0.0767033	0.0826374	51.7252	9.96322
53973660	2424	18.1226	1285	1036.57	0.125666	795	0.0582418	0.0767033	0.0826374	51.7252	9.96322
53973665	2424	18.1226	1287	1038.18	0.141801	799	0.0585348	0.0767033	0.0826374	51.7252	9.96322
53973670	2428	18.6073	1285	1036.57	0.125666	813	0.0585348	0.0767033	0.0595604	51.7252	9.96322
53973675	2465	23.0912	1285	1036.57	0.125666	1159	0.0585348	0.0767033	0.0849084	51.7252	9.96322
53973680	2468	23.4548	1284	1035.76	0.1176	1177	0.0585348	0.0767033	0.0862271	51.7252	9.96322
53973685	2468	23.4548	1284	1035.76	0.1176	1187	0.0585348	0.0767033	0.0869597	51.7252	9.96322
53973690	2467	23.3336	1281	1033.34	0.0934009	1198	0.0585348	0.0767033	0.0877656	51.7252	9.96322
53973695	2475	24.3034	1287	1038.18	0.141801	1260	0.0585348	0.0767033	0.0923077	51.7252	9.96322
53973700	2472	23.9397	1292	1042.21	0.182134	1271	0.0585348	0.0767033	0.0931136	51.7252	9.96322
53973705	2474	24.1822	1290	1040.6	0.166	1276	0.0585348	0.0767033	0.0934799	51.7252	9.96322
53973710	2473	24.0609	1290	1040.6	0.166	1280	0.0585348	0.0767033	0.0937729	51.7252	9.96322
53973715	2476	24.4246	1297	1046.25	0.222466	1284	0.0585348	0.0767033	0.0940659	51.7252	9.96322
53973720	2474	24.1822	1288	1038.99	0.149867	626	0.0585348	0.0767033	0.0458608	51.7252	9.96322
53973725	2474	24.1822	1297	1046.25	0.222466	598	0.0585348	0.0767033	0.0438095	51.7252	9.96322
53973730	2473	24.0609	1292	1042.21	0.182134	572	0.0585348	0.0767033	0.0419048	51.7252	9.96322
53973735	2474	24.1822	1294	1043.83	0.198267	816	0.0585348	0.0767033	0.0597802	51.7252	9.96322
53973740	2477	24.5459	1292	1042.21	0.182134	513	0.0375824	0.0767033	0.0597802	51.7252	9.96322
53973745	2437	19.6978	1293	1043.02	0.1902	408	0.0298901	0.0767033	0.0597802	51.7252	9.96322
53973750	2440	20.0613	1302	1050.28	0.2628	393	0.0287912	0.0767033	0.0597802	51.7252	9.96322
53973755	2440	20.0613	1298	1047.05	0.230532	389	0.0284982	0.0767033	0.0597802	51.7252	9.96322
53973760	2436	19.5766	1297	1046.25	0.222466	380	0.0278388	0.0767033	0.0597802	51.7252	9.96322
53973765	2437	19.6978	1284	1035.76	0.1176	393	0.0287912	0.0767033	0.0597802	51.7252	9.96322
53973770	2438	19.8189	1293	1043.02	0.1902	397	0.0290842	0.0767033	0.0597802	51.7252	9.96322
53973775	2442	20.3037	1290	1040.6	0.166	400	0.029304	0.0767033	0.0597802	51.7252	9.96322
53973780	2441	20.1825	1284	1035.76	0.1176	414	0.0303297	0.0767033	0.0597802	51.7252	9.96322
53973785	2438	19.8189	1296	1045.44	0.214399	410	0.0300366	0.0767033	0.0597802	51.7252	9.96322
53973790	2440	20.0613	1294	1043.83	0.198267	401	0.0300366	0.0293773	0.0597802	51.7252	9.96322
53973795	2453	21.6367	1291	1041.41	0.174066	450	0.0300366	0.032967	0.0597802	51.7252	9.96322
53973800	2455	21.8791	1290	1040.6	0.166	456	0.0300366	0.0334066	0.0597802	51.7252	9.96322
53973805	2456	22.0003	1300	1048.67	0.246667	419	0.0300366	0.030696	0.0597802	51.7252	9.96322
53973810	2456	22.0003	1298	1047.05	0.230532	480	0.0300366	0.0351648	0.0597802	51.7252	9.96322
53973815	2456	22.0003	1298	1047.05	0.230532	419	0.0300366	0.030696	0.0597802	51.7252	9.96322
53973820	2455	21.8791	1301	1049.47	0.254734	404	0.0300366	0.0295971	0.0597802	51.7252	9.96322
53973825	2455	21.8791	1298	1047.05	0.230532	395	0.0300366	0.0289377	0.0597802	51.7252	9.96322
53973830	2455	21.8791	1305	1052.7	0.287001	385	0.0300366	0.0282051	0.0597802	51.7252	9.96322
53973835	2456	22.0003	1302	1050.28	0.2628	377	0.0300366	0.027619	0.0597802	51.7252	9.96322
53973840	2457	22.1215	1293	1043.02	0.1902	359	0.0263004	0.027619	0.0597802	51.7252	9.96322
53973845	2440	20.0613	1288	1038.99	0.149867	305	0.0223443	0.027619	0.0597802	51.7252	9.96322
53973850	2441	20.1825	1289	1039.79	0.157933	290	0.0212454	0.027619	0.0597802	51.7252	9.96322
53973855	2440	20.0613	1298	1047.05	0.230532	278	0.0203663	0.027619	0.0597802	51.7252	9.96322
53973860	2442	20.3037	1294	1043.83	0.198267	259	0.0189744	0.027619	0.0597802	51.7252	9.96322
53973865	2442	20.3037	1301	1049.47	0.254734	256	0.0187546	0.027619	0.0597802	51.7252	9.96322
53973870	2439	19.9401	1293	1043.02	0.1902	259	0.0189744	0.027619	0.0597802	51.7252	9.96322
53973875	2440	20.0613	1296	1045.44	0.214399	252	0.0184615	0.027619	0.0597802	51.7252	9.96322
53973880	2442	20.3037	1288	1038.99	0.149867	256	0.0187546	0.027619	0.0597802	51.7252	9.96322
53973885	2442	20.3037	1304	1051.89	0.278933	248	0.0181685	0.027619	0.0597802	51.7252	9.96322
53973890	2440	20.0613	1297	1046.25	0.222466	242	0.0181685	0.027619	0.0177289	51.7252	9.96322
53973895	2477	24.5459	1286	1037.37	0.133734	350	0.0181685	0.027619	0.025641	51.7252	9.96322
53973900	2477	24.5459	1297	1046.25	0.222466	344	0.0181685	0.027619	0.0252015	51.7252	9.96322
53973905	2477	24.5459	1295	1044.63	0.206333	340	0.0181685	0.027619	0.0249084	51.7252	9.96322
53973910	2476	24.4246	1305	1052.7	0.287001	337	0.0181685	0.027619	0.0246886	51.7252	9.96322
53973915	2477	24.5459	1301	1049.47	0.254734	337	0.0181685	0.027619	0.0246886	51.7252	9.96322
53973920	2479	24.7883	1301	1049.47	0.254734	329	0.0181685	0.027619	0.0241026	51.7252	9.96322
53973925	2478	24.6671	1296	1045.44	0.214399	323	0.0181685	0.027619	0.023663	51.7252	9.96322
53973930	2479	24.7883	1295	1044.63	0.206333	315	0.0181685	0.027619	0.0230769	51.7252	9.96322
53973935	2478	24.6671	1304	1051.89	0.278933	308	0.0181685	0.027619	0.0225641	51.7252	9.96322
53973940	2477	24.5459	1305	1052.7	0.287001	300	0.021978	0.027619	0.0225641	51.7252	9.96322
53973945	2446	20.7884	1293	1043.02	0.1902	185	0.0135531	0.027619	0.0225641	51.7252	9.96322
53973950	2441	20.1825	1296	1045.44	0.214399	177	0.012967	0.027619	0.0225641	51.7252	9.96322
53973955	2443	20.4249	1301	1049.47	0.254734	174	0.0127473	0.027619	0.0225641	51.7252	9.96322
53973960	2441	20.1825	1297	1046.25	0.222466	166	0.0121612	0.027619	0.0225641	51.7252	9.96322
53973965	2442	20.3037	1301	1049.47	0.254734	163	0.0119414	0.027619	0.0225641	51.7252	9.96322
53973970	2444	20.546	1297	1046.25	0.222466	157	0.0115018	0.027619	0.0225641	51.7252	9.96322
53973975	2442	20.3037	1284	1035.76	0.1176	154	0.0112821	0.027619	0.0225641	51.7252	9.96322
53973980	2441	20.1825	1296	1045.44	0.214399	141	0.0103297	0.027619	0.0225641	51.7252	9.96322
53973985	2441	20.1825	1305	1052.7	0.287001	140	0.0102564	0.027619	0.0225641	51.7252	9.96322
53973990	2445	20.6672	1302	1050.28	0.2628	135	0.0102564	0.00989011	0.0225641	51.7252	9.96322
53973995	2457	22.1215	1291	1041.41	0.174066	188	0.0102564	0.0137729	0.0225641	51.7252	9.96322
53974000	2458	22.2427	1290	1040.6	0.166	187	0.0102564	0.0136996	0.0225641	51.7252	9.96322
53974005	2457	22.1215	1309	1055.93	0.319266	180	0.0102564	0.0131868	0.0225641	51.7252	9.96322
53974010	2457	22.1215	1303	1051.09	0.270867	178	0.0102564	0.0130403	0.0225641	51.7252	9.96322
53974015	2458	22.2427	1303	1051.09	0.270867	177	0.0102564	0.012967	0.0225641	51.7252	9.96322
53974020	2457	22.1215	1301	1049.47	0.254734	174	0.0102564	0.0127473	0.0225641	51.7252	9.96322
53974025	2453	21.6367	1309	1055.93	0.319266	168	0.0102564	0.0123077	0.0225641	51.7252	9.96322
53974030	2457	22.1215	1309	1055.93	0.319266	168	0.0102564	0.0123077	0.0225641	51.7252	9.96322
53974035	2458	22.2427	1302	1050.28	0.2628	165	0.0102564	0.0120879	0.0225641	51.7252	9.96322
53974040	2456	22.0003	1306	1053.51	0.295067	163	0.0119414	0.0120879	0.0225641	51.7252	9.96322
53974045	2441	20.1825	1311	1057.54	0.3354	106	0.00776557	0.0120879	0.0225641	51.7252	9.96322
53974050	2439	19.9401	1311	1057.54	0.3354	108	0.00791209	0.0120879	0.0225641	51.7252	9.96322
53974055	2442	20.3037	1297	1046.25	0.222466	108	0.00791209	0.0120879	0.0225641	51.7252	9.96322
53974060	2444	20.546	1296	1045.44	0.214399	105	0.00769231	0.0120879	0.0225641	51.7252	9.96322
53974065	2440	20.0613	1312	1058.35	0.343467	105	0.00769231	0.0120879	0.0225641	51.7252	9.96322
53974070	2441	20.1825	1308	1055.12	0.3112	103	0.00754579	0.0120879	0.0225641	51.7252	9.96322
53974075	2442	20.3037	1309	1055.93	0.319266	102	0.00747253	0.0120879	0.0225641	51.7252	9.96322
53974080	2441	20.1825	1312	1058.35	0.343467	103	0.00754579	0.0120879	0.0225641	51.7252	9.96322
53974085	2442	20.3037	1311	1057.54	0.3354	99	0.00725275	0.0120879	0.0225641	51.7252	9.96322
53974090	2444	20.546	1316	1061.57	0.375732	101	0.00725275	0.0120879	0.00739927	51.7252	9.96322
53974095	2477	24.5459	1318	1063.19	0.391866	205	0.00725275	0.0120879	0.0150183	51.7252	9.96322
53974100	2478	24.6671	1320	1064.8	0.408	203	0.00725275	0.0120879	0.0148718	51.7252	9.96322
53974105	2478	24.6671	1320	1064.8	0.408	201	0.00725275	0.0120879	0.0147253	51.7252	9.96322
53974110	2476	24.4246	1320	1064.8	0.408	200	0.00725275	0.0120879	0.014652	51.7252	9.96322
53974115	2478	24.6671	1394	1124.49	1.00493	202	0.00725275	0.0120879	0.0147985	51.7252	9.96322
53974120	2481	25.0308	1312	1058.35	0.343467	196	0.00725275	0.0120879	0.014359	51.7252	9.96322
53974125	2479	24.7883	1318	1063.19	0.391866	200	0.00725275	0.0120879	0.014652	51.7252	9.96322
53974130	2479	24.7883	1320	1064.8	0.408	193	0.00725275	0.0120879	0.0141392	51.7252	9.96322
53974135	2478	24.6671	1250	1008.33	-0.156667	151	0.00725275	0.0120879	0.0110623	51.7252	9.96322
53974140	2479	24.7883	1302	1050.28	0.2628	189	0.0138462	0.0120879	0.0110623	51.7252	9.96322
53974145	2444	20.546	1324	1068.03	0.440267	84	0.00615385	0.0120879	0.0110623	51.7252	9.96322
53974150	2444	20.546	1319	1063.99	0.399933	85	0.00622711	0.0120879	0.0110623	51.7252	9.96322
53974155	2441	20.1825	1322	1066.41	0.424133	83	0.00608059	0.0120879	0.0110623	51.7252	9.96322
53974160	2441	20.1825	1327	1070.45	0.464467	80	0.00586081	0.0120879	0.0110623	51.7252	9.96322
53974165	2440	20.0613	1322	1066.41	0.424133	80	0.00586081	0.0120879	0.0110623	51.7252	9.96322
53974170	2444	20.546	1328	1071.25	0.472533	77	0.00564103	0.0120879	0.0110623	51.7252	9.96322
53974175	2442	20.3037	1329	1072.06	0.480601	72	0.00527473	0.0120879	0.0110623	51.7252	9.96322
53974180	2443	20.4249	1322	1066.41	0.424133	72	0.00527473	0.0120879	0.0110623	51.7252	9.96322
53974185	2444	20.546	1333	1075.29	0.512866	72	0.00527473	0.0120879	0.0110623	51.7252	9.96322
53974190	2440	20.0613	1332	1074.48	0.5048	71	0.00520146	0.0120879	0.0110623	51.7252	9.96322
53974195	2441	20.1825	1331	1073.67	0.496733	71	0.00520146	0.0120879	0.0110623	51.7252	9.96322
53974200	2441	20.1825	1326	1069.64	0.4564	71	0.00520146	0.0120879	0.0110623	51.7252	9.96322
53974205	2442	20.3037	1331	1073.67	0.496733	70	0.00512821	0.0120879	0.0110623	51.7252	9.96322
53974210	2442	20.3037	1329	1072.06	0.480601	70	0.00512821	0.0120879	0.0110623	51.7252	9.96322
53974215	2439	19.9401	1324	1068.03	0.440267	72	0.00527473	0.0120879	0.0110623	51.7252	9.96322
53974220	2442	20.3037	1329	1072.06	0.480601	71	0.00527473	0.00520146	0.0110623	51.7252	9.96322
53974225	2455	21.8791	1330	1072.87	0.488667	121	0.00527473	0.00886447	0.0110623	51.7252	9.96322
53974230	2460	22.4851	1326	1069.64	0.4564	119	0.00527473	0.00871795	0.0110623	51.7252	9.96322
53974235	2458	22.2427	1341	1081.74	0.5774	118	0.00527473	0.00864469	0.0110623	51.7252	9.96322
53974240	2456	22.0003	1337	1078.51	0.545133	122	0.00527473	0.00893773	0.0110623	51.7252	9.96322
53974245	2456	22.0003	1332	1074.48	0.5048	119	0.00527473	0.00871795	0.0110623	51.7252	9.96322
53974250	2457	22.1215	1328	1071.25	0.472533	120	0.00527473	0.00879121	0.0110623	51.7252	9.96322
53974255	2459	22.3639	1338	1079.32	0.553199	120	0.00527473	0.00879121	0.0110623	51.7252	9.96322
53974260	2459	22.3639	1333	1075.29	0.512866	119	0.00527473	0.00871795	0.0110623	51.7252	9.96322
53974265	2458	22.2427	1331	1073.67	0.496733	120	0.00527473	0.00879121	0.0110623	51.7252	9.96322
53974270	2455	21.8791	1339	1080.13	0.561266	119	0.00871795	0.00879121	0.0110623	51.7252	9.96322
53974275	2445	20.6672	1335	1076.9	0.529	73	0.00534799	0.00879121	0.0110623	51.7252	9.96322
53974280	2442	20.3037	1331	1073.67	0.496733	72	0.00527473	0.00879121	0.0110623	51.7252	9.96322
53974285	2442	20.3037	1333	1075.29	0.512866	70	0.00512821	0.00879121	0.0110623	51.7252	9.96322
53974290	2441	20.1825	1335	1076.9	0.529	70	0.00512821	0.00879121	0.0110623	51.7252	9.96322
53974295	2441	20.1825	1340	1080.93	0.569333	71	0.00520146	0.00879121	0.0110623	51.7252	9.96322
53974300	2444	20.546	1328	1071.25	0.472533	70	0.00512821	0.00879121	0.0110623	51.7252	9.96322
53974305	2439	19.9401	1339	1080.13	0.561266	70	0.00512821	0.00879121	0.0110623	51.7252	9.96322
53974310	2442	20.3037	1337	1078.51	0.545133	69	0.00505495	0.00879121	0.0110623	51.7252	9.96322
53974315	2440	20.0613	1337	1078.51	0.545133	71	0.00520146	0.00879121	0.0110623	51.7252	9.96322
53974320	2443	20.4249	1326	1069.64	0.4564	70	0.00520146	0.00879121	0.00512821	51.7252	9.96322
53974325	2477	24.5459	1342	1082.55	0.585468	171	0.00520146	0.00879121	0.0125275	51.7252	9.96322
53974330	2481	25.0308	1336	1077.71	0.537067	169	0.00520146	0.00879121	0.012381	51.7252	9.96322
53974335	2475	24.3034	1336	1077.71	0.537067	172	0.00520146	0.00879121	0.0126007	51.7252	9.96322
53974340	2479	24.7883	1332	1074.48	0.5048	172	0.00520146	0.00879121	0.0126007	51.7252	9.96322
53974345	2478	24.6671	1334	1076.09	0.520933	170	0.00520146	0.00879121	0.0124542	51.7252	9.96322
53974350	2483	25.2732	1338	1079.32	0.553199	170	0.00520146	0.00879121	0.0124542	51.7252	9.96322
53974355	2480	24.9095	1344	1084.16	0.6016	170	0.00520146	0.00879121	0.0124542	51.7252	9.96322
53974360	2478	24.6671	1342	1082.55	0.585468	171	0.00520146	0.00879121	0.0125275	51.7252	9.96322
53974365	2476	24.4246	1341	1081.74	0.5774	169	0.00520146	0.00879121	0.012381	51.7252	9.96322
53974370	2480	24.9095	1342	1082.55	0.585468	170	0.0124542	0.00879121	0.012381	51.7252	9.96322
53974375	2447	20.9096	1345	1084.97	0.609667	70	0.00512821	0.00879121	0.012381	51.7252	9.96322
53974380	2442	20.3037	1343	1083.35	0.593534	70	0.00512821	0.00879121	0.012381	51.7252	9.96322
53974385	2440	20.0613	1346	1085.77	0.617733	70	0.00512821	0.00879121	0.012381	51.7252	9.96322
53974390	2442	20.3037	1344	1084.16	0.6016	68	0.00498168	0.00879121	0.012381	51.7252	9.96322
53974395	2440	20.0613	1338	1079.32	0.553199	70	0.00512821	0.00879121	0.012381	51.7252	9.96322
53974400	2441	20.1825	1348	1087.39	0.633867	70	0.00512821	0.00879121	0.012381	51.7252	9.96322
53974405	2443	20.4249	1337	1078.51	0.545133	71	0.00520146	0.00879121	0.012381	51.7252	9.96322
53974410	2443	20.4249	1356	1093.84	0.6984	71	0.00520146	0.00879121	0.012381	51.7252	9.96322
53974415	2440	20.0613	1351	1089.81	0.658066	71	0.00520146	0.00879121	0.012381	51.7252	9.96322
53974420	2442	20.3037	1346	1085.77	0.617733	69	0.00520146	0.00505495	0.012381	51.7252	9.96322
53974425	2454	21.7579	1350	1089	0.65	117	0.00520146	0.00857143	0.012381	51.7252	9.96322
53974430	2459	22.3639	1346	1085.77	0.617733	120	0.00520146	0.00879121	0.012381	51.7252	9.96322
53974435	2456	22.0003	1351	1089.81	0.658066	119	0.00520146	0.00871795	0.012381	51.7252	9.96322
53974440	2456	22.0003	1340	1080.93	0.569333	120	0.00520146	0.00879121	0.012381	51.7252	9.96322
53974445	2456	22.0003	1354	1092.23	0.682267	119	0.00520146	0.00871795	0.012381	51.7252	9.96322
53974450	2459	22.3639	1343	1083.35	0.593534	119	0.00520146	0.00871795	0.012381	51.7252	9.96322
53974455	2456	22.0003	1349	1088.19	0.641934	120	0.00520146	0.00879121	0.012381	51.7252	9.96322
53974460	2455	21.8791	1344	1084.16	0.6016	120	0.00520146	0.00879121	0.012381	51.7252	9.96322
53974465	2455	21.8791	1358	1095.45	0.714532	120	0.00520146	0.00879121	0.012381	51.7252	9.96322
53974470	2455	21.8791	1346	1085.77	0.617733	122	0.00893773	0.00879121	0.012381	51.7252	9.96322
53974475	2446	20.7884	1348	1087.39	0.633867	73	0.00534799	0.00879121	0.012381	51.7252	9.96322
53974480	2441	20.1825	1344	1084.16	0.6016	72	0.00527473	0.00879121	0.012381	51.7252	9.96322
53974485	2442	20.3037	1358	1095.45	0.714532	71	0.00520146	0.00879121	0.012381	51.7252	9.96322
53974490	2441	20.1825	1354	1092.23	0.682267	71	0.00520146	0.00879121	0.012381	51.7252	9.96322
53974495	2443	20.4249	1356	1093.84	0.6984	73	0.00534799	0.00879121	0.012381	51.7252	9.96322
53974500	2441	20.1825	1351	1089.81	0.658066	73	0.00534799	0.00879121	0.012381	51.7252	9.96322
53974505	2438	19.8189	1363	1099.49	0.754867	72	0.00527473	0.00879121	0.012381	51.7252	9.96322
53974510	2443	20.4249	1347	1086.58	0.6258	73	0.00534799	0.00879121	0.012381	51.7252	9.96322
53974515	2437	19.6978	1361	1097.87	0.738734	71	0.00520146	0.00879121	0.012381	51.7252	9.96322
53974520	2442	20.3037	1364	1100.29	0.762933	72	0.00520146	0.00879121	0.00527473	51.7252	9.96322
53974525	2475	24.3034	1355	1093.03	0.690333	173	0.00520146	0.00879121	0.012674	51.7252	9.96322
53974530	2478	24.6671	1366	1101.91	0.779067	171	0.00520146	0.00879121	0.0125275	51.7252	9.96322
53974535	2481	25.0308	1354	1092.23	0.682267	171	0.00520146	0.00879121	0.0125275	51.7252	9.96322
53974540	2478	24.6671	1364	1100.29	0.762933	172	0.00520146	0.00879121	0.0126007	51.7252	9.96322
53974545	2480	24.9095	1356	1093.84	0.6984	172	0.00520146	0.00879121	0.0126007	51.7252	9.96322
53974550	2474	24.1822	1360	1097.07	0.730668	171	0.00520146	0.00879121	0.0125275	51.7252	9.96322
53974555	2475	24.3034	1357	1094.65	0.706466	172	0.00520146	0.00879121	0.0126007	51.7252	9.96322
53974560	2475	24.3034	1358	1095.45	0.714532	173	0.00520146	0.00879121	0.012674	51.7252	9.96322
53974565	2475	24.3034	1366	1101.91	0.779067	172	0.00520146	0.00879121	0.0126007	51.7252	9.96322
53974570	2474	24.1822	1359	1096.26	0.722599	173	0.012674	0.00879121	0.0126007	51.7252	9.96322
53974575	2443	20.4249	1369	1104.33	0.803267	69	0.00505495	0.00879121	0.0126007	51.7252	9.96322
53974580	2443	20.4249	1355	1093.03	0.690333	69	0.00505495	0.00879121	0.0126007	51.7252	9.96322
53974585	2442	20.3037	1355	1093.03	0.690333	68	0.00498168	0.00879121	0.0126007	51.7252	9.96322
53974590	2440	20.0613	1365	1101.1	0.771	70	0.00512821	0.00879121	0.0126007	51.7252	9.96322
53974595	2443	20.4249	1360	1097.07	0.730668	69	0.00505495	0.00879121	0.0126007	51.7252	9.96322
53974600	2438	19.8189	1377	1110.78	0.867799	69	0.00505495	0.00879121	0.0126007	51.7252	9.96322
53974605	2441	20.1825	1372	1106.75	0.827467	68	0.00498168	0.00879121	0.0126007	51.7252	9.96322
53974610	2446	20.7884	1363	1099.49	0.754867	50	0.003663	0.00879121	0.0126007	51.7252	9.96322
53974615	2443	20.4249	1363	1099.49	0.754867	61	0.00446886	0.00879121	0.0126007	51.7252	9.96322
53974620	2442	20.3037	1353	1091.42	0.674199	68	0.00446886	0.00498168	0.0126007	51.7252	9.96322
53974625	2453	21.6367	1362	1098.68	0.746801	119	0.00446886	0.00871795	0.0126007	51.7252	9.96322
53974630	2454	21.7579	1375	1109.17	0.851666	119	0.00446886	0.00871795	0.0126007	51.7252	9.96322
53974635	2456	22.0003	1354	1092.23	0.682267	120	0.00446886	0.00879121	0.0126007	51.7252	9.96322
53974640	2458	22.2427	1370	1105.13	0.811333	120	0.00446886	0.00879121	0.0126007	51.7252	9.96322
53974645	2460	22.4851	1373	1107.55	0.835533	119	0.00446886	0.00871795	0.0126007	51.7252	9.96322
53974650	2457	22.1215	1367	1102.71	0.787134	120	0.00446886	0.00879121	0.0126007	51.7252	9.96322
53974655	2454	21.7579	1377	1110.78	0.867799	119	0.00446886	0.00871795	0.0126007	51.7252	9.96322
53974660	2454	21.7579	1372	1106.75	0.827467	119	0.00446886	0.00871795	0.0126007	51.7252	9.96322
53974665	2455	21.8791	1373	1107.55	0.835533	117	0.00446886	0.00857143	0.0126007	51.7252	9.96322
53974670	2459	22.3639	1377	1110.78	0.867799	120	0.00446886	0.00879121	0.0126007	51.7252	9.96322
53974675	2456	22.0003	1373	1107.55	0.835533	122	0.00446886	0.00893773	0.0126007	51.7252	9.96322
53974680	2455	21.8791	1368	1103.52	0.7952	120	0.00446886	0.00879121	0.0126007	51.7252	9.96322
53974685	2459	22.3639	1378	1111.59	0.875867	122	0.00446886	0.00893773	0.0126007	51.7252	9.96322
53974690	2457	22.1215	1377	1110.78	0.867799	120	0.00446886	0.00879121	0.0126007	51.7252	9.96322
53974695	2457	22.1215	1377	1110.78	0.867799	119	0.00871795	0.00879121	0.0126007	51.7252	9.96322
53974700	2443	20.4249	1381	1114.01	0.900067	72	0.00527473	0.00879121	0.0126007	51.7252	9.96322
53974705	2441	20.1825	1377	1110.78	0.867799	71	0.00520146	0.00879121	0.0126007	51.7252	9.96322
53974710	2440	20.0613	1369	1104.33	0.803267	72	0.00527473	0.00879121	0.0126007	51.7252	9.96322
53974715	2442	20.3037	1378	1111.59	0.875867	72	0.00527473	0.00879121	0.0126007	51.7252	9.96322
53974720	2443	20.4249	1378	1111.59	0.875867	72	0.00527473	0.00879121	0.0126007	51.7252	9.96322
53974725	2438	19.8189	1378	1111.59	0.875867	73	0.00534799	0.00879121	0.0126007	51.7252	9.96322
53974730	2440	20.0613	1377	1110.78	0.867799	73	0.00534799	0.00879121	0.0126007	51.7252	9.96322
53974735	2438	19.8189	1373	1107.55	0.835533	72	0.00527473	0.00879121	0.0126007	51.7252	9.96322
53974740	2439	19.9401	1376	1109.97	0.859733	73	0.00534799	0.00879121	0.0126007	51.7252	9.96322
53974745	2441	20.1825	1380	1113.2	0.892001	75	0.00534799	0.00879121	0.00549451	51.7252	9.96322
53974750	2476	24.4246	1379	1112.39	0.883934	169	0.00534799	0.00879121	0.012381	51.7252	9.96322
53974755	2476	24.4246	1375	1109.17	0.851666	171	0.00534799	0.00879121	0.0125275	51.7252	9.96322
53974760	2478	24.6671	1376	1109.97	0.859733	172	0.00534799	0.00879121	0.0126007	51.7252	9.96322
53974765	2479	24.7883	1376	1109.97	0.859733	172	0.00534799	0.00879121	0.0126007	51.7252	9.96322
53974770	2477	24.5459	1382	1114.81	0.908134	171	0.00534799	0.00879121	0.0125275	51.7252	9.96322
53974775	2478	24.6671	1384	1116.43	0.924266	170	0.00534799	0.00879121	0.0124542	51.7252	9.96322
53974780	2477	24.5459	1378	1111.59	0.875867	172	0.00534799	0.00879121	0.0126007	51.7252	9.96322
53974785	2477	24.5459	1381	1114.01	0.900067	171	0.00534799	0.00879121	0.0125275	51.7252	9.96322
53974790	2474	24.1822	1383	1115.62	0.9162	170	0.00534799	0.00879121	0.0124542	51.7252	9.96322
53974795	2478	24.6671	1380	1113.2	0.892001	171	0.0125275	0.00879121	0.0124542	51.7252	9.96322
53974800	2440	20.0613	1387	1118.85	0.948467	73	0.00534799	0.00879121	0.0124542	51.7252	9.96322
53974805	2441	20.1825	1377	1110.78	0.867799	72	0.00527473	0.00879121	0.0124542	51.7252	9.96322
53974810	2441	20.1825	1382	1114.81	0.908134	73	0.00534799	0.00879121	0.0124542	51.7252	9.96322
53974815	2439	19.9401	1378	1111.59	0.875867	71	0.00520146	0.00879121	0.0124542	51.7252	9.96322
53974820	2440	20.0613	1381	1114.01	0.900067	69	0.00505495	0.00879121	0.0124542	51.7252	9.96322
53974825	2441	20.1825	1374	1108.36	0.8436	66	0.00483516	0.00879121	0.0124542	51.7252	9.96322
53974830	2442	20.3037	1385	1117.23	0.932334	67	0.00490842	0.00879121	0.0124542	51.7252	9.96322
53974835	2442	20.3037	1382	1114.81	0.908134	69	0.00505495	0.00879121	0.0124542	51.7252	9.96322
53974840	2441	20.1825	1393	1123.69	0.996866	69	0.00505495	0.00879121	0.0124542	51.7252	9.96322
53974845	2440	20.0613	1368	1103.52	0.7952	68	0.00505495	0.00498168	0.0124542	51.7252	9.96322
53974850	2454	21.7579	1379	1112.39	0.883934	116	0.00505495	0.00849817	0.0124542	51.7252	9.96322
53974855	2458	22.2427	1385	1117.23	0.932334	115	0.00505495	0.00842491	0.0124542	51.7252	9.96322
53974860	2454	21.7579	1388	1119.65	0.956533	116	0.00505495	0.00849817	0.0124542	51.7252	9.96322
53974865	2453	21.6367	1386	1118.04	0.9404	117	0.00505495	0.00857143	0.0124542	51.7252	9.96322
53974870	2456	22.0003	1384	1116.43	0.924266	116	0.00505495	0.00849817	0.0124542	51.7252	9.96322
53974875	2454	21.7579	1380	1113.2	0.892001	114	0.00505495	0.00835165	0.0124542	51.7252	9.96322
53974880	2454	21.7579	1386	1118.04	0.9404	115	0.00505495	0.00842491	0.0124542	51.7252	9.96322
53974885	2453	21.6367	1388	1119.65	0.956533	115	0.00505495	0.00842491	0.0124542	51.7252	9.96322
53974890	2458	22.2427	1387	1118.85	0.948467	115	0.00505495	0.00842491	0.0124542	51.7252	9.96322
53974895	2457	22.1215	1387	1118.85	0.948467	115	0.00842491	0.00842491	0.0124542	51.7252	9.96322
53974900	2438	19.8189	1373	1107.55	0.835533	69	0.00505495	0.00842491	0.0124542	51.7252	9.96322
53974905	2441	20.1825	1384	1116.43	0.924266	68	0.00498168	0.00842491	0.0124542	51.7252	9.96322
53974910	2442	20.3037	1388	1119.65	0.956533	68	0.00498168	0.00842491	0.0124542	51.7252	9.96322
53974915	2438	19.8189	1382	1114.81	0.908134	70	0.00512821	0.00842491	0.0124542	51.7252	9.96322
53974920	2440	20.0613	1387	1118.85	0.948467	70	0.00512821	0.00842491	0.0124542	51.7252	9.96322
53974925	2440	20.0613	1383	1115.62	0.9162	69	0.00505495	0.00842491	0.0124542	51.7252	9.96322
53974930	2441	20.1825	1374	1108.36	0.8436	70	0.00512821	0.00842491	0.0124542	51.7252	9.96322
53974935	2441	20.1825	1390	1121.27	0.972666	69	0.00505495	0.00842491	0.0124542	51.7252	9.96322
53974940	2439	19.9401	1390	1121.27	0.972666	69	0.00505495	0.00842491	0.0124542	51.7252	9.96322
53974945	2440	20.0613	1387	1118.85	0.948467	72	0.00505495	0.00842491	0.00527473	51.7252	9.96322
53974950	2475	24.3034	1395	1125.3	1.013	171	0.00505495	0.00842491	0.0125275	51.7252	9.96322
53974955	2482	25.152	1386	1118.04	0.9404	171	0.00505495	0.00842491	0.0125275	51.7252	9.96322
53974960	2476	24.4246	1386	1118.04	0.9404	171	0.00505495	0.00842491	0.0125275	51.7252	9.96322
53974965	2476	24.4246	1390	1121.27	0.972666	170	0.00505495	0.00842491	0.0124542	51.7252	9.96322
53974970	2477	24.5459	1392	1122.88	0.9888	169	0.00505495	0.00842491	0.012381	51.7252	9.96322
53974975	2476	24.4246	1385	1117.23	0.932334	173	0.00505495	0.00842491	0.012674	51.7252	9.96322
53974980	2476	24.4246	1388	1119.65	0.956533	172	0.00505495	0.00842491	0.0126007	51.7252	9.96322
53974985	2474	24.1822	1388	1119.65	0.956533	173	0.00505495	0.00842491	0.012674	51.7252	9.96322
53974990	2475	24.3034	1384	1116.43	0.924266	173	0.00505495	0.00842491	0.012674	51.7252	9.96322
53974995	2477	24.5459	1392	1122.88	0.9888	174	0.0127473	0.00842491	0.012674	51.7252	9.96322
53975000	2444	20.546	1393	1123.69	0.996866	75	0.00549451	0.00842491	0.012674	51.7252	9.96322
53975005	2442	20.3037	1397	1126.91	1.02913	73	0.00534799	0.00842491	0.012674	51.7252	9.96322
53975010	2439	19.9401	1388	1119.65	0.956533	72	0.00527473	0.00842491	0.012674	51.7252	9.96322
53975015	2438	19.8189	1384	1116.43	0.924266	72	0.00527473	0.00842491	0.012674	51.7252	9.96322
53975020	2437	19.6978	1396	1126.11	1.02107	72	0.00527473	0.00842491	0.012674	51.7252	9.96322
53975025	2437	19.6978	1397	1126.91	1.02913	72	0.00527473	0.00842491	0.012674	51.7252	9.96322
53975030	2439	19.9401	1388	1119.65	0.956533	73	0.00534799	0.00842491	0.012674	51.7252	9.96322
53975035	2440	20.0613	1398	1127.72	1.0372	71	0.00520146	0.00842491	0.012674	51.7252	9.96322
53975040	2440	20.0613	1390	1121.27	0.972666	72	0.00527473	0.00842491	0.012674	51.7252	9.96322
53975045	2440	20.0613	1398	1127.72	1.0372	72	0.00527473	0.00527473	0.012674	51.7252	9.96322
53975050	2457	22.1215	1398	1127.72	1.0372	120	0.00527473	0.00879121	0.012674	51.7252	9.96322
53975055	2457	22.1215	1393	1123.69	0.996866	123	0.00527473	0.00901099	0.012674	51.7252	9.96322
53975060	2457	22.1215	1404	1132.56	1.0856	120	0.00527473	0.00879121	0.012674	51.7252	9.96322
53975065	2456	22.0003	1397	1126.91	1.02913	123	0.00527473	0.00901099	0.012674	51.7252	9.96322
53975070	2458	22.2427	1403	1131.75	1.07753	124	0.00527473	0.00908425	0.012674	51.7252	9.96322
53975075	2457	22.1215	1434	1156.76	1.3276	124	0.00527473	0.00908425	0.012674	51.7252	9.96322
53975080	2456	22.0003	1405	1133.37	1.09367	123	0.00527473	0.00901099	0.012674	51.7252	9.96322
53975085	2458	22.2427	1412	1139.01	1.15013	125	0.00527473	0.00915751	0.012674	51.7252	9.96322
53975090	2459	22.3639	1417	1143.05	1.19047	124	0.00527473	0.00908425	0.012674	51.7252	9.96322
53975095	2456	22.0003	1402	1130.95	1.06947	126	0.00923077	0.00908425	0.012674	51.7252	9.96322
53975100	2444	20.546	1409	1136.59	1.12593	76	0.00556777	0.00908425	0.012674	51.7252	9.96322
53975105	2438	19.8189	1415	1141.43	1.17433	78	0.00571429	0.00908425	0.012674	51.7252	9.96322
53975110	2444	20.546	1408	1135.79	1.11787	80	0.00586081	0.00908425	0.012674	51.7252	9.96322
53975115	2444	20.546	1403	1131.75	1.07753	78	0.00571429	0.00908425	0.012674	51.7252	9.96322
53975120	2440	20.0613	1408	1135.79	1.11787	78	0.00571429	0.00908425	0.012674	51.7252	9.96322
53975125	2439	19.9401	1406	1134.17	1.10173	79	0.00578755	0.00908425	0.012674	51.7252	9.96322
53975130	2440	20.0613	1398	1127.72	1.0372	77	0.00564103	0.00908425	0.012674	51.7252	9.96322
53975135	2440	20.0613	1409	1136.59	1.12593	80	0.00586081	0.00908425	0.012674	51.7252	9.96322
53975140	2437	19.6978	1413	1139.82	1.1582	78	0.00571429	0.00908425	0.012674	51.7252	9.96322
53975145	2440	20.0613	1413	1139.82	1.1582	80	0.00586081	0.00908425	0.012674	51.7252	9.96322
53975150	2440	20.0613	1422	1147.08	1.2308	78	0.00571429	0.00908425	0.012674	51.7252	9.96322
53975155	2439	19.9401	1409	1136.59	1.12593	79	0.00578755	0.00908425	0.012674	51.7252	9.96322
53975160	2440	20.0613	1413	1139.82	1.1582	78	0.00571429	0.00908425	0.012674	51.7252	9.96322
53975165	2440	20.0613	1416	1142.24	1.1824	78	0.00571429	0.00908425	0.012674	51.7252	9.96322
53975170	2439	19.9401	1410	1137.4	1.134	78	0.00571429	0.00908425	0.00571429	51.7252	9.96322
53975175	2473	24.0609	1414	1140.63	1.16627	179	0.00571429	0.00908425	0.0131136	51.7252	9.96322
53975180	2475	24.3034	1414	1140.63	1.16627	177	0.00571429	0.00908425	0.012967	51.7252	9.96322
53975185	2476	24.4246	1417	1143.05	1.19047	177	0.00571429	0.00908425	0.012967	51.7252	9.96322
53975190	2476	24.4246	1424	1148.69	1.24693	174	0.00571429	0.00908425	0.0127473	51.7252	9.96322
53975195	2478	24.6671	1409	1136.59	1.12593	176	0.00571429	0.00908425	0.0128938	51.7252	9.96322
53975200	2477	24.5459	1417	1143.05	1.19047	172	0.00571429	0.00908425	0.0126007	51.7252	9.96322
53975205	2474	24.1822	1419	1144.66	1.2066	173	0.00571429	0.00908425	0.012674	51.7252	9.96322
53975210	2475	24.3034	1417	1143.05	1.19047	172	0.00571429	0.00908425	0.0126007	51.7252	9.96322
53975215	2478	24.6671	1425	1149.5	1.255	172	0.00571429	0.00908425	0.0126007	51.7252	9.96322
53975220	2473	24.0609	1426	1150.31	1.26307	172	0.0126007	0.00908425	0.0126007	51.7252	9.96322
53975225	2439	19.9401	1423	1147.89	1.23887	72	0.00527473	0.00908425	0.0126007	51.7252	9.96322
53975230	2444	20.546	1412	1139.01	1.15013	71	0.00520146	0.00908425	0.0126007	51.7252	9.96322
53975235	2443	20.4249	1422	1147.08	1.2308	70	0.00512821	0.00908425	0.0126007	51.7252	9.96322
53975240	2442	20.3037	1429	1152.73	1.28727	67	0.00490842	0.00908425	0.0126007	51.7252	9.96322
53975245	2438	19.8189	1425	1149.5	1.255	68	0.00498168	0.00908425	0.0126007	51.7252	9.96322
53975250	2441	20.1825	1418	1143.85	1.19853	70	0.00512821	0.00908425	0.0126007	51.7252	9.96322
53975255	2442	20.3037	1422	1147.08	1.2308	68	0.00498168	0.00908425	0.0126007	51.7252	9.96322
53975260	2437	19.6978	1432	1155.15	1.31147	68	0.00498168	0.00908425	0.0126007	51.7252	9.96322
53975265	2437	19.6978	1429	1152.73	1.28727	69	0.00505495	0.00908425	0.0126007	51.7252	9.96322
53975270	2437	19.6978	1417	1143.05	1.19047	67	0.00505495	0.00490842	0.0126007	51.7252	9.96322
53975275	2453	21.6367	1428	1151.92	1.2792	115	0.00505495	0.00842491	0.0126007	51.7252	9.96322
53975280	2458	22.2427	1434	1156.76	1.3276	115	0.00505495	0.00842491	0.0126007	51.7252	9.96322
53975285	2456	22.0003	1431	1154.34	1.3034	115	0.00505495	0.00842491	0.0126007	51.7252	9.96322
53975290	2457	22.1215	1429	1152.73	1.28727	114	0.00505495	0.00835165	0.0126007	51.7252	9.96322
53975295	2456	22.0003	1434	1156.76	1.3276	116	0.00505495	0.00849817	0.0126007	51.7252	9.96322
53975300	2456	22.0003	1424	1148.69	1.24693	114	0.00505495	0.00835165	0.0126007	51.7252	9.96322
53975305	2459	22.3639	1432	1155.15	1.31147	114	0.00505495	0.00835165	0.0126007	51.7252	9.96322
53975310	2457	22.1215	1441	1162.41	1.38407	115	0.00505495	0.00842491	0.0126007	51.7252	9.96322
53975315	2455	21.8791	1438	1159.99	1.35987	116	0.00505495	0.00849817	0.0126007	51.7252	9.96322
53975320	2454	21.7579	1430	1153.53	1.29533	114	0.00835165	0.00849817	0.0126007	51.7252	9.96322
53975325	2443	20.4249	1440	1161.6	1.376	68	0.00498168	0.00849817	0.0126007	51.7252	9.96322
53975330	2444	20.546	1431	1154.34	1.3034	66	0.00483516	0.00849817	0.0126007	51.7252	9.96322
53975335	2440	20.0613	1429	1152.73	1.28727	68	0.00498168	0.00849817	0.0126007	51.7252	9.96322
53975340	2447	20.9096	1432	1155.15	1.31147	68	0.00498168	0.00849817	0.0126007	51.7252	9.96322
53975345	2444	20.546	1441	1162.41	1.38407	68	0.00498168	0.00849817	0.0126007	51.7252	9.96322
53975350	2438	19.8189	1444	1164.83	1.40827	68	0.00498168	0.00849817	0.0126007	51.7252	9.96322
53975355	2439	19.9401	1444	1164.83	1.40827	67	0.00490842	0.00849817	0.0126007	51.7252	9.96322
53975360	2442	20.3037	1446	1166.44	1.4244	67	0.00490842	0.00849817	0.0126007	51.7252	9.96322
53975365	2440	20.0613	1438	1159.99	1.35987	67	0.00490842	0.00849817	0.0126007	51.7252	9.96322
53975370	2442	20.3037	1441	1162.41	1.38407	69	0.00490842	0.00849817	0.00505495	51.7252	9.96322
53975375	2474	24.1822	1448	1168.05	1.44053	168	0.00490842	0.00849817	0.0123077	51.7252	9.96322
53975380	2476	24.4246	1440	1161.6	1.376	168	0.00490842	0.00849817	0.0123077	51.7252	9.96322
53975385	2476	24.4246	1451	1170.47	1.46473	170	0.00490842	0.00849817	0.0124542	51.7252	9.96322
53975390	2479	24.7883	1450	1169.67	1.45667	170	0.00490842	0.00849817	0.0124542	51.7252	9.96322
53975395	2476	24.4246	1442	1163.21	1.39213	170	0.00490842	0.00849817	0.0124542	51.7252	9.96322
53975400	2476	24.4246	1447	1167.25	1.43247	169	0.00490842	0.00849817	0.012381	51.7252	9.96322
53975405	2476	24.4246	1451	1170.47	1.46473	167	0.00490842	0.00849817	0.0122344	51.7252	9.96322
53975410	2477	24.5459	1443	1164.02	1.4002	168	0.00490842	0.00849817	0.0123077	51.7252	9.96322
53975415	2476	24.4246	1447	1167.25	1.43247	169	0.00490842	0.00849817	0.012381	51.7252	9.96322
53975420	2476	24.4246	1438	1159.99	1.35987	168	0.0123077	0.00849817	0.012381	51.7252	9.96322
53975425	2444	20.546	1452	1171.28	1.4728	69	0.00505495	0.00849817	0.012381	51.7252	9.96322
53975430	2438	19.8189	1447	1167.25	1.43247	71	0.00520146	0.00849817	0.012381	51.7252	9.96322
53975435	2440	20.0613	1451	1170.47	1.46473	70	0.00512821	0.00849817	0.012381	51.7252	9.96322
53975440	2440	20.0613	1447	1167.25	1.43247	72	0.00527473	0.00849817	0.012381	51.7252	9.96322
53975445	2439	19.9401	1454	1172.89	1.48893	72	0.00527473	0.00849817	0.012381	51.7252	9.96322
53975450	2440	20.0613	1451	1170.47	1.46473	72	0.00527473	0.00849817	0.012381	51.7252	9.96322
53975455	2440	20.0613	1453	1172.09	1.48087	73	0.00534799	0.00849817	0.012381	51.7252	9.96322
53975460	2438	19.8189	1459	1176.93	1.52927	70	0.00512821	0.00849817	0.012381	51.7252	9.96322
53975465	2440	20.0613	1448	1168.05	1.44053	72	0.00527473	0.00849817	0.012381	51.7252	9.96322
53975470	2443	20.4249	1451	1170.47	1.46473	72	0.00527473	0.00527473	0.012381	51.7252	9.96322
53975475	2456	22.0003	1450	1169.67	1.45667	120	0.00527473	0.00879121	0.012381	51.7252	9.96322
53975480	2456	22.0003	1456	1174.51	1.50507	120	0.00527473	0.00879121	0.012381	51.7252	9.96322
53975485	2455	21.8791	1450	1169.67	1.45667	120	0.00527473	0.00879121	0.012381	51.7252	9.96322
53975490	2456	22.0003	1446	1166.44	1.4244	119	0.00527473	0.00871795	0.012381	51.7252	9.96322
53975495	2454	21.7579	1455	1173.7	1.497	122	0.00527473	0.00893773	0.012381	51.7252	9.96322
53975500	2454	21.7579	1454	1172.89	1.48893	122	0.00527473	0.00893773	0.012381	51.7252	9.96322
53975505	2454	21.7579	1448	1168.05	1.44053	121	0.00527473	0.00886447	0.012381	51.7252	9.96322
53975510	2456	22.0003	1456	1174.51	1.50507	121	0.00527473	0.00886447	0.012381	51.7252	9.96322
53975515	2456	22.0003	1452	1171.28	1.4728	122	0.00527473	0.00893773	0.012381	51.7252	9.96322
53975520	2454	21.7579	1450	1169.67	1.45667	122	0.00893773	0.00893773	0.012381	51.7252	9.96322
53975525	2440	20.0613	1455	1173.7	1.497	75	0.00549451	0.00893773	0.012381	51.7252	9.96322
53975530	2444	20.546	1454	1172.89	1.48893	74	0.00542125	0.00893773	0.012381	51.7252	9.96322
53975535	2441	20.1825	1450	1169.67	1.45667	75	0.00549451	0.00893773	0.012381	51.7252	9.96322
53975540	2445	20.6672	1459	1176.93	1.52927	74	0.00542125	0.00893773	0.012381	51.7252	9.96322
53975545	2440	20.0613	1451	1170.47	1.46473	74	0.00542125	0.00893773	0.012381	51.7252	9.96322
53975550	2442	20.3037	1461	1178.54	1.5454	77	0.00564103	0.00893773	0.012381	51.7252	9.96322
53975555	2441	20.1825	1486	1198.71	1.74707	76	0.00556777	0.00893773	0.012381	51.7252	9.96322
53975560	2440	20.0613	1444	1164.83	1.40827	76	0.00556777	0.00893773	0.012381	51.7252	9.96322
53975565	2443	20.4249	1460	1177.73	1.53733	77	0.00564103	0.00893773	0.012381	51.7252	9.96322
53975570	2442	20.3037	1453	1172.09	1.48087	75	0.00564103	0.00893773	0.00549451	51.7252	9.96322
53975575	2474	24.1822	1445	1165.63	1.41633	177	0.00564103	0.00893773	0.012967	51.7252	9.96322
53975580	2474	24.1822	1456	1174.51	1.50507	178	0.00564103	0.00893773	0.0130403	51.7252	9.96322
53975585	2481	25.0308	1457	1175.31	1.51313	176	0.00564103	0.00893773	0.0128938	51.7252	9.96322
53975590	2476	24.4246	1453	1172.09	1.48087	178	0.00564103	0.00893773	0.0130403	51.7252	9.96322
53975595	2476	24.4246	1454	1172.89	1.48893	179	0.00564103	0.00893773	0.0131136	51.7252	9.96322
53975600	2473	24.0609	1456	1174.51	1.50507	178	0.00564103	0.00893773	0.0130403	51.7252	9.96322
53975605	2478	24.6671	1457	1175.31	1.51313	180	0.00564103	0.00893773	0.0131868	51.7252	9.96322
53975610	2474	24.1822	1460	1177.73	1.53733	179	0.00564103	0.00893773	0.0131136	51.7252	9.96322
53975615	2475	24.3034	1455	1173.7	1.497	178	0.00564103	0.00893773	0.0130403	51.7252	9.96322
53975620	2474	24.1822	1454	1172.89	1.48893	179	0.00564103	0.00893773	0.0131136	51.7252	9.96322
53975625	2477	24.5459	1446	1166.44	1.4244	180	0.00564103	0.00893773	0.0131868	51.7252	9.96322
53975630	2477	24.5459	1454	1172.89	1.48893	179	0.00564103	0.00893773	0.0131136	51.7252	9.96322
53975635	2474	24.1822	1461	1178.54	1.5454	181	0.00564103	0.00893773	0.0132601	51.7252	9.96322
53975640	2476	24.4246	1449	1168.86	1.4486	180	0.0131868	0.00893773	0.0132601	51.7252	9.96322
53975645	2440	20.0613	1465	1181.77	1.57767	78	0.00571429	0.00893773	0.0132601	51.7252	9.96322
53975650	2442	20.3037	1459	1176.93	1.52927	79	0.00578755	0.00893773	0.0132601	51.7252	9.96322
53975655	2438	19.8189	1457	1175.31	1.51313	79	0.00578755	0.00893773	0.0132601	51.7252	9.96322
53975660	2443	20.4249	1462	1179.35	1.55347	81	0.00593407	0.00893773	0.0132601	51.7252	9.96322
53975665	2439	19.9401	1454	1172.89	1.48893	81	0.00593407	0.00893773	0.0132601	51.7252	9.96322
53975670	2439	19.9401	1465	1181.77	1.57767	82	0.00600733	0.00893773	0.0132601	51.7252	9.96322
53975675	2442	20.3037	1463	1180.15	1.56153	81	0.00593407	0.00893773	0.0132601	51.7252	9.96322
53975680	2440	20.0613	1459	1176.93	1.52927	80	0.00586081	0.00893773	0.0132601	51.7252	9.96322
53975685	2439	19.9401	1459	1176.93	1.52927	80	0.00586081	0.00893773	0.0132601	51.7252	9.96322
53975690	2438	19.8189	1464	1180.96	1.5696	81	0.00586081	0.00593407	0.0132601	51.7252	9.96322
53975695	2454	21.7579	1466	1182.57	1.58573	133	0.00586081	0.00974359	0.0132601	51.7252	9.96322
53975700	2459	22.3639	1460	1177.73	1.53733	130	0.00586081	0.00952381	0.0132601	51.7252	9.96322
53975705	2455	21.8791	1460	1177.73	1.53733	133	0.00586081	0.00974359	0.0132601	51.7252	9.96322
53975710	2456	22.0003	1464	1180.96	1.5696	137	0.00586081	0.0100366	0.0132601	51.7252	9.96322
53975715	2456	22.0003	1459	1176.93	1.52927	133	0.00586081	0.00974359	0.0132601	51.7252	9.96322
53975720	2454	21.7579	1463	1180.15	1.56153	134	0.00586081	0.00981685	0.0132601	51.7252	9.96322
53975725	2457	22.1215	1458	1176.12	1.5212	133	0.00586081	0.00974359	0.0132601	51.7252	9.96322
53975730	2456	22.0003	1451	1170.47	1.46473	136	0.00586081	0.00996337	0.0132601	51.7252	9.96322
53975735	2453	21.6367	1457	1175.31	1.51313	132	0.00586081	0.00967033	0.0132601	51.7252	9.96322
53975740	2456	22.0003	1470	1185.8	1.618	135	0.00989011	0.00967033	0.0132601	51.7252	9.96322
53975745	2436	19.5766	1450	1169.67	1.45667	84	0.00615385	0.00967033	0.0132601	51.7252	9.96322
53975750	2436	19.5766	1462	1179.35	1.55347	85	0.00622711	0.00967033	0.0132601	51.7252	9.96322
53975755	2438	19.8189	1468	1184.19	1.60187	84	0.00615385	0.00967033	0.0132601	51.7252	9.96322
53975760	2438	19.8189	1464	1180.96	1.5696	86	0.00630037	0.00967033	0.0132601	51.7252	9.96322
53975765	2439	19.9401	1467	1183.38	1.5938	85	0.00622711	0.00967033	0.0132601	51.7252	9.96322
53975770	2439	19.9401	1464	1180.96	1.5696	85	0.00622711	0.00967033	0.0132601	51.7252	9.96322
53975775	2438	19.8189	1468	1184.19	1.60187	84	0.00615385	0.00967033	0.0132601	51.7252	9.96322
53975780	2437	19.6978	1460	1177.73	1.53733	84	0.00615385	0.00967033	0.0132601	51.7252	9.96322
53975785	2442	20.3037	1469	1184.99	1.60993	86	0.00630037	0.00967033	0.0132601	51.7252	9.96322
53975790	2439	19.9401	1451	1170.47	1.46473	84	0.00630037	0.00967033	0.00615385	51.7252	9.96322
53975795	2470	23.6973	1466	1182.57	1.58573	188	0.00630037	0.00967033	0.0137729	51.7252	9.96322
53975800	2473	24.0609	1465	1181.77	1.57767	188	0.00630037	0.00967033	0.0137729	51.7252	9.96322
53975805	2475	24.3034	1469	1184.99	1.60993	189	0.00630037	0.00967033	0.0138462	51.7252	9.96322
53975810	2474	24.1822	1465	1181.77	1.57767	188	0.00630037	0.00967033	0.0137729	51.7252	9.96322
53975815	2474	24.1822	1466	1182.57	1.58573	190	0.00630037	0.00967033	0.0139194	51.7252	9.96322
53975820	2474	24.1822	1459	1176.93	1.52927	190	0.00630037	0.00967033	0.0139194	51.7252	9.96322
53975825	2476	24.4246	1472	1187.41	1.63413	190	0.00630037	0.00967033	0.0139194	51.7252	9.96322
53975830	2474	24.1822	1468	1184.19	1.60187	190	0.00630037	0.00967033	0.0139194	51.7252	9.96322
53975835	2474	24.1822	1478	1192.25	1.68253	193	0.00630037	0.00967033	0.0141392	51.7252	9.96322
53975840	2478	24.6671	1463	1180.15	1.56153	190	0.0139194	0.00967033	0.0141392	51.7252	9.96322
53975845	2441	20.1825	1475	1189.83	1.65833	85	0.00622711	0.00967033	0.0141392	51.7252	9.96322
53975850	2439	19.9401	1458	1176.12	1.5212	86	0.00630037	0.00967033	0.0141392	51.7252	9.96322
53975855	2436	19.5766	1472	1187.41	1.63413	86	0.00630037	0.00967033	0.0141392	51.7252	9.96322
53975860	2442	20.3037	1476	1190.64	1.6664	85	0.00622711	0.00967033	0.0141392	51.7252	9.96322
53975865	2438	19.8189	1465	1181.77	1.57767	87	0.00637363	0.00967033	0.0141392	51.7252	9.96322
53975870	2434	19.3343	1456	1174.51	1.50507	85	0.00622711	0.00967033	0.0141392	51.7252	9.96322
53975875	2437	19.6978	1470	1185.8	1.618	91	0.00666667	0.00967033	0.0141392	51.7252	9.96322
53975880	2438	19.8189	1470	1185.8	1.618	85	0.00622711	0.00967033	0.0141392	51.7252	9.96322
53975885	2438	19.8189	1469	1184.99	1.60993	87	0.00637363	0.00967033	0.0141392	51.7252	9.96322
53975890	2437	19.6978	1471	1186.61	1.62607	88	0.00637363	0.00644689	0.0141392	51.7252	9.96322
53975895	2452	21.5156	1468	1184.19	1.60187	138	0.00637363	0.0101099	0.0141392	51.7252	9.96322
53975900	2454	21.7579	1472	1187.41	1.63413	138	0.00637363	0.0101099	0.0141392	51.7252	9.96322
53975905	2454	21.7579	1461	1178.54	1.5454	137	0.00637363	0.0100366	0.0141392	51.7252	9.96322
53975910	2456	22.0003	1474	1189.03	1.65027	137	0.00637363	0.0100366	0.0141392	51.7252	9.96322
53975915	2455	21.8791	1466	1182.57	1.58573	133	0.00637363	0.00974359	0.0141392	51.7252	9.96322
53975920	2453	21.6367	1475	1189.83	1.65833	134	0.00637363	0.00981685	0.0141392	51.7252	9.96322
53975925	2454	21.7579	1468	1184.19	1.60187	133	0.00637363	0.00974359	0.0141392	51.7252	9.96322
53975930	2453	21.6367	1474	1189.03	1.65027	134	0.00637363	0.00981685	0.0141392	51.7252	9.96322
53975935	2454	21.7579	1464	1180.96	1.5696	134	0.00637363	0.00981685	0.0141392	51.7252	9.96322
53975940	2456	22.0003	1471	1186.61	1.62607	132	0.00967033	0.00981685	0.0141392	51.7252	9.96322
53975945	2441	20.1825	1475	1189.83	1.65833	82	0.00600733	0.00981685	0.0141392	51.7252	9.96322
53975950	2437	19.6978	1472	1187.41	1.63413	82	0.00600733	0.00981685	0.0141392	51.7252	9.96322
53975955	2442	20.3037	1466	1182.57	1.58573	81	0.00593407	0.00981685	0.0141392	51.7252	9.96322
53975960	2436	19.5766	1473	1188.22	1.6422	79	0.00578755	0.00981685	0.0141392	51.7252	9.96322
53975965	2438	19.8189	1474	1189.03	1.65027	80	0.00586081	0.00981685	0.0141392	51.7252	9.96322
53975970	2443	20.4249	1472	1187.41	1.63413	78	0.00571429	0.00981685	0.0141392	51.7252	9.96322
53975975	2434	19.3343	1474	1189.03	1.65027	79	0.00578755	0.00981685	0.0141392	51.7252	9.96322
53975980	2438	19.8189	1456	1174.51	1.50507	81	0.00593407	0.00981685	0.0141392	51.7252	9.96322
53975985	2439	19.9401	1473	1188.22	1.6422	79	0.00578755	0.00981685	0.0141392	51.7252	9.96322
53975990	2438	19.8189	1470	1185.8	1.618	79	0.00578755	0.00981685	0.00578755	51.7252	9.96322
53975995	2469	23.576	1473	1188.22	1.6422	178	0.00578755	0.00981685	0.0130403	51.7252	9.96322
53976000	2476	24.4246	1476	1190.64	1.6664	178	0.00578755	0.00981685	0.0130403	51.7252	9.96322
53976005	2472	23.9397	1474	1189.03	1.65027	180	0.00578755	0.00981685	0.0131868	51.7252	9.96322
53976010	2475	24.3034	1382	1114.81	0.908134	173	0.00578755	0.00981685	0.012674	51.7252	9.96322
53976015	2473	24.0609	1469	1184.99	1.60993	174	0.00578755	0.00981685	0.0127473	51.7252	9.96322
53976020	2472	23.9397	1467	1183.38	1.5938	175	0.00578755	0.00981685	0.0128205	51.7252	9.96322
53976025	2473	24.0609	1469	1184.99	1.60993	172	0.00578755	0.00981685	0.0126007	51.7252	9.96322
53976030	2471	23.8185	1472	1187.41	1.63413	177	0.00578755	0.00981685	0.012967	51.7252	9.96322
53976035	2473	24.0609	1481	1194.67	1.70673	173	0.00578755	0.00981685	0.012674	51.7252	9.96322
53976040	2472	23.9397	1484	1197.09	1.73093	171	0.0125275	0.00981685	0.012674	51.7252	9.96322
53976045	2435	19.4554	1465	1181.77	1.57767	71	0.00520146	0.00981685	0.012674	51.7252	9.96322
53976050	2440	20.0613	1480	1193.87	1.69867	71	0.00520146	0.00981685	0.012674	51.7252	9.96322
53976055	2439	19.9401	1484	1197.09	1.73093	70	0.00512821	0.00981685	0.012674	51.7252	9.96322
53976060	2441	20.1825	1477	1191.45	1.67447	70	0.00512821	0.00981685	0.012674	51.7252	9.96322
53976065	2439	19.9401	1469	1184.99	1.60993	67	0.00490842	0.00981685	0.012674	51.7252	9.96322
53976070	2436	19.5766	1481	1194.67	1.70673	66	0.00483516	0.00981685	0.012674	51.7252	9.96322
53976075	2435	19.4554	1466	1182.57	1.58573	66	0.00483516	0.00981685	0.012674	51.7252	9.96322
53976080	2437	19.6978	1477	1191.45	1.67447	66	0.00483516	0.00981685	0.012674	51.7252	9.96322
53976085	2437	19.6978	1480	1193.87	1.69867	65	0.0047619	0.00981685	0.012674	51.7252	9.96322
53976090	2435	19.4554	1475	1189.83	1.65833	68	0.00498168	0.00981685	0.012674	51.7252	9.96322
53976095	2435	19.4554	1473	1188.22	1.6422	66	0.00483516	0.00981685	0.012674	51.7252	9.96322
53976100	2435	19.4554	1472	1187.41	1.63413	68	0.00498168	0.00981685	0.012674	51.7252	9.96322
53976105	2438	19.8189	1479	1193.06	1.6906	70	0.00512821	0.00981685	0.012674	51.7252	9.96322
53976110	2439	19.9401	1465	1181.77	1.57767	69	0.00512821	0.00505495	0.012674	51.7252	9.96322
53976115	2451	21.3944	1474	1189.03	1.65027	114	0.00512821	0.00835165	0.012674	51.7252	9.96322
53976120	2452	21.5156	1482	1195.48	1.7148	114	0.00512821	0.00835165	0.012674	51.7252	9.96322
53976125	2453	21.6367	1467	1183.38	1.5938	115	0.00512821	0.00842491	0.012674	51.7252	9.96322
53976130	2452	21.5156	1473	1188.22	1.6422	119	0.00512821	0.00871795	0.012674	51.7252	9.96322
53976135	2455	21.8791	1469	1184.99	1.60993	119	0.00512821	0.00871795	0.012674	51.7252	9.96322
53976140	2455	21.8791	1482	1195.48	1.7148	120	0.00512821	0.00879121	0.012674	51.7252	9.96322
53976145	2454	21.7579	1477	1191.45	1.67447	118	0.00512821	0.00864469	0.012674	51.7252	9.96322
53976150	2457	22.1215	1480	1193.87	1.69867	117	0.00512821	0.00857143	0.012674	51.7252	9.96322
53976155	2452	21.5156	1473	1188.22	1.6422	113	0.00512821	0.00827839	0.012674	51.7252	9.96322
53976160	2453	21.6367	1475	1189.83	1.65833	113	0.00827839	0.00827839	0.012674	51.7252	9.96322
53976165	2437	19.6978	1477	1191.45	1.67447	70	0.00512821	0.00827839	0.012674	51.7252	9.96322
53976170	2438	19.8189	1456	1174.51	1.50507	70	0.00512821	0.00827839	0.012674	51.7252	9.96322
53976175	2437	19.6978	1480	1193.87	1.69867	74	0.00542125	0.00827839	0.012674	51.7252	9.96322
53976180	2443	20.4249	1473	1188.22	1.6422	72	0.00527473	0.00827839	0.012674	51.7252	9.96322
53976185	2434	19.3343	1467	1183.38	1.5938	72	0.00527473	0.00827839	0.012674	51.7252	9.96322
53976190	2438	19.8189	1484	1197.09	1.73093	74	0.00542125	0.00827839	0.012674	51.7252	9.96322
53976195	2436	19.5766	1470	1185.8	1.618	76	0.00556777	0.00827839	0.012674	51.7252	9.96322
53976200	2440	20.0613	1479	1193.06	1.6906	76	0.00556777	0.00827839	0.012674	51.7252	9.96322
53976205	2437	19.6978	1470	1185.8	1.618	74	0.00542125	0.00827839	0.012674	51.7252	9.96322
53976210	2436	19.5766	1482	1195.48	1.7148	77	0.00542125	0.00827839	0.00564103	51.7252	9.96322
53976215	2470	23.6973	1472	1187.41	1.63413	179	0.00542125	0.00827839	0.0131136	51.7252	9.96322
53976220	2472	23.9397	1471	1186.61	1.62607	178	0.00542125	0.00827839	0.0130403	51.7252	9.96322
53976225	2473	24.0609	1477	1191.45	1.67447	181	0.00542125	0.00827839	0.0132601	51.7252	9.96322
53976230	2475	24.3034	1465	1181.77	1.57767	181	0.00542125	0.00827839	0.0132601	51.7252	9.96322
53976235	2473	24.0609	1481	1194.67	1.70673	179	0.00542125	0.00827839	0.0131136	51.7252	9.96322
53976240	2474	24.1822	1473	1188.22	1.6422	178	0.00542125	0.00827839	0.0130403	51.7252	9.96322
53976245	2472	23.9397	1475	1189.83	1.65833	181	0.00542125	0.00827839	0.0132601	51.7252	9.96322
53976250	2474	24.1822	1475	1189.83	1.65833	178	0.00542125	0.00827839	0.0130403	51.7252	9.96322
53976255	2473	24.0609	1467	1183.38	1.5938	176	0.00542125	0.00827839	0.0128938	51.7252	9.96322
53976260	2473	24.0609	1478	1192.25	1.68253	176	0.0128938	0.00827839	0.0128938	51.7252	9.96322
53976265	2438	19.8189	1472	1187.41	1.63413	79	0.00578755	0.00827839	0.0128938	51.7252	9.96322
53976270	2435	19.4554	1478	1192.25	1.68253	82	0.00600733	0.00827839	0.0128938	51.7252	9.96322
53976275	2441	20.1825	1460	1177.73	1.53733	80	0.00586081	0.00827839	0.0128938	51.7252	9.96322
53976280	2436	19.5766	1474	1189.03	1.65027	78	0.00571429	0.00827839	0.0128938	51.7252	9.96322
53976285	2435	19.4554	1480	1193.87	1.69867	78	0.00571429	0.00827839	0.0128938	51.7252	9.96322
53976290	2437	19.6978	1465	1181.77	1.57767	77	0.00564103	0.00827839	0.0128938	51.7252	9.96322
53976295	2437	19.6978	1481	1194.67	1.70673	82	0.00600733	0.00827839	0.0128938	51.7252	9.96322
53976300	2436	19.5766	1470	1185.8	1.618	80	0.00586081	0.00827839	0.0128938	51.7252	9.96322
53976305	2440	20.0613	1477	1191.45	1.67447	80	0.00586081	0.00827839	0.0128938	51.7252	9.96322
53976310	2438	19.8189	1475	1189.83	1.65833	80	0.00586081	0.00586081	0.0128938	51.7252	9.96322
53976315	2451	21.3944	1478	1192.25	1.68253	127	0.00586081	0.00930403	0.0128938	51.7252	9.96322
53976320	2454	21.7579	1478	1192.25	1.68253	128	0.00586081	0.00937729	0.0128938	51.7252	9.96322
53976325	2454	21.7579	1471	1186.61	1.62607	127	0.00586081	0.00930403	0.0128938	51.7252	9.96322
53976330	2452	21.5156	1475	1189.83	1.65833	127	0.00586081	0.00930403	0.0128938	51.7252	9.96322
53976335	2451	21.3944	1470	1185.8	1.618	127	0.00586081	0.00930403	0.0128938	51.7252	9.96322
53976340	2452	21.5156	1477	1191.45	1.67447	130	0.00586081	0.00952381	0.0128938	51.7252	9.96322
53976345	2454	21.7579	1477	1191.45	1.67447	125	0.00586081	0.00915751	0.0128938	51.7252	9.96322
53976350	2454	21.7579	1474	1189.03	1.65027	124	0.00586081	0.00908425	0.0128938	51.7252	9.96322
53976355	2451	21.3944	1475	1189.83	1.65833	124	0.00586081	0.00908425	0.0128938	51.7252	9.96322
53976360	2454	21.7579	1474	1189.03	1.65027	123	0.00901099	0.00908425	0.0128938	51.7252	9.96322
53976365	2440	20.0613	1473	1188.22	1.6422	74	0.00542125	0.00908425	0.0128938	51.7252	9.96322
53976370	2437	19.6978	1482	1195.48	1.7148	71	0.00520146	0.00908425	0.0128938	51.7252	9.96322
53976375	2435	19.4554	1478	1192.25	1.68253	72	0.00527473	0.00908425	0.0128938	51.7252	9.96322
53976380	2438	19.8189	1474	1189.03	1.65027	73	0.00534799	0.00908425	0.0128938	51.7252	9.96322
53976385	2443	20.4249	1474	1189.03	1.65027	72	0.00527473	0.00908425	0.0128938	51.7252	9.96322
53976390	2435	19.4554	1472	1187.41	1.63413	71	0.00520146	0.00908425	0.0128938	51.7252	9.96322
53976395	2438	19.8189	1468	1184.19	1.60187	72	0.00527473	0.00908425	0.0128938	51.7252	9.96322
53976400	2437	19.6978	1480	1193.87	1.69867	72	0.00527473	0.00908425	0.0128938	51.7252	9.96322
53976405	2438	19.8189	1473	1188.22	1.6422	71	0.00520146	0.00908425	0.0128938	51.7252	9.96322
53976410	2436	19.5766	1478	1192.25	1.68253	72	0.00520146	0.00908425	0.00527473	51.7252	9.96322
53976415	2471	23.8185	1474	1189.03	1.65027	174	0.00520146	0.00908425	0.0127473	51.7252	9.96322
53976420	2473	24.0609	1478	1192.25	1.68253	171	0.00520146	0.00908425	0.0125275	51.7252	9.96322
53976425	2471	23.8185	1474	1189.03	1.65027	170	0.00520146	0.00908425	0.0124542	51.7252	9.96322
53976430	2474	24.1822	1478	1192.25	1.68253	173	0.00520146	0.00908425	0.012674	51.7252	9.96322
53976435	2471	23.8185	1475	1189.83	1.65833	172	0.00520146	0.00908425	0.0126007	51.7252	9.96322
53976440	2475	24.3034	1473	1188.22	1.6422	174	0.00520146	0.00908425	0.0127473	51.7252	9.96322
53976445	2475	24.3034	1486	1198.71	1.74707	172	0.00520146	0.00908425	0.0126007	51.7252	9.96322
53976450	2473	24.0609	1475	1189.83	1.65833	170	0.00520146	0.00908425	0.0124542	51.7252	9.96322
53976455	2474	24.1822	1471	1186.61	1.62607	170	0.00520146	0.00908425	0.0124542	51.7252	9.96322
53976460	2473	24.0609	1470	1185.8	1.618	169	0.012381	0.00908425	0.0124542	51.7252	9.96322
53976465	2436	19.5766	1480	1193.87	1.69867	76	0.00556777	0.00908425	0.0124542	51.7252	9.96322
53976470	2437	19.6978	1469	1184.99	1.60993	74	0.00542125	0.00908425	0.0124542	51.7252	9.96322
53976475	2436	19.5766	1469	1184.99	1.60993	75	0.00549451	0.00908425	0.0124542	51.7252	9.96322
53976480	2436	19.5766	1429	1152.73	1.28727	76	0.00556777	0.00908425	0.0124542	51.7252	9.96322
53976485	2438	19.8189	1464	1180.96	1.5696	74	0.00542125	0.00908425	0.0124542	51.7252	9.96322
53976490	2438	19.8189	1473	1188.22	1.6422	75	0.00549451	0.00908425	0.0124542	51.7252	9.96322
53976495	2437	19.6978	1479	1193.06	1.6906	200	0.014652	0.00908425	0.0124542	51.7252	9.96322
53976500	2436	19.5766	1515	1222.1	1.981	77	0.00564103	0.00908425	0.0124542	51.7252	9.96322
53976505	2438	19.8189	1477	1191.45	1.67447	71	0.00520146	0.00908425	0.0124542	51.7252	9.96322
53976510	2438	19.8189	1457	1175.31	1.51313	75	0.00520146	0.00549451	0.0124542	51.7252	9.96322
53976515	2449	21.152	1481	1194.67	1.70673	129	0.00520146	0.00945055	0.0124542	51.7252	9.96322
53976520	2452	21.5156	1465	1181.77	1.57767	132	0.00520146	0.00967033	0.0124542	51.7252	9.96322
53976525	2452	21.5156	1475	1189.83	1.65833	135	0.00520146	0.00989011	0.0124542	51.7252	9.96322
53976530	2454	21.7579	1463	1180.15	1.56153	141	0.00520146	0.0103297	0.0124542	51.7252	9.96322
53976535	2453	21.6367	1469	1184.99	1.60993	141	0.00520146	0.0103297	0.0124542	51.7252	9.96322
53976540	2452	21.5156	1475	1189.83	1.65833	145	0.00520146	0.0106227	0.0124542	51.7252	9.96322
53976545	2454	21.7579	1469	1184.99	1.60993	157	0.00520146	0.0115018	0.0124542	51.7252	9.96322
53976550	2453	21.6367	1479	1193.06	1.6906	159	0.00520146	0.0116484	0.0124542	51.7252	9.96322
53976555	2453	21.6367	1472	1187.41	1.63413	161	0.00520146	0.0117949	0.0124542	51.7252	9.96322
53976560	2453	21.6367	1462	1179.35	1.55347	162	0.00520146	0.0118681	0.0124542	51.7252	9.96322
53976565	2456	22.0003	1464	1180.96	1.5696	162	0.00520146	0.0118681	0.0124542	51.7252	9.96322
53976570	2456	22.0003	1453	1172.09	1.48087	167	0.00520146	0.0122344	0.0124542	51.7252	9.96322
53976575	2454	21.7579	1475	1189.83	1.65833	162	0.00520146	0.0118681	0.0124542	51.7252	9.96322
53976580	2453	21.6367	1455	1173.7	1.497	161	0.00520146	0.0117949	0.0124542	51.7252	9.96322
53976585	2454	21.7579	1473	1188.22	1.6422	160	0.00520146	0.0117216	0.0124542	51.7252	9.96322
53976590	2456	22.0003	1462	1179.35	1.55347	161	0.0117949	0.0117216	0.0124542	51.7252	9.96322
53976595	2441	20.1825	1465	1181.77	1.57767	110	0.00805861	0.0117216	0.0124542	51.7252	9.96322
53976600	2437	19.6978	1468	1184.19	1.60187	106	0.00776557	0.0117216	0.0124542	51.7252	9.96322
53976605	2441	20.1825	1464	1180.96	1.5696	105	0.00769231	0.0117216	0.0124542	51.7252	9.96322
53976610	2436	19.5766	1467	1183.38	1.5938	105	0.00769231	0.0117216	0.0124542	51.7252	9.96322
53976615	2437	19.6978	1463	1180.15	1.56153	108	0.00791209	0.0117216	0.0124542	51.7252	9.96322
53976620	2437	19.6978	1468	1184.19	1.60187	102	0.00747253	0.0117216	0.0124542	51.7252	9.96322
53976625	2439	19.9401	1466	1182.57	1.58573	103	0.00754579	0.0117216	0.0124542	51.7252	9.96322
53976630	2438	19.8189	1467	1183.38	1.5938	100	0.00732601	0.0117216	0.0124542	51.7252	9.96322
53976635	2437	19.6978	1468	1184.19	1.60187	102	0.00747253	0.0117216	0.0124542	51.7252	9.96322
53976640	2437	19.6978	1468	1184.19	1.60187	102	0.00747253	0.0117216	0.00747253	51.7252	9.96322
53976645	2473	24.0609	1469	1184.99	1.60993	206	0.00747253	0.0117216	0.0150916	51.7252	9.96322
53976650	2476	24.4246	1458	1176.12	1.5212	204	0.00747253	0.0117216	0.0149451	51.7252	9.96322
53976655	2476	24.4246	1457	1175.31	1.51313	204	0.00747253	0.0117216	0.0149451	51.7252	9.96322
53976660	2474	24.1822	1468	1184.19	1.60187	208	0.00747253	0.0117216	0.0152381	51.7252	9.96322
53976665	2473	24.0609	1449	1168.86	1.4486	209	0.00747253	0.0117216	0.0153114	51.7252	9.96322
53976670	2472	23.9397	1462	1179.35	1.55347	209	0.00747253	0.0117216	0.0153114	51.7252	9.96322
53976675	2475	24.3034	1472	1187.41	1.63413	210	0.00747253	0.0117216	0.0153846	51.7252	9.96322
53976680	2475	24.3034	1453	1172.09	1.48087	212	0.00747253	0.0117216	0.0155311	51.7252	9.96322
53976685	2473	24.0609	1464	1180.96	1.5696	213	0.00747253	0.0117216	0.0156044	51.7252	9.96322
53976690	2473	24.0609	1457	1175.31	1.51313	215	0.0157509	0.0117216	0.0156044	51.7252	9.96322
53976695	2445	20.6672	1466	1182.57	1.58573	116	0.00849817	0.0117216	0.0156044	51.7252	9.96322
53976700	2436	19.5766	1469	1184.99	1.60993	113	0.00827839	0.0117216	0.0156044	51.7252	9.96322
53976705	2437	19.6978	1452	1171.28	1.4728	112	0.00820513	0.0117216	0.0156044	51.7252	9.96322
53976710	2436	19.5766	1453	1172.09	1.48087	118	0.00864469	0.0117216	0.0156044	51.7252	9.96322
53976715	2438	19.8189	1468	1184.19	1.60187	116	0.00849817	0.0117216	0.0156044	51.7252	9.96322
53976720	2437	19.6978	1464	1180.96	1.5696	120	0.00879121	0.0117216	0.0156044	51.7252	9.96322
53976725	2436	19.5766	1467	1183.38	1.5938	122	0.00893773	0.0117216	0.0156044	51.7252	9.96322
53976730	2440	20.0613	1455	1173.7	1.497	120	0.00879121	0.0117216	0.0156044	51.7252	9.96322
53976735	2437	19.6978	1463	1180.15	1.56153	119	0.00871795	0.0117216	0.0156044	51.7252	9.96322
53976740	2437	19.6978	1465	1181.77	1.57767	121	0.00871795	0.00886447	0.0156044	51.7252	9.96322
53976745	2453	21.6367	1462	1179.35	1.55347	173	0.00871795	0.012674	0.0156044	51.7252	9.96322
53976750	2454	21.7579	1473	1188.22	1.6422	171	0.00871795	0.0125275	0.0156044	51.7252	9.96322
53976755	2453	21.6367	1466	1182.57	1.58573	173	0.00871795	0.012674	0.0156044	51.7252	9.96322
53976760	2456	22.0003	1462	1179.35	1.55347	173	0.00871795	0.012674	0.0156044	51.7252	9.96322
53976765	2456	22.0003	1466	1182.57	1.58573	171	0.00871795	0.0125275	0.0156044	51.7252	9.96322
53976770	2455	21.8791	1458	1176.12	1.5212	171	0.00871795	0.0125275	0.0156044	51.7252	9.96322
53976775	2454	21.7579	1465	1181.77	1.57767	174	0.00871795	0.0127473	0.0156044	51.7252	9.96322
53976780	2454	21.7579	1464	1180.96	1.5696	176	0.00871795	0.0128938	0.0156044	51.7252	9.96322
53976785	2456	22.0003	1473	1188.22	1.6422	173	0.00871795	0.012674	0.0156044	51.7252	9.96322
53976790	2454	21.7579	1470	1185.8	1.618	174	0.0127473	0.012674	0.0156044	51.7252	9.96322
53976795	2440	20.0613	1458	1176.12	1.5212	118	0.00864469	0.012674	0.0156044	51.7252	9.96322
53976800	2442	20.3037	1467	1183.38	1.5938	121	0.00886447	0.012674	0.0156044	51.7252	9.96322
53976805	2436	19.5766	1466	1182.57	1.58573	120	0.00879121	0.012674	0.0156044	51.7252	9.96322
53976810	2444	20.546	1458	1176.12	1.5212	120	0.00879121	0.012674	0.0156044	51.7252	9.96322
53976815	2440	20.0613	1472	1187.41	1.63413	122	0.00893773	0.012674	0.0156044	51.7252	9.96322
53976820	2439	19.9401	1464	1180.96	1.5696	119	0.00871795	0.012674	0.0156044	51.7252	9.96322
53976825	2440	20.0613	1461	1178.54	1.5454	123	0.00901099	0.012674	0.0156044	51.7252	9.96322
53976830	2438	19.8189	1466	1182.57	1.58573	118	0.00864469	0.012674	0.0156044	51.7252	9.96322
53976835	2438	19.8189	1451	1170.47	1.46473	120	0.00879121	0.012674	0.0156044	51.7252	9.96322
53976840	2435	19.4554	1467	1183.38	1.5938	121	0.00879121	0.012674	0.00886447	51.7252	9.96322
53976845	2475	24.3034	1461	1178.54	1.5454	225	0.00879121	0.012674	0.0164835	51.7252	9.96322
53976850	2470	23.6973	1460	1177.73	1.53733	227	0.00879121	0.012674	0.01663	51.7252	9.96322
53976855	2473	24.0609	1467	1183.38	1.5938	224	0.00879121	0.012674	0.0164103	51.7252	9.96322
53976860	2477	24.5459	1468	1184.19	1.60187	223	0.00879121	0.012674	0.016337	51.7252	9.96322
53976865	2473	24.0609	1466	1182.57	1.58573	222	0.00879121	0.012674	0.0162637	51.7252	9.96322
53976870	2474	24.1822	1458	1176.12	1.5212	222	0.00879121	0.012674	0.0162637	51.7252	9.96322
53976875	2477	24.5459	1462	1179.35	1.55347	221	0.00879121	0.012674	0.0161905	51.7252	9.96322
53976880	2474	24.1822	1462	1179.35	1.55347	221	0.00879121	0.012674	0.0161905	51.7252	9.96322
53976885	2471	23.8185	1454	1172.89	1.48893	218	0.00879121	0.012674	0.0159707	51.7252	9.96322
53976890	2473	24.0609	1461	1178.54	1.5454	221	0.0161905	0.012674	0.0159707	51.7252	9.96322
53976895	2442	20.3037	1468	1184.19	1.60187	115	0.00842491	0.012674	0.0159707	51.7252	9.96322
53976900	2438	19.8189	1466	1182.57	1.58573	113	0.00827839	0.012674	0.0159707	51.7252	9.96322
53976905	2437	19.6978	1465	1181.77	1.57767	114	0.00835165	0.012674	0.0159707	51.7252	9.96322
53976910	2439	19.9401	1462	1179.35	1.55347	113	0.00827839	0.012674	0.0159707	51.7252	9.96322
53976915	2439	19.9401	1458	1176.12	1.5212	113	0.00827839	0.012674	0.0159707	51.7252	9.96322
53976920	2437	19.6978	1466	1182.57	1.58573	111	0.00813187	0.012674	0.0159707	51.7252	9.96322
53976925	2440	20.0613	1457	1175.31	1.51313	108	0.00791209	0.012674	0.0159707	51.7252	9.96322
53976930	2438	19.8189	1471	1186.61	1.62607	109	0.00798535	0.012674	0.0159707	51.7252	9.96322
53976935	2436	19.5766	1461	1178.54	1.5454	110	0.00805861	0.012674	0.0159707	51.7252	9.96322
53976940	2439	19.9401	1463	1180.15	1.56153	109	0.00805861	0.00798535	0.0159707	51.7252	9.96322
53976945	2454	21.7579	1459	1176.93	1.52927	161	0.00805861	0.0117949	0.0159707	51.7252	9.96322
53976950	2453	21.6367	1455	1173.7	1.497	158	0.00805861	0.0115751	0.0159707	51.7252	9.96322
53976955	2454	21.7579	1457	1175.31	1.51313	159	0.00805861	0.0116484	0.0159707	51.7252	9.96322
53976960	2453	21.6367	1458	1176.12	1.5212	160	0.00805861	0.0117216	0.0159707	51.7252	9.96322
53976965	2456	22.0003	1454	1172.89	1.48893	158	0.00805861	0.0115751	0.0159707	51.7252	9.96322
53976970	2476	24.4246	1489	1201.13	1.77127	157	0.00805861	0.0115018	0.0159707	51.7252	9.96322
53976975	2455	21.8791	1465	1181.77	1.57767	159	0.00805861	0.0116484	0.0159707	51.7252	9.96322
53976980	2456	22.0003	1449	1168.86	1.4486	158	0.00805861	0.0115751	0.0159707	51.7252	9.96322
53976985	2453	21.6367	1468	1184.19	1.60187	158	0.00805861	0.0115751	0.0159707	51.7252	9.96322
53976990	2454	21.7579	1465	1181.77	1.57767	155	0.0113553	0.0115751	0.0159707	51.7252	9.96322
53976995	2440	20.0613	1455	1173.7	1.497	106	0.00776557	0.0115751	0.0159707	51.7252	9.96322
53977000	2437	19.6978	1465	1181.77	1.57767	104	0.00761905	0.0115751	0.0159707	51.7252	9.96322
53977005	2440	20.0613	1460	1177.73	1.53733	103	0.00754579	0.0115751	0.0159707	51.7252	9.96322
53977010	2438	19.8189	1467	1183.38	1.5938	102	0.00747253	0.0115751	0.0159707	51.7252	9.96322
53977015	2437	19.6978	1469	1184.99	1.60993	101	0.00739927	0.0115751	0.0159707	51.7252	9.96322
53977020	2437	19.6978	1448	1168.05	1.44053	101	0.00739927	0.0115751	0.0159707	51.7252	9.96322
53977025	2437	19.6978	1466	1182.57	1.58573	102	0.00747253	0.0115751	0.0159707	51.7252	9.96322
53977030	2441	20.1825	1463	1180.15	1.56153	101	0.00739927	0.0115751	0.0159707	51.7252	9.96322
53977035	2437	19.6978	1458	1176.12	1.5212	100	0.00732601	0.0115751	0.0159707	51.7252	9.96322
53977040	2435	19.4554	1457	1175.31	1.51313	102	0.00747253	0.0115751	0.0159707	51.7252	9.96322
53977045	2437	19.6978	1449	1168.86	1.4486	97	0.00710623	0.0115751	0.0159707	51.7252	9.96322
53977050	2437	19.6978	1458	1176.12	1.5212	98	0.00717949	0.0115751	0.0159707	51.7252	9.96322
53977055	2435	19.4554	1456	1174.51	1.50507	102	0.00747253	0.0115751	0.0159707	51.7252	9.96322
53977060	2439	19.9401	1458	1176.12	1.5212	99	0.00725275	0.0115751	0.0159707	51.7252	9.96322
53977065	2439	19.9401	1462	1179.35	1.55347	100	0.00725275	0.0115751	0.00732601	51.7252	9.96322
53977070	2473	24.0609	1462	1179.35	1.55347	205	0.00725275	0.0115751	0.0150183	51.7252	9.96322
53977075	2477	24.5459	1462	1179.35	1.55347	204	0.00725275	0.0115751	0.0149451	51.7252	9.96322
53977080	2472	23.9397	1458	1176.12	1.5212	205	0.00725275	0.0115751	0.0150183	51.7252	9.96322
53977085	2474	24.1822	1460	1177.73	1.53733	204	0.00725275	0.0115751	0.0149451	51.7252	9.96322
53977090	2471	23.8185	1455	1173.7	1.497	201	0.00725275	0.0115751	0.0147253	51.7252	9.96322
53977095	2473	24.0609	1455	1173.7	1.497	202	0.00725275	0.0115751	0.0147985	51.7252	9.96322
53977100	2472	23.9397	1462	1179.35	1.55347	202	0.00725275	0.0115751	0.0147985	51.7252	9.96322
53977105	2474	24.1822	1443	1164.02	1.4002	204	0.00725275	0.0115751	0.0149451	51.7252	9.96322
53977110	2476	24.4246	1457	1175.31	1.51313	202	0.00725275	0.0115751	0.0147985	51.7252	9.96322
53977115	2473	24.0609	1459	1176.93	1.52927	203	0.0148718	0.0115751	0.0147985	51.7252	9.96322
53977120	2437	19.6978	1456	1174.51	1.50507	98	0.00717949	0.0115751	0.0147985	51.7252	9.96322
53977125	2437	19.6978	1456	1174.51	1.50507	101	0.00739927	0.0115751	0.0147985	51.7252	9.96322
53977130	2436	19.5766	1458	1176.12	1.5212	105	0.00769231	0.0115751	0.0147985	51.7252	9.96322
53977135	2436	19.5766	1464	1180.96	1.5696	98	0.00717949	0.0115751	0.0147985	51.7252	9.96322
53977140	2436	19.5766	1452	1171.28	1.4728	101	0.00739927	0.0115751	0.0147985	51.7252	9.96322
53977145	2437	19.6978	1456	1174.51	1.50507	98	0.00717949	0.0115751	0.0147985	51.7252	9.96322
53977150	2436	19.5766	1458	1176.12	1.5212	102	0.00747253	0.0115751	0.0147985	51.7252	9.96322
53977155	2440	20.0613	1462	1179.35	1.55347	96	0.00703297	0.0115751	0.0147985	51.7252	9.96322
53977160	2435	19.4554	1448	1168.05	1.44053	99	0.00725275	0.0115751	0.0147985	51.7252	9.96322
53977165	2442	20.3037	1464	1180.96	1.5696	102	0.00725275	0.00747253	0.0147985	51.7252	9.96322
53977170	2452	21.5156	1459	1176.93	1.52927	152	0.00725275	0.0111355	0.0147985	51.7252	9.96322
53977175	2454	21.7579	1458	1176.12	1.5212	158	0.00725275	0.0115751	0.0147985	51.7252	9.96322
53977180	2453	21.6367	1450	1169.67	1.45667	150	0.00725275	0.010989	0.0147985	51.7252	9.96322
53977185	2455	21.8791	1461	1178.54	1.5454	152	0.00725275	0.0111355	0.0147985	51.7252	9.96322
53977190	2453	21.6367	1457	1175.31	1.51313	151	0.00725275	0.0110623	0.0147985	51.7252	9.96322
53977195	2455	21.8791	1452	1171.28	1.4728	152	0.00725275	0.0111355	0.0147985	51.7252	9.96322
53977200	2452	21.5156	1451	1170.47	1.46473	148	0.00725275	0.0108425	0.0147985	51.7252	9.96322
53977205	2452	21.5156	1459	1176.93	1.52927	149	0.00725275	0.0109158	0.0147985	51.7252	9.96322
53977210	2455	21.8791	1457	1175.31	1.51313	149	0.00725275	0.0109158	0.0147985	51.7252	9.96322
53977215	2454	21.7579	1456	1174.51	1.50507	151	0.0110623	0.0109158	0.0147985	51.7252	9.96322
53977220	2438	19.8189	1449	1168.86	1.4486	98	0.00717949	0.0109158	0.0147985	51.7252	9.96322
