#Zeit[s]		Temperatur		Druck		Absorbtion	ohne LED	Blau	IR		Latitude		Longitude		Messpunkte: 100/s	LEDZeit: 10/s
52225005	2429	18.7284	1278	1030.92	0.0691992	1148	0.0841026	0.113333	0.141465	51.7163	9.96478
52225010	2427	18.4861	1277	1030.11	0.0611328	1145	0.0838828	0.113333	0.141465	51.7163	9.96478
52225015	2433	19.2131	1282	1034.15	0.101467	1144	0.0838095	0.113333	0.141465	51.7163	9.96478
52225020	2430	18.8496	1274	1027.69	0.0369336	1142	0.083663	0.113333	0.141465	51.7163	9.96478
52225025	2432	19.0919	1282	1034.15	0.101467	1140	0.0835165	0.113333	0.141465	51.7163	9.96478
52225030	2430	18.8496	1274	1027.69	0.0369336	1136	0.0832234	0.113333	0.141465	51.7163	9.96478
52225035	2432	19.0919	1287	1038.18	0.141801	1128	0.0826374	0.113333	0.141465	51.7163	9.96478
52225040	2435	19.4554	1283	1034.95	0.109534	1131	0.0828571	0.113333	0.141465	51.7163	9.96478
52225045	2433	19.2131	1285	1036.57	0.125666	1121	0.0821245	0.113333	0.141465	51.7163	9.96478
52225050	2434	19.3343	1287	1038.18	0.141801	1118	0.0821245	0.113333	0.0819048	51.7163	9.96478
52225055	2466	23.2124	1280	1032.53	0.0853345	1412	0.0821245	0.113333	0.103443	51.7163	9.96478
52225060	2466	23.2124	1288	1038.99	0.149867	1406	0.0821245	0.113333	0.103004	51.7163	9.96478
52225065	2464	22.97	1288	1038.99	0.149867	1399	0.0821245	0.113333	0.102491	51.7163	9.96478
52225070	2467	23.3336	1287	1038.18	0.141801	1395	0.0821245	0.113333	0.102198	51.7163	9.96478
52225075	2466	23.2124	1293	1043.02	0.1902	1390	0.0821245	0.113333	0.101832	51.7163	9.96478
52225080	2467	23.3336	1286	1037.37	0.133734	1387	0.0821245	0.113333	0.101612	51.7163	9.96478
52225085	2470	23.6973	1283	1034.95	0.109534	1382	0.0821245	0.113333	0.101245	51.7163	9.96478
52225090	2466	23.2124	1283	1034.95	0.109534	1378	0.0821245	0.113333	0.100952	51.7163	9.96478
52225095	2468	23.4548	1296	1045.44	0.214399	1375	0.0821245	0.113333	0.100733	51.7163	9.96478
52225100	2468	23.4548	1286	1037.37	0.133734	1371	0.10044	0.113333	0.100733	51.7163	9.96478
52225105	2440	20.0613	1285	1036.57	0.125666	1068	0.0782418	0.113333	0.100733	51.7163	9.96478
52225110	2443	20.4249	1285	1036.57	0.125666	1062	0.0778022	0.113333	0.100733	51.7163	9.96478
52225115	2437	19.6978	1292	1042.21	0.182134	1057	0.0774359	0.113333	0.100733	51.7163	9.96478
52225120	2441	20.1825	1284	1035.76	0.1176	1054	0.0772161	0.113333	0.100733	51.7163	9.96478
52225125	2441	20.1825	1299	1047.86	0.2386	1047	0.0767033	0.113333	0.100733	51.7163	9.96478
52225130	2438	19.8189	1294	1043.83	0.198267	1043	0.0764103	0.113333	0.100733	51.7163	9.96478
52225135	2441	20.1825	1280	1032.53	0.0853345	1047	0.0767033	0.113333	0.100733	51.7163	9.96478
52225140	2440	20.0613	1302	1050.28	0.2628	1037	0.0759707	0.113333	0.100733	51.7163	9.96478
52225145	2441	20.1825	1296	1045.44	0.214399	1036	0.0758974	0.113333	0.100733	51.7163	9.96478
52225150	2441	20.1825	1297	1046.25	0.222466	1036	0.0758974	0.0758974	0.100733	51.7163	9.96478
52225155	2455	21.8791	1293	1043.02	0.1902	1358	0.0758974	0.0994872	0.100733	51.7163	9.96478
52225160	2455	21.8791	1291	1041.41	0.174066	1355	0.0758974	0.0992674	0.100733	51.7163	9.96478
52225165	2451	21.3944	1290	1040.6	0.166	1349	0.0758974	0.0988278	0.100733	51.7163	9.96478
52225170	2449	21.152	1290	1040.6	0.166	1348	0.0758974	0.0987546	0.100733	51.7163	9.96478
52225175	2454	21.7579	1292	1042.21	0.182134	1349	0.0758974	0.0988278	0.100733	51.7163	9.96478
52225180	2456	22.0003	1292	1042.21	0.182134	1342	0.0758974	0.098315	0.100733	51.7163	9.96478
52225185	2457	22.1215	1298	1047.05	0.230532	1337	0.0758974	0.0979487	0.100733	51.7163	9.96478
52225190	2454	21.7579	1294	1043.83	0.198267	1331	0.0758974	0.0975092	0.100733	51.7163	9.96478
52225195	2455	21.8791	1288	1038.99	0.149867	1318	0.0758974	0.0965568	0.100733	51.7163	9.96478
52225200	2455	21.8791	1291	1041.41	0.174066	1094	0.0801465	0.0965568	0.100733	51.7163	9.96478
52225205	2443	20.4249	1298	1047.05	0.230532	312	0.0228571	0.0965568	0.100733	51.7163	9.96478
52225210	2444	20.546	1308	1055.12	0.3112	431	0.0315751	0.0965568	0.100733	51.7163	9.96478
52225215	2442	20.3037	1296	1045.44	0.214399	528	0.0386813	0.0965568	0.100733	51.7163	9.96478
52225220	2443	20.4249	1296	1045.44	0.214399	566	0.0414652	0.0965568	0.100733	51.7163	9.96478
52225225	2442	20.3037	1297	1046.25	0.222466	540	0.0395604	0.0965568	0.100733	51.7163	9.96478
52225230	2443	20.4249	1295	1044.63	0.206333	519	0.038022	0.0965568	0.100733	51.7163	9.96478
52225235	2442	20.3037	1302	1050.28	0.2628	497	0.0364103	0.0965568	0.100733	51.7163	9.96478
52225240	2445	20.6672	1291	1041.41	0.174066	464	0.0339927	0.0965568	0.100733	51.7163	9.96478
52225245	2443	20.4249	1303	1051.09	0.270867	442	0.032381	0.0965568	0.100733	51.7163	9.96478
52225250	2442	20.3037	1298	1047.05	0.230532	435	0.032381	0.0965568	0.0318681	51.7163	9.96478
52225255	2471	23.8185	1304	1051.89	0.278933	551	0.032381	0.0965568	0.0403663	51.7163	9.96478
52225260	2472	23.9397	1295	1044.63	0.206333	528	0.032381	0.0965568	0.0386813	51.7163	9.96478
52225265	2471	23.8185	1299	1047.86	0.2386	488	0.032381	0.0965568	0.0357509	51.7163	9.96478
52225270	2472	23.9397	1302	1050.28	0.2628	486	0.032381	0.0965568	0.0356044	51.7163	9.96478
52225275	2473	24.0609	1294	1043.83	0.198267	486	0.032381	0.0965568	0.0356044	51.7163	9.96478
52225280	2470	23.6973	1304	1051.89	0.278933	483	0.032381	0.0965568	0.0353846	51.7163	9.96478
52225285	2472	23.9397	1290	1040.6	0.166	492	0.032381	0.0965568	0.036044	51.7163	9.96478
52225290	2470	23.6973	1306	1053.51	0.295067	492	0.032381	0.0965568	0.036044	51.7163	9.96478
52225295	2472	23.9397	1301	1049.47	0.254734	489	0.032381	0.0965568	0.0358242	51.7163	9.96478
52225300	2472	23.9397	1303	1051.09	0.270867	493	0.0361172	0.0965568	0.0358242	51.7163	9.96478
52225305	2443	20.4249	1297	1046.25	0.222466	401	0.0293773	0.0965568	0.0358242	51.7163	9.96478
52225310	2442	20.3037	1309	1055.93	0.319266	409	0.0299634	0.0965568	0.0358242	51.7163	9.96478
52225315	2442	20.3037	1308	1055.12	0.3112	405	0.0296703	0.0965568	0.0358242	51.7163	9.96478
52225320	2445	20.6672	1300	1048.67	0.246667	406	0.0297436	0.0965568	0.0358242	51.7163	9.96478
52225325	2441	20.1825	1301	1049.47	0.254734	402	0.0294505	0.0965568	0.0358242	51.7163	9.96478
52225330	2444	20.546	1308	1055.12	0.3112	397	0.0290842	0.0965568	0.0358242	51.7163	9.96478
52225335	2443	20.4249	1317	1062.38	0.3838	390	0.0285714	0.0965568	0.0358242	51.7163	9.96478
52225340	2440	20.0613	1304	1051.89	0.278933	381	0.0279121	0.0965568	0.0358242	51.7163	9.96478
52225345	2442	20.3037	1315	1060.77	0.367666	372	0.0272527	0.0965568	0.0358242	51.7163	9.96478
52225350	2440	20.0613	1298	1047.05	0.230532	365	0.0272527	0.0267399	0.0358242	51.7163	9.96478
52225355	2454	21.7579	1313	1059.15	0.351533	408	0.0272527	0.0298901	0.0358242	51.7163	9.96478
52225360	2453	21.6367	1308	1055.12	0.3112	399	0.0272527	0.0292308	0.0358242	51.7163	9.96478
52225365	2454	21.7579	1309	1055.93	0.319266	393	0.0272527	0.0287912	0.0358242	51.7163	9.96478
52225370	2456	22.0003	1307	1054.31	0.303134	386	0.0272527	0.0282784	0.0358242	51.7163	9.96478
52225375	2455	21.8791	1315	1060.77	0.367666	381	0.0272527	0.0279121	0.0358242	51.7163	9.96478
52225380	2455	21.8791	1312	1058.35	0.343467	374	0.0272527	0.0273993	0.0358242	51.7163	9.96478
52225385	2452	21.5156	1322	1066.41	0.424133	365	0.0272527	0.0267399	0.0358242	51.7163	9.96478
52225390	2455	21.8791	1317	1062.38	0.3838	363	0.0272527	0.0265934	0.0358242	51.7163	9.96478
52225395	2454	21.7579	1309	1055.93	0.319266	354	0.0272527	0.0259341	0.0358242	51.7163	9.96478
52225400	2456	22.0003	1304	1051.89	0.278933	352	0.0257875	0.0259341	0.0358242	51.7163	9.96478
52225405	2445	20.6672	1324	1068.03	0.440267	297	0.0217582	0.0259341	0.0358242	51.7163	9.96478
52225410	2442	20.3037	1312	1058.35	0.343467	295	0.0216117	0.0259341	0.0358242	51.7163	9.96478
52225415	2443	20.4249	1318	1063.19	0.391866	294	0.0215385	0.0259341	0.0358242	51.7163	9.96478
52225420	2442	20.3037	1326	1069.64	0.4564	290	0.0212454	0.0259341	0.0358242	51.7163	9.96478
52225425	2442	20.3037	1308	1055.12	0.3112	289	0.0211722	0.0259341	0.0358242	51.7163	9.96478
52225430	2442	20.3037	1321	1065.61	0.416067	292	0.0213919	0.0259341	0.0358242	51.7163	9.96478
52225435	2447	20.9096	1327	1070.45	0.464467	287	0.0210256	0.0259341	0.0358242	51.7163	9.96478
52225440	2441	20.1825	1314	1059.96	0.3596	296	0.021685	0.0259341	0.0358242	51.7163	9.96478
52225445	2442	20.3037	1309	1055.93	0.319266	297	0.0217582	0.0259341	0.0358242	51.7163	9.96478
52225450	2441	20.1825	1325	1068.83	0.448334	300	0.0217582	0.0259341	0.021978	51.7163	9.96478
52225455	2472	23.9397	1315	1060.77	0.367666	387	0.0217582	0.0259341	0.0283516	51.7163	9.96478
52225460	2471	23.8185	1322	1066.41	0.424133	369	0.0217582	0.0259341	0.027033	51.7163	9.96478
52225465	2468	23.4548	1328	1071.25	0.472533	367	0.0217582	0.0259341	0.0268864	51.7163	9.96478
52225470	2468	23.4548	1327	1070.45	0.464467	360	0.0217582	0.0259341	0.0263736	51.7163	9.96478
52225475	2472	23.9397	1323	1067.22	0.432201	348	0.0217582	0.0259341	0.0254945	51.7163	9.96478
52225480	2470	23.6973	1327	1070.45	0.464467	341	0.0217582	0.0259341	0.0249817	51.7163	9.96478
52225485	2468	23.4548	1334	1076.09	0.520933	342	0.0217582	0.0259341	0.0250549	51.7163	9.96478
52225490	2468	23.4548	1326	1069.64	0.4564	337	0.0217582	0.0259341	0.0246886	51.7163	9.96478
52225495	2468	23.4548	1330	1072.87	0.488667	332	0.0217582	0.0259341	0.0243223	51.7163	9.96478
52225500	2469	23.576	1330	1072.87	0.488667	327	0.0217582	0.0259341	0.023956	51.7163	9.96478
52225505	2466	23.2124	1320	1064.8	0.408	328	0.0240293	0.0259341	0.023956	51.7163	9.96478
52225510	2439	19.9401	1322	1066.41	0.424133	235	0.0172161	0.0259341	0.023956	51.7163	9.96478
52225515	2440	20.0613	1332	1074.48	0.5048	226	0.0165568	0.0259341	0.023956	51.7163	9.96478
52225520	2440	20.0613	1333	1075.29	0.512866	230	0.0168498	0.0259341	0.023956	51.7163	9.96478
52225525	2440	20.0613	1332	1074.48	0.5048	229	0.0167766	0.0259341	0.023956	51.7163	9.96478
52225530	2446	20.7884	1310	1056.73	0.327333	225	0.0164835	0.0259341	0.023956	51.7163	9.96478
52225535	2442	20.3037	1333	1075.29	0.512866	216	0.0158242	0.0259341	0.023956	51.7163	9.96478
52225540	2437	19.6978	1330	1072.87	0.488667	213	0.0156044	0.0259341	0.023956	51.7163	9.96478
52225545	2439	19.9401	1330	1072.87	0.488667	215	0.0157509	0.0259341	0.023956	51.7163	9.96478
52225550	2443	20.4249	1323	1067.22	0.432201	211	0.0154579	0.0259341	0.023956	51.7163	9.96478
52225555	2440	20.0613	1316	1061.57	0.375732	210	0.0154579	0.0153846	0.023956	51.7163	9.96478
52225560	2454	21.7579	1333	1075.29	0.512866	252	0.0154579	0.0184615	0.023956	51.7163	9.96478
52225565	2450	21.2731	1322	1066.41	0.424133	249	0.0154579	0.0182418	0.023956	51.7163	9.96478
52225570	2453	21.6367	1329	1072.06	0.480601	244	0.0154579	0.0178755	0.023956	51.7163	9.96478
52225575	2452	21.5156	1331	1073.67	0.496733	243	0.0154579	0.0178022	0.023956	51.7163	9.96478
52225580	2452	21.5156	1323	1067.22	0.432201	241	0.0154579	0.0176557	0.023956	51.7163	9.96478
52225585	2450	21.2731	1332	1074.48	0.5048	242	0.0154579	0.0177289	0.023956	51.7163	9.96478
52225590	2450	21.2731	1331	1073.67	0.496733	238	0.0154579	0.0174359	0.023956	51.7163	9.96478
52225595	2450	21.2731	1334	1076.09	0.520933	238	0.0154579	0.0174359	0.023956	51.7163	9.96478
52225600	2452	21.5156	1332	1074.48	0.5048	238	0.0154579	0.0174359	0.023956	51.7163	9.96478
52225605	2449	21.152	1335	1076.9	0.529	237	0.0173626	0.0174359	0.023956	51.7163	9.96478
52225610	2442	20.3037	1336	1077.71	0.537067	192	0.0140659	0.0174359	0.023956	51.7163	9.96478
52225615	2438	19.8189	1323	1067.22	0.432201	198	0.0145055	0.0174359	0.023956	51.7163	9.96478
52225620	2440	20.0613	1326	1069.64	0.4564	201	0.0147253	0.0174359	0.023956	51.7163	9.96478
52225625	2435	19.4554	1335	1076.9	0.529	200	0.014652	0.0174359	0.023956	51.7163	9.96478
52225630	2435	19.4554	1341	1081.74	0.5774	199	0.0145788	0.0174359	0.023956	51.7163	9.96478
52225635	2436	19.5766	1332	1074.48	0.5048	202	0.0147985	0.0174359	0.023956	51.7163	9.96478
52225640	2437	19.6978	1336	1077.71	0.537067	195	0.0142857	0.0174359	0.023956	51.7163	9.96478
52225645	2434	19.3343	1332	1074.48	0.5048	194	0.0142125	0.0174359	0.023956	51.7163	9.96478
52225650	2437	19.6978	1317	1062.38	0.3838	195	0.0142857	0.0174359	0.023956	51.7163	9.96478
52225655	2437	19.6978	1332	1074.48	0.5048	186	0.0142857	0.0174359	0.0136264	51.7163	9.96478
52225660	2462	22.7276	1322	1066.41	0.424133	272	0.0142857	0.0174359	0.0199267	51.7163	9.96478
52225665	2467	23.3336	1327	1070.45	0.464467	272	0.0142857	0.0174359	0.0199267	51.7163	9.96478
52225670	2467	23.3336	1332	1074.48	0.5048	268	0.0142857	0.0174359	0.0196337	51.7163	9.96478
52225675	2462	22.7276	1320	1064.8	0.408	253	0.0142857	0.0174359	0.0185348	51.7163	9.96478
52225680	2470	23.6973	1331	1073.67	0.496733	221	0.0142857	0.0174359	0.0161905	51.7163	9.96478
52225685	2461	22.6063	1328	1071.25	0.472533	200	0.0142857	0.0174359	0.014652	51.7163	9.96478
52225690	2468	23.4548	1331	1073.67	0.496733	186	0.0142857	0.0174359	0.0136264	51.7163	9.96478
52225695	2462	22.7276	1337	1078.51	0.545133	178	0.0142857	0.0174359	0.0130403	51.7163	9.96478
52225700	2464	22.97	1344	1084.16	0.6016	181	0.0142857	0.0174359	0.0132601	51.7163	9.96478
52225705	2464	22.97	1329	1072.06	0.480601	186	0.0136264	0.0174359	0.0132601	51.7163	9.96478
52225710	2438	19.8189	1328	1071.25	0.472533	106	0.00776557	0.0174359	0.0132601	51.7163	9.96478
52225715	2433	19.2131	1328	1071.25	0.472533	102	0.00747253	0.0174359	0.0132601	51.7163	9.96478
52225720	2432	19.0919	1313	1059.15	0.351533	103	0.00754579	0.0174359	0.0132601	51.7163	9.96478
52225725	2434	19.3343	1336	1077.71	0.537067	103	0.00754579	0.0174359	0.0132601	51.7163	9.96478
52225730	2434	19.3343	1336	1077.71	0.537067	99	0.00725275	0.0174359	0.0132601	51.7163	9.96478
52225735	2434	19.3343	1324	1068.03	0.440267	90	0.00659341	0.0174359	0.0132601	51.7163	9.96478
52225740	2432	19.0919	1330	1072.87	0.488667	90	0.00659341	0.0174359	0.0132601	51.7163	9.96478
52225745	2436	19.5766	1334	1076.09	0.520933	92	0.00673993	0.0174359	0.0132601	51.7163	9.96478
52225750	2436	19.5766	1341	1081.74	0.5774	92	0.00673993	0.0174359	0.0132601	51.7163	9.96478
52225755	2438	19.8189	1333	1075.29	0.512866	92	0.00673993	0.00673993	0.0132601	51.7163	9.96478
52225760	2440	20.0613	1337	1078.51	0.545133	138	0.00673993	0.0101099	0.0132601	51.7163	9.96478
52225765	2449	21.152	1335	1076.9	0.529	140	0.00673993	0.0102564	0.0132601	51.7163	9.96478
52225770	2445	20.6672	1321	1065.61	0.416067	139	0.00673993	0.0101831	0.0132601	51.7163	9.96478
52225775	2446	20.7884	1340	1080.93	0.569333	142	0.00673993	0.0104029	0.0132601	51.7163	9.96478
52225780	2446	20.7884	1332	1074.48	0.5048	141	0.00673993	0.0103297	0.0132601	51.7163	9.96478
52225785	2446	20.7884	1334	1076.09	0.520933	145	0.00673993	0.0106227	0.0132601	51.7163	9.96478
52225790	2446	20.7884	1337	1078.51	0.545133	140	0.00673993	0.0102564	0.0132601	51.7163	9.96478
52225795	2446	20.7884	1326	1069.64	0.4564	120	0.00673993	0.00879121	0.0132601	51.7163	9.96478
52225800	2446	20.7884	1336	1077.71	0.537067	115	0.00673993	0.00842491	0.0132601	51.7163	9.96478
52225805	2448	21.0308	1344	1084.16	0.6016	112	0.00820513	0.00842491	0.0132601	51.7163	9.96478
52225810	2436	19.5766	1326	1069.64	0.4564	74	0.00542125	0.00842491	0.0132601	51.7163	9.96478
52225815	2434	19.3343	1338	1079.32	0.553199	74	0.00542125	0.00842491	0.0132601	51.7163	9.96478
52225820	2430	18.8496	1333	1075.29	0.512866	69	0.00505495	0.00842491	0.0132601	51.7163	9.96478
52225825	2433	19.2131	1329	1072.06	0.480601	70	0.00512821	0.00842491	0.0132601	51.7163	9.96478
52225830	2434	19.3343	1333	1075.29	0.512866	71	0.00520146	0.00842491	0.0132601	51.7163	9.96478
52225835	2437	19.6978	1333	1075.29	0.512866	72	0.00527473	0.00842491	0.0132601	51.7163	9.96478
52225840	2438	19.8189	1334	1076.09	0.520933	72	0.00527473	0.00842491	0.0132601	51.7163	9.96478
52225845	2436	19.5766	1334	1076.09	0.520933	75	0.00549451	0.00842491	0.0132601	51.7163	9.96478
52225850	2428	18.6073	1347	1086.58	0.6258	72	0.00527473	0.00842491	0.0132601	51.7163	9.96478
52225855	2440	20.0613	1328	1071.25	0.472533	76	0.00527473	0.00842491	0.00556777	51.7163	9.96478
52225860	2460	22.4851	1337	1078.51	0.545133	157	0.00527473	0.00842491	0.0115018	51.7163	9.96478
52225865	2462	22.7276	1341	1081.74	0.5774	161	0.00527473	0.00842491	0.0117949	51.7163	9.96478
52225870	2464	22.97	1325	1068.83	0.448334	169	0.00527473	0.00842491	0.012381	51.7163	9.96478
52225875	2466	23.2124	1337	1078.51	0.545133	172	0.00527473	0.00842491	0.0126007	51.7163	9.96478
52225880	2465	23.0912	1336	1077.71	0.537067	168	0.00527473	0.00842491	0.0123077	51.7163	9.96478
52225885	2463	22.8488	1340	1080.93	0.569333	171	0.00527473	0.00842491	0.0125275	51.7163	9.96478
52225890	2460	22.4851	1334	1076.09	0.520933	173	0.00527473	0.00842491	0.012674	51.7163	9.96478
52225895	2464	22.97	1342	1082.55	0.585468	173	0.00527473	0.00842491	0.012674	51.7163	9.96478
52225900	2458	22.2427	1319	1063.99	0.399933	172	0.00527473	0.00842491	0.0126007	51.7163	9.96478
52225905	2463	22.8488	1326	1069.64	0.4564	173	0.012674	0.00842491	0.0126007	51.7163	9.96478
52225910	2433	19.2131	1338	1079.32	0.553199	86	0.00630037	0.00842491	0.0126007	51.7163	9.96478
52225915	2428	18.6073	1333	1075.29	0.512866	89	0.00652015	0.00842491	0.0126007	51.7163	9.96478
52225920	2432	19.0919	1246	1005.11	-0.188933	90	0.00659341	0.00842491	0.0126007	51.7163	9.96478
52225925	2434	19.3343	1317	1062.38	0.3838	91	0.00666667	0.00842491	0.0126007	51.7163	9.96478
52225930	2433	19.2131	1338	1079.32	0.553199	96	0.00703297	0.00842491	0.0126007	51.7163	9.96478
52225935	2434	19.3343	1337	1078.51	0.545133	102	0.00747253	0.00842491	0.0126007	51.7163	9.96478
52225940	2431	18.9708	1324	1068.03	0.440267	104	0.00761905	0.00842491	0.0126007	51.7163	9.96478
52225945	2436	19.5766	1327	1070.45	0.464467	102	0.00747253	0.00842491	0.0126007	51.7163	9.96478
52225950	2433	19.2131	1340	1080.93	0.569333	101	0.00739927	0.00842491	0.0126007	51.7163	9.96478
52225955	2432	19.0919	1333	1075.29	0.512866	106	0.00776557	0.00842491	0.0126007	51.7163	9.96478
52225960	2433	19.2131	1330	1072.87	0.488667	107	0.00783883	0.00842491	0.0126007	51.7163	9.96478
52225965	2432	19.0919	1337	1078.51	0.545133	106	0.00776557	0.00842491	0.0126007	51.7163	9.96478
52225970	2436	19.5766	1332	1074.48	0.5048	107	0.00783883	0.00842491	0.0126007	51.7163	9.96478
52225975	2433	19.2131	1328	1071.25	0.472533	107	0.00783883	0.00783883	0.0126007	51.7163	9.96478
52225980	2444	20.546	1337	1078.51	0.545133	156	0.00783883	0.0114286	0.0126007	51.7163	9.96478
52225985	2446	20.7884	1337	1078.51	0.545133	154	0.00783883	0.0112821	0.0126007	51.7163	9.96478
52225990	2445	20.6672	1337	1078.51	0.545133	149	0.00783883	0.0109158	0.0126007	51.7163	9.96478
52225995	2441	20.1825	1336	1077.71	0.537067	151	0.00783883	0.0110623	0.0126007	51.7163	9.96478
52226000	2445	20.6672	1337	1078.51	0.545133	151	0.00783883	0.0110623	0.0126007	51.7163	9.96478
52226005	2449	21.152	1334	1076.09	0.520933	149	0.00783883	0.0109158	0.0126007	51.7163	9.96478
52226010	2445	20.6672	1329	1072.06	0.480601	150	0.00783883	0.010989	0.0126007	51.7163	9.96478
52226015	2444	20.546	1338	1079.32	0.553199	151	0.00783883	0.0110623	0.0126007	51.7163	9.96478
52226020	2445	20.6672	1344	1084.16	0.6016	151	0.00783883	0.0110623	0.0126007	51.7163	9.96478
52226025	2444	20.546	1337	1078.51	0.545133	153	0.0112088	0.0110623	0.0126007	51.7163	9.96478
52226030	2434	19.3343	1328	1071.25	0.472533	106	0.00776557	0.0110623	0.0126007	51.7163	9.96478
52226035	2435	19.4554	1338	1079.32	0.553199	111	0.00813187	0.0110623	0.0126007	51.7163	9.96478
52226040	2431	18.9708	1331	1073.67	0.496733	106	0.00776557	0.0110623	0.0126007	51.7163	9.96478
52226045	2433	19.2131	1333	1075.29	0.512866	104	0.00761905	0.0110623	0.0126007	51.7163	9.96478
52226050	2434	19.3343	1335	1076.9	0.529	108	0.00791209	0.0110623	0.0126007	51.7163	9.96478
52226055	2434	19.3343	1335	1076.9	0.529	108	0.00791209	0.0110623	0.0126007	51.7163	9.96478
52226060	2433	19.2131	1325	1068.83	0.448334	104	0.00761905	0.0110623	0.0126007	51.7163	9.96478
52226065	2436	19.5766	1333	1075.29	0.512866	105	0.00769231	0.0110623	0.0126007	51.7163	9.96478
52226070	2435	19.4554	1338	1079.32	0.553199	104	0.00761905	0.0110623	0.0126007	51.7163	9.96478
52226075	2428	18.6073	1332	1074.48	0.5048	107	0.00761905	0.0110623	0.00783883	51.7163	9.96478
52226080	2456	22.0003	1323	1067.22	0.432201	193	0.00761905	0.0110623	0.0141392	51.7163	9.96478
52226085	2462	22.7276	1336	1077.71	0.537067	193	0.00761905	0.0110623	0.0141392	51.7163	9.96478
52226090	2464	22.97	1337	1078.51	0.545133	196	0.00761905	0.0110623	0.014359	51.7163	9.96478
52226095	2461	22.6063	1323	1067.22	0.432201	195	0.00761905	0.0110623	0.0142857	51.7163	9.96478
52226100	2465	23.0912	1336	1077.71	0.537067	195	0.00761905	0.0110623	0.0142857	51.7163	9.96478
52226105	2462	22.7276	1336	1077.71	0.537067	198	0.00761905	0.0110623	0.0145055	51.7163	9.96478
52226110	2461	22.6063	1335	1076.9	0.529	193	0.00761905	0.0110623	0.0141392	51.7163	9.96478
52226115	2460	22.4851	1330	1072.87	0.488667	195	0.00761905	0.0110623	0.0142857	51.7163	9.96478
52226120	2460	22.4851	1336	1077.71	0.537067	197	0.00761905	0.0110623	0.0144322	51.7163	9.96478
52226125	2458	22.2427	1332	1074.48	0.5048	195	0.0142857	0.0110623	0.0144322	51.7163	9.96478
52226130	2441	20.1825	1333	1075.29	0.512866	110	0.00805861	0.0110623	0.0144322	51.7163	9.96478
52226135	2432	19.0919	1339	1080.13	0.561266	109	0.00798535	0.0110623	0.0144322	51.7163	9.96478
52226140	2429	18.7284	1336	1077.71	0.537067	111	0.00813187	0.0110623	0.0144322	51.7163	9.96478
52226145	2432	19.0919	1337	1078.51	0.545133	112	0.00820513	0.0110623	0.0144322	51.7163	9.96478
52226150	2437	19.6978	1334	1076.09	0.520933	114	0.00835165	0.0110623	0.0144322	51.7163	9.96478
52226155	2434	19.3343	1337	1078.51	0.545133	114	0.00835165	0.0110623	0.0144322	51.7163	9.96478
52226160	2430	18.8496	1329	1072.06	0.480601	115	0.00842491	0.0110623	0.0144322	51.7163	9.96478
52226165	2434	19.3343	1333	1075.29	0.512866	117	0.00857143	0.0110623	0.0144322	51.7163	9.96478
52226170	2432	19.0919	1336	1077.71	0.537067	119	0.00871795	0.0110623	0.0144322	51.7163	9.96478
52226175	2436	19.5766	1331	1073.67	0.496733	117	0.00871795	0.00857143	0.0144322	51.7163	9.96478
52226180	2444	20.546	1331	1073.67	0.496733	162	0.00871795	0.0118681	0.0144322	51.7163	9.96478
52226185	2448	21.0308	1326	1069.64	0.4564	163	0.00871795	0.0119414	0.0144322	51.7163	9.96478
52226190	2446	20.7884	1334	1076.09	0.520933	166	0.00871795	0.0121612	0.0144322	51.7163	9.96478
52226195	2445	20.6672	1336	1077.71	0.537067	168	0.00871795	0.0123077	0.0144322	51.7163	9.96478
52226200	2447	20.9096	1331	1073.67	0.496733	166	0.00871795	0.0121612	0.0144322	51.7163	9.96478
52226205	2449	21.152	1326	1069.64	0.4564	164	0.00871795	0.0120147	0.0144322	51.7163	9.96478
52226210	2445	20.6672	1340	1080.93	0.569333	165	0.00871795	0.0120879	0.0144322	51.7163	9.96478
52226215	2446	20.7884	1328	1071.25	0.472533	162	0.00871795	0.0118681	0.0144322	51.7163	9.96478
52226220	2445	20.6672	1326	1069.64	0.4564	162	0.00871795	0.0118681	0.0144322	51.7163	9.96478
52226225	2448	21.0308	1335	1076.9	0.529	161	0.0117949	0.0118681	0.0144322	51.7163	9.96478
52226230	2435	19.4554	1337	1078.51	0.545133	113	0.00827839	0.0118681	0.0144322	51.7163	9.96478
52226235	2432	19.0919	1325	1068.83	0.448334	110	0.00805861	0.0118681	0.0144322	51.7163	9.96478
52226240	2436	19.5766	1335	1076.9	0.529	114	0.00835165	0.0118681	0.0144322	51.7163	9.96478
52226245	2434	19.3343	1336	1077.71	0.537067	110	0.00805861	0.0118681	0.0144322	51.7163	9.96478
52226250	2437	19.6978	1336	1077.71	0.537067	110	0.00805861	0.0118681	0.0144322	51.7163	9.96478
52226255	2429	18.7284	1324	1068.03	0.440267	105	0.00769231	0.0118681	0.0144322	51.7163	9.96478
52226260	2432	19.0919	1337	1078.51	0.545133	110	0.00805861	0.0118681	0.0144322	51.7163	9.96478
52226265	2430	18.8496	1337	1078.51	0.545133	116	0.00849817	0.0118681	0.0144322	51.7163	9.96478
52226270	2432	19.0919	1340	1080.93	0.569333	110	0.00805861	0.0118681	0.0144322	51.7163	9.96478
52226275	2433	19.2131	1327	1070.45	0.464467	110	0.00805861	0.0118681	0.00805861	51.7163	9.96478
52226280	2461	22.6063	1330	1072.87	0.488667	200	0.00805861	0.0118681	0.014652	51.7163	9.96478
52226285	2462	22.7276	1334	1076.09	0.520933	202	0.00805861	0.0118681	0.0147985	51.7163	9.96478
52226290	2465	23.0912	1328	1071.25	0.472533	204	0.00805861	0.0118681	0.0149451	51.7163	9.96478
52226295	2462	22.7276	1334	1076.09	0.520933	200	0.00805861	0.0118681	0.014652	51.7163	9.96478
52226300	2459	22.3639	1333	1075.29	0.512866	203	0.00805861	0.0118681	0.0148718	51.7163	9.96478
52226305	2460	22.4851	1338	1079.32	0.553199	204	0.00805861	0.0118681	0.0149451	51.7163	9.96478
52226310	2463	22.8488	1337	1078.51	0.545133	194	0.00805861	0.0118681	0.0142125	51.7163	9.96478
52226315	2461	22.6063	1337	1078.51	0.545133	210	0.00805861	0.0118681	0.0153846	51.7163	9.96478
52226320	2462	22.7276	1332	1074.48	0.5048	214	0.00805861	0.0118681	0.0156777	51.7163	9.96478
52226325	2462	22.7276	1337	1078.51	0.545133	220	0.0161172	0.0118681	0.0156777	51.7163	9.96478
52226330	2439	19.9401	1331	1073.67	0.496733	136	0.00996337	0.0118681	0.0156777	51.7163	9.96478
52226335	2435	19.4554	1345	1084.97	0.609667	131	0.00959707	0.0118681	0.0156777	51.7163	9.96478
52226340	2434	19.3343	1336	1077.71	0.537067	138	0.0101099	0.0118681	0.0156777	51.7163	9.96478
52226345	2434	19.3343	1333	1075.29	0.512866	133	0.00974359	0.0118681	0.0156777	51.7163	9.96478
52226350	2432	19.0919	1326	1069.64	0.4564	133	0.00974359	0.0118681	0.0156777	51.7163	9.96478
52226355	2435	19.4554	1344	1084.16	0.6016	135	0.00989011	0.0118681	0.0156777	51.7163	9.96478
52226360	2433	19.2131	1342	1082.55	0.585468	129	0.00945055	0.0118681	0.0156777	51.7163	9.96478
52226365	2430	18.8496	1330	1072.87	0.488667	131	0.00959707	0.0118681	0.0156777	51.7163	9.96478
52226370	2430	18.8496	1347	1086.58	0.6258	135	0.00989011	0.0118681	0.0156777	51.7163	9.96478
52226375	2433	19.2131	1326	1069.64	0.4564	141	0.00989011	0.0103297	0.0156777	51.7163	9.96478
52226380	2445	20.6672	1330	1072.87	0.488667	189	0.00989011	0.0138462	0.0156777	51.7163	9.96478
52226385	2444	20.546	1340	1080.93	0.569333	194	0.00989011	0.0142125	0.0156777	51.7163	9.96478
52226390	2444	20.546	1339	1080.13	0.561266	190	0.00989011	0.0139194	0.0156777	51.7163	9.96478
52226395	2446	20.7884	1340	1080.93	0.569333	193	0.00989011	0.0141392	0.0156777	51.7163	9.96478
52226400	2443	20.4249	1326	1069.64	0.4564	192	0.00989011	0.0140659	0.0156777	51.7163	9.96478
52226405	2449	21.152	1335	1076.9	0.529	199	0.00989011	0.0145788	0.0156777	51.7163	9.96478
52226410	2451	21.3944	1337	1078.51	0.545133	206	0.00989011	0.0150916	0.0156777	51.7163	9.96478
52226415	2444	20.546	1326	1069.64	0.4564	202	0.00989011	0.0147985	0.0156777	51.7163	9.96478
52226420	2448	21.0308	1335	1076.9	0.529	196	0.00989011	0.014359	0.0156777	51.7163	9.96478
52226425	2448	21.0308	1333	1075.29	0.512866	196	0.00989011	0.014359	0.0156777	51.7163	9.96478
52226430	2448	21.0308	1339	1080.13	0.561266	205	0.00989011	0.0150183	0.0156777	51.7163	9.96478
52226435	2442	20.3037	1346	1085.77	0.617733	200	0.00989011	0.014652	0.0156777	51.7163	9.96478
52226440	2448	21.0308	1339	1080.13	0.561266	201	0.00989011	0.0147253	0.0156777	51.7163	9.96478
52226445	2449	21.152	1329	1072.06	0.480601	207	0.00989011	0.0151648	0.0156777	51.7163	9.96478
52226450	2444	20.546	1341	1081.74	0.5774	207	0.00989011	0.0151648	0.0156777	51.7163	9.96478
52226455	2443	20.4249	1338	1079.32	0.553199	206	0.0150916	0.0151648	0.0156777	51.7163	9.96478
52226460	2433	19.2131	1346	1085.77	0.617733	163	0.0119414	0.0151648	0.0156777	51.7163	9.96478
52226465	2429	18.7284	1338	1079.32	0.553199	166	0.0121612	0.0151648	0.0156777	51.7163	9.96478
52226470	2432	19.0919	1337	1078.51	0.545133	170	0.0124542	0.0151648	0.0156777	51.7163	9.96478
52226475	2430	18.8496	1335	1076.9	0.529	167	0.0122344	0.0151648	0.0156777	51.7163	9.96478
52226480	2435	19.4554	1329	1072.06	0.480601	165	0.0120879	0.0151648	0.0156777	51.7163	9.96478
52226485	2435	19.4554	1336	1077.71	0.537067	166	0.0121612	0.0151648	0.0156777	51.7163	9.96478
52226490	2430	18.8496	1335	1076.9	0.529	161	0.0117949	0.0151648	0.0156777	51.7163	9.96478
52226495	2432	19.0919	1322	1066.41	0.424133	161	0.0117949	0.0151648	0.0156777	51.7163	9.96478
52226500	2432	19.0919	1333	1075.29	0.512866	163	0.0119414	0.0151648	0.0156777	51.7163	9.96478
52226505	2435	19.4554	1335	1076.9	0.529	161	0.0119414	0.0151648	0.0117949	51.7163	9.96478
52226510	2464	22.97	1334	1076.09	0.520933	244	0.0119414	0.0151648	0.0178755	51.7163	9.96478
52226515	2464	22.97	1336	1077.71	0.537067	244	0.0119414	0.0151648	0.0178755	51.7163	9.96478
52226520	2461	22.6063	1337	1078.51	0.545133	245	0.0119414	0.0151648	0.0179487	51.7163	9.96478
52226525	2460	22.4851	1330	1072.87	0.488667	243	0.0119414	0.0151648	0.0178022	51.7163	9.96478
52226530	2459	22.3639	1330	1072.87	0.488667	238	0.0119414	0.0151648	0.0174359	51.7163	9.96478
52226535	2459	22.3639	1331	1073.67	0.496733	241	0.0119414	0.0151648	0.0176557	51.7163	9.96478
52226540	2466	23.2124	1343	1083.35	0.593534	242	0.0119414	0.0151648	0.0177289	51.7163	9.96478
52226545	2466	23.2124	1328	1071.25	0.472533	237	0.0119414	0.0151648	0.0173626	51.7163	9.96478
52226550	2461	22.6063	1347	1086.58	0.6258	243	0.0119414	0.0151648	0.0178022	51.7163	9.96478
52226555	2462	22.7276	1330	1072.87	0.488667	252	0.0184615	0.0151648	0.0178022	51.7163	9.96478
52226560	2433	19.2131	1333	1075.29	0.512866	162	0.0118681	0.0151648	0.0178022	51.7163	9.96478
52226565	2433	19.2131	1334	1076.09	0.520933	162	0.0118681	0.0151648	0.0178022	51.7163	9.96478
52226570	2434	19.3343	1347	1086.58	0.6258	162	0.0118681	0.0151648	0.0178022	51.7163	9.96478
52226575	2435	19.4554	1338	1079.32	0.553199	160	0.0117216	0.0151648	0.0178022	51.7163	9.96478
52226580	2433	19.2131	1325	1068.83	0.448334	163	0.0119414	0.0151648	0.0178022	51.7163	9.96478
52226585	2435	19.4554	1330	1072.87	0.488667	165	0.0120879	0.0151648	0.0178022	51.7163	9.96478
52226590	2436	19.5766	1341	1081.74	0.5774	161	0.0117949	0.0151648	0.0178022	51.7163	9.96478
52226595	2432	19.0919	1328	1071.25	0.472533	166	0.0121612	0.0151648	0.0178022	51.7163	9.96478
52226600	2432	19.0919	1334	1076.09	0.520933	159	0.0116484	0.0151648	0.0178022	51.7163	9.96478
52226605	2433	19.2131	1323	1067.22	0.432201	158	0.0116484	0.0115751	0.0178022	51.7163	9.96478
52226610	2446	20.7884	1339	1080.13	0.561266	194	0.0116484	0.0142125	0.0178022	51.7163	9.96478
52226615	2442	20.3037	1332	1074.48	0.5048	197	0.0116484	0.0144322	0.0178022	51.7163	9.96478
52226620	2447	20.9096	1334	1076.09	0.520933	192	0.0116484	0.0140659	0.0178022	51.7163	9.96478
52226625	2446	20.7884	1337	1078.51	0.545133	190	0.0116484	0.0139194	0.0178022	51.7163	9.96478
52226630	2446	20.7884	1338	1079.32	0.553199	190	0.0116484	0.0139194	0.0178022	51.7163	9.96478
52226635	2445	20.6672	1340	1080.93	0.569333	191	0.0116484	0.0139927	0.0178022	51.7163	9.96478
52226640	2446	20.7884	1337	1078.51	0.545133	190	0.0116484	0.0139194	0.0178022	51.7163	9.96478
52226645	2448	21.0308	1331	1073.67	0.496733	187	0.0116484	0.0136996	0.0178022	51.7163	9.96478
52226650	2451	21.3944	1339	1080.13	0.561266	189	0.0116484	0.0138462	0.0178022	51.7163	9.96478
52226655	2443	20.4249	1345	1084.97	0.609667	189	0.0138462	0.0138462	0.0178022	51.7163	9.96478
52226660	2434	19.3343	1332	1074.48	0.5048	139	0.0101831	0.0138462	0.0178022	51.7163	9.96478
52226665	2432	19.0919	1324	1068.03	0.440267	136	0.00996337	0.0138462	0.0178022	51.7163	9.96478
52226670	2437	19.6978	1341	1081.74	0.5774	135	0.00989011	0.0138462	0.0178022	51.7163	9.96478
52226675	2430	18.8496	1333	1075.29	0.512866	135	0.00989011	0.0138462	0.0178022	51.7163	9.96478
52226680	2432	19.0919	1330	1072.87	0.488667	133	0.00974359	0.0138462	0.0178022	51.7163	9.96478
52226685	2433	19.2131	1335	1076.9	0.529	131	0.00959707	0.0138462	0.0178022	51.7163	9.96478
52226690	2436	19.5766	1338	1079.32	0.553199	130	0.00952381	0.0138462	0.0178022	51.7163	9.96478
52226695	2432	19.0919	1334	1076.09	0.520933	127	0.00930403	0.0138462	0.0178022	51.7163	9.96478
52226700	2430	18.8496	1326	1069.64	0.4564	126	0.00923077	0.0138462	0.0178022	51.7163	9.96478
52226705	2434	19.3343	1337	1078.51	0.545133	120	0.00923077	0.0138462	0.00879121	51.7163	9.96478
52226710	2462	22.7276	1345	1084.97	0.609667	212	0.00923077	0.0138462	0.0155311	51.7163	9.96478
52226715	2460	22.4851	1329	1072.06	0.480601	202	0.00923077	0.0138462	0.0147985	51.7163	9.96478
52226720	2465	23.0912	1320	1064.8	0.408	201	0.00923077	0.0138462	0.0147253	51.7163	9.96478
52226725	2462	22.7276	1327	1070.45	0.464467	201	0.00923077	0.0138462	0.0147253	51.7163	9.96478
52226730	2462	22.7276	1335	1076.9	0.529	201	0.00923077	0.0138462	0.0147253	51.7163	9.96478
52226735	2463	22.8488	1337	1078.51	0.545133	193	0.00923077	0.0138462	0.0141392	51.7163	9.96478
52226740	2465	23.0912	1335	1076.9	0.529	196	0.00923077	0.0138462	0.014359	51.7163	9.96478
52226745	2462	22.7276	1335	1076.9	0.529	190	0.00923077	0.0138462	0.0139194	51.7163	9.96478
52226750	2465	23.0912	1336	1077.71	0.537067	188	0.00923077	0.0138462	0.0137729	51.7163	9.96478
52226755	2461	22.6063	1334	1076.09	0.520933	187	0.0136996	0.0138462	0.0137729	51.7163	9.96478
52226760	2434	19.3343	1333	1075.29	0.512866	98	0.00717949	0.0138462	0.0137729	51.7163	9.96478
52226765	2434	19.3343	1338	1079.32	0.553199	102	0.00747253	0.0138462	0.0137729	51.7163	9.96478
52226770	2433	19.2131	1333	1075.29	0.512866	98	0.00717949	0.0138462	0.0137729	51.7163	9.96478
52226775	2432	19.0919	1327	1070.45	0.464467	99	0.00725275	0.0138462	0.0137729	51.7163	9.96478
52226780	2434	19.3343	1336	1077.71	0.537067	96	0.00703297	0.0138462	0.0137729	51.7163	9.96478
52226785	2433	19.2131	1338	1079.32	0.553199	96	0.00703297	0.0138462	0.0137729	51.7163	9.96478
52226790	2434	19.3343	1324	1068.03	0.440267	91	0.00666667	0.0138462	0.0137729	51.7163	9.96478
52226795	2432	19.0919	1327	1070.45	0.464467	93	0.00681319	0.0138462	0.0137729	51.7163	9.96478
52226800	2430	18.8496	1337	1078.51	0.545133	94	0.00688645	0.0138462	0.0137729	51.7163	9.96478
52226805	2432	19.0919	1329	1072.06	0.480601	88	0.00688645	0.00644689	0.0137729	51.7163	9.96478
52226810	2448	21.0308	1323	1067.22	0.432201	136	0.00688645	0.00996337	0.0137729	51.7163	9.96478
52226815	2446	20.7884	1335	1076.9	0.529	134	0.00688645	0.00981685	0.0137729	51.7163	9.96478
52226820	2442	20.3037	1348	1087.39	0.633867	134	0.00688645	0.00981685	0.0137729	51.7163	9.96478
52226825	2445	20.6672	1345	1084.97	0.609667	135	0.00688645	0.00989011	0.0137729	51.7163	9.96478
52226830	2445	20.6672	1335	1076.9	0.529	132	0.00688645	0.00967033	0.0137729	51.7163	9.96478
52226835	2445	20.6672	1336	1077.71	0.537067	130	0.00688645	0.00952381	0.0137729	51.7163	9.96478
52226840	2444	20.546	1342	1082.55	0.585468	132	0.00688645	0.00967033	0.0137729	51.7163	9.96478
52226845	2449	21.152	1333	1075.29	0.512866	129	0.00688645	0.00945055	0.0137729	51.7163	9.96478
52226850	2445	20.6672	1338	1079.32	0.553199	130	0.00688645	0.00952381	0.0137729	51.7163	9.96478
52226855	2445	20.6672	1338	1079.32	0.553199	132	0.00967033	0.00952381	0.0137729	51.7163	9.96478
52226860	2431	18.9708	1334	1076.09	0.520933	87	0.00637363	0.00952381	0.0137729	51.7163	9.96478
52226865	2435	19.4554	1335	1076.9	0.529	87	0.00637363	0.00952381	0.0137729	51.7163	9.96478
52226870	2435	19.4554	1335	1076.9	0.529	84	0.00615385	0.00952381	0.0137729	51.7163	9.96478
52226875	2434	19.3343	1340	1080.93	0.569333	82	0.00600733	0.00952381	0.0137729	51.7163	9.96478
52226880	2433	19.2131	1343	1083.35	0.593534	69	0.00505495	0.00952381	0.0137729	51.7163	9.96478
52226885	2430	18.8496	1302	1050.28	0.2628	60	0.0043956	0.00952381	0.0137729	51.7163	9.96478
52226890	2432	19.0919	1345	1084.97	0.609667	69	0.00505495	0.00952381	0.0137729	51.7163	9.96478
52226895	2435	19.4554	1330	1072.87	0.488667	71	0.00520146	0.00952381	0.0137729	51.7163	9.96478
52226900	2434	19.3343	1335	1076.9	0.529	66	0.00483516	0.00952381	0.0137729	51.7163	9.96478
52226905	2433	19.2131	1340	1080.93	0.569333	70	0.00512821	0.00952381	0.0137729	51.7163	9.96478
52226910	2433	19.2131	1329	1072.06	0.480601	68	0.00498168	0.00952381	0.0137729	51.7163	9.96478
52226915	2430	18.8496	1329	1072.06	0.480601	68	0.00498168	0.00952381	0.0137729	51.7163	9.96478
52226920	2432	19.0919	1336	1077.71	0.537067	66	0.00483516	0.00952381	0.0137729	51.7163	9.96478
52226925	2434	19.3343	1335	1076.9	0.529	68	0.00498168	0.00952381	0.0137729	51.7163	9.96478
52226930	2434	19.3343	1334	1076.09	0.520933	69	0.00505495	0.00952381	0.0137729	51.7163	9.96478
52226935	2434	19.3343	1335	1076.9	0.529	67	0.00505495	0.00952381	0.00490842	51.7163	9.96478
52226940	2463	22.8488	1338	1079.32	0.553199	148	0.00505495	0.00952381	0.0108425	51.7163	9.96478
52226945	2464	22.97	1332	1074.48	0.5048	146	0.00505495	0.00952381	0.010696	51.7163	9.96478
52226950	2463	22.8488	1333	1075.29	0.512866	149	0.00505495	0.00952381	0.0109158	51.7163	9.96478
52226955	2464	22.97	1340	1080.93	0.569333	149	0.00505495	0.00952381	0.0109158	51.7163	9.96478
52226960	2464	22.97	1334	1076.09	0.520933	147	0.00505495	0.00952381	0.0107692	51.7163	9.96478
52226965	2465	23.0912	1326	1069.64	0.4564	146	0.00505495	0.00952381	0.010696	51.7163	9.96478
52226970	2461	22.6063	1338	1079.32	0.553199	142	0.00505495	0.00952381	0.0104029	51.7163	9.96478
52226975	2465	23.0912	1338	1079.32	0.553199	145	0.00505495	0.00952381	0.0106227	51.7163	9.96478
52226980	2462	22.7276	1341	1081.74	0.5774	142	0.00505495	0.00952381	0.0104029	51.7163	9.96478
52226985	2460	22.4851	1330	1072.87	0.488667	144	0.0105495	0.00952381	0.0104029	51.7163	9.96478
52226990	2436	19.5766	1340	1080.93	0.569333	62	0.00454212	0.00952381	0.0104029	51.7163	9.96478
52226995	2432	19.0919	1336	1077.71	0.537067	64	0.00468864	0.00952381	0.0104029	51.7163	9.96478
52227000	2434	19.3343	1332	1074.48	0.5048	64	0.00468864	0.00952381	0.0104029	51.7163	9.96478
52227005	2435	19.4554	1332	1074.48	0.5048	62	0.00454212	0.00952381	0.0104029	51.7163	9.96478
52227010	2435	19.4554	1338	1079.32	0.553199	62	0.00454212	0.00952381	0.0104029	51.7163	9.96478
52227015	2432	19.0919	1332	1074.48	0.5048	64	0.00468864	0.00952381	0.0104029	51.7163	9.96478
52227020	2433	19.2131	1332	1074.48	0.5048	62	0.00454212	0.00952381	0.0104029	51.7163	9.96478
52227025	2436	19.5766	1339	1080.13	0.561266	59	0.00432234	0.00952381	0.0104029	51.7163	9.96478
52227030	2432	19.0919	1336	1077.71	0.537067	63	0.00461538	0.00952381	0.0104029	51.7163	9.96478
52227035	2431	18.9708	1339	1080.13	0.561266	62	0.00461538	0.00454212	0.0104029	51.7163	9.96478
52227040	2445	20.6672	1331	1073.67	0.496733	100	0.00461538	0.00732601	0.0104029	51.7163	9.96478
52227045	2449	21.152	1336	1077.71	0.537067	98	0.00461538	0.00717949	0.0104029	51.7163	9.96478
52227050	2445	20.6672	1338	1079.32	0.553199	97	0.00461538	0.00710623	0.0104029	51.7163	9.96478
52227055	2445	20.6672	1336	1077.71	0.537067	96	0.00461538	0.00703297	0.0104029	51.7163	9.96478
52227060	2446	20.7884	1337	1078.51	0.545133	92	0.00461538	0.00673993	0.0104029	51.7163	9.96478
52227065	2448	21.0308	1337	1078.51	0.545133	95	0.00461538	0.00695971	0.0104029	51.7163	9.96478
52227070	2448	21.0308	1340	1080.93	0.569333	96	0.00461538	0.00703297	0.0104029	51.7163	9.96478
52227075	2448	21.0308	1341	1081.74	0.5774	95	0.00461538	0.00695971	0.0104029	51.7163	9.96478
52227080	2445	20.6672	1331	1073.67	0.496733	96	0.00461538	0.00703297	0.0104029	51.7163	9.96478
52227085	2445	20.6672	1337	1078.51	0.545133	98	0.00717949	0.00703297	0.0104029	51.7163	9.96478
52227090	2437	19.6978	1340	1080.93	0.569333	62	0.00454212	0.00703297	0.0104029	51.7163	9.96478
52227095	2436	19.5766	1347	1086.58	0.6258	64	0.00468864	0.00703297	0.0104029	51.7163	9.96478
52227100	2434	19.3343	1332	1074.48	0.5048	61	0.00446886	0.00703297	0.0104029	51.7163	9.96478
52227105	2435	19.4554	1332	1074.48	0.5048	63	0.00461538	0.00703297	0.0104029	51.7163	9.96478
52227110	2434	19.3343	1337	1078.51	0.545133	62	0.00454212	0.00703297	0.0104029	51.7163	9.96478
52227115	2432	19.0919	1337	1078.51	0.545133	61	0.00446886	0.00703297	0.0104029	51.7163	9.96478
52227120	2434	19.3343	1345	1084.97	0.609667	62	0.00454212	0.00703297	0.0104029	51.7163	9.96478
52227125	2435	19.4554	1327	1070.45	0.464467	65	0.0047619	0.00703297	0.0104029	51.7163	9.96478
52227130	2435	19.4554	1336	1077.71	0.537067	67	0.00490842	0.00703297	0.0104029	51.7163	9.96478
52227135	2436	19.5766	1334	1076.09	0.520933	65	0.00490842	0.00703297	0.0047619	51.7163	9.96478
52227140	2461	22.6063	1339	1080.13	0.561266	138	0.00490842	0.00703297	0.0101099	51.7163	9.96478
52227145	2463	22.8488	1328	1071.25	0.472533	140	0.00490842	0.00703297	0.0102564	51.7163	9.96478
52227150	2464	22.97	1326	1069.64	0.4564	143	0.00490842	0.00703297	0.0104762	51.7163	9.96478
52227155	2464	22.97	1328	1071.25	0.472533	141	0.00490842	0.00703297	0.0103297	51.7163	9.96478
52227160	2461	22.6063	1337	1078.51	0.545133	143	0.00490842	0.00703297	0.0104762	51.7163	9.96478
52227165	2464	22.97	1334	1076.09	0.520933	143	0.00490842	0.00703297	0.0104762	51.7163	9.96478
52227170	2460	22.4851	1331	1073.67	0.496733	144	0.00490842	0.00703297	0.0105495	51.7163	9.96478
52227175	2465	23.0912	1329	1072.06	0.480601	144	0.00490842	0.00703297	0.0105495	51.7163	9.96478
52227180	2461	22.6063	1337	1078.51	0.545133	146	0.00490842	0.00703297	0.010696	51.7163	9.96478
52227185	2463	22.8488	1345	1084.97	0.609667	146	0.010696	0.00703297	0.010696	51.7163	9.96478
52227190	2434	19.3343	1345	1084.97	0.609667	70	0.00512821	0.00703297	0.010696	51.7163	9.96478
52227195	2434	19.3343	1342	1082.55	0.585468	74	0.00542125	0.00703297	0.010696	51.7163	9.96478
52227200	2432	19.0919	1316	1061.57	0.375732	72	0.00527473	0.00703297	0.010696	51.7163	9.96478
52227205	2434	19.3343	1336	1077.71	0.537067	75	0.00549451	0.00703297	0.010696	51.7163	9.96478
52227210	2432	19.0919	1334	1076.09	0.520933	74	0.00542125	0.00703297	0.010696	51.7163	9.96478
52227215	2432	19.0919	1338	1079.32	0.553199	77	0.00564103	0.00703297	0.010696	51.7163	9.96478
52227220	2432	19.0919	1334	1076.09	0.520933	76	0.00556777	0.00703297	0.010696	51.7163	9.96478
52227225	2435	19.4554	1339	1080.13	0.561266	80	0.00586081	0.00703297	0.010696	51.7163	9.96478
52227230	2432	19.0919	1331	1073.67	0.496733	80	0.00586081	0.00703297	0.010696	51.7163	9.96478
52227235	2434	19.3343	1333	1075.29	0.512866	84	0.00586081	0.00615385	0.010696	51.7163	9.96478
52227240	2444	20.546	1339	1080.13	0.561266	126	0.00586081	0.00923077	0.010696	51.7163	9.96478
52227245	2443	20.4249	1336	1077.71	0.537067	130	0.00586081	0.00952381	0.010696	51.7163	9.96478
52227250	2448	21.0308	1337	1078.51	0.545133	132	0.00586081	0.00967033	0.010696	51.7163	9.96478
52227255	2447	20.9096	1339	1080.13	0.561266	132	0.00586081	0.00967033	0.010696	51.7163	9.96478
52227260	2446	20.7884	1333	1075.29	0.512866	131	0.00586081	0.00959707	0.010696	51.7163	9.96478
52227265	2444	20.546	1337	1078.51	0.545133	134	0.00586081	0.00981685	0.010696	51.7163	9.96478
52227270	2447	20.9096	1346	1085.77	0.617733	136	0.00586081	0.00996337	0.010696	51.7163	9.96478
52227275	2444	20.546	1344	1084.16	0.6016	134	0.00586081	0.00981685	0.010696	51.7163	9.96478
52227280	2450	21.2731	1344	1084.16	0.6016	136	0.00586081	0.00996337	0.010696	51.7163	9.96478
52227285	2444	20.546	1342	1082.55	0.585468	138	0.0101099	0.00996337	0.010696	51.7163	9.96478
52227290	2432	19.0919	1339	1080.13	0.561266	92	0.00673993	0.00996337	0.010696	51.7163	9.96478
52227295	2434	19.3343	1336	1077.71	0.537067	93	0.00681319	0.00996337	0.010696	51.7163	9.96478
52227300	2432	19.0919	1343	1083.35	0.593534	94	0.00688645	0.00996337	0.010696	51.7163	9.96478
52227305	2433	19.2131	1327	1070.45	0.464467	94	0.00688645	0.00996337	0.010696	51.7163	9.96478
52227310	2430	18.8496	1340	1080.93	0.569333	95	0.00695971	0.00996337	0.010696	51.7163	9.96478
52227315	2434	19.3343	1331	1073.67	0.496733	96	0.00703297	0.00996337	0.010696	51.7163	9.96478
52227320	2434	19.3343	1331	1073.67	0.496733	98	0.00717949	0.00996337	0.010696	51.7163	9.96478
52227325	2436	19.5766	1338	1079.32	0.553199	101	0.00739927	0.00996337	0.010696	51.7163	9.96478
52227330	2434	19.3343	1342	1082.55	0.585468	98	0.00717949	0.00996337	0.010696	51.7163	9.96478
52227335	2435	19.4554	1335	1076.9	0.529	103	0.00717949	0.00996337	0.00754579	51.7163	9.96478
52227340	2462	22.7276	1327	1070.45	0.464467	188	0.00717949	0.00996337	0.0137729	51.7163	9.96478
52227345	2466	23.2124	1344	1084.16	0.6016	190	0.00717949	0.00996337	0.0139194	51.7163	9.96478
52227350	2464	22.97	1339	1080.13	0.561266	190	0.00717949	0.00996337	0.0139194	51.7163	9.96478
52227355	2467	23.3336	1342	1082.55	0.585468	192	0.00717949	0.00996337	0.0140659	51.7163	9.96478
52227360	2462	22.7276	1339	1080.13	0.561266	192	0.00717949	0.00996337	0.0140659	51.7163	9.96478
52227365	2462	22.7276	1340	1080.93	0.569333	197	0.00717949	0.00996337	0.0144322	51.7163	9.96478
52227370	2464	22.97	1317	1062.38	0.3838	198	0.00717949	0.00996337	0.0145055	51.7163	9.96478
52227375	2462	22.7276	1334	1076.09	0.520933	201	0.00717949	0.00996337	0.0147253	51.7163	9.96478
52227380	2467	23.3336	1339	1080.13	0.561266	197	0.00717949	0.00996337	0.0144322	51.7163	9.96478
52227385	2461	22.6063	1331	1073.67	0.496733	199	0.00717949	0.00996337	0.0145788	51.7163	9.96478
52227390	2464	22.97	1330	1072.87	0.488667	197	0.00717949	0.00996337	0.0144322	51.7163	9.96478
52227395	2461	22.6063	1335	1076.9	0.529	200	0.00717949	0.00996337	0.014652	51.7163	9.96478
52227400	2460	22.4851	1334	1076.09	0.520933	202	0.00717949	0.00996337	0.0147985	51.7163	9.96478
52227405	2465	23.0912	1324	1068.03	0.440267	200	0.00717949	0.00996337	0.014652	51.7163	9.96478
52227410	2464	22.97	1338	1079.32	0.553199	206	0.0150916	0.00996337	0.014652	51.7163	9.96478
52227415	2436	19.5766	1328	1071.25	0.472533	120	0.00879121	0.00996337	0.014652	51.7163	9.96478
52227420	2430	18.8496	1331	1073.67	0.496733	122	0.00893773	0.00996337	0.014652	51.7163	9.96478
52227425	2435	19.4554	1331	1073.67	0.496733	116	0.00849817	0.00996337	0.014652	51.7163	9.96478
52227430	2434	19.3343	1344	1084.16	0.6016	123	0.00901099	0.00996337	0.014652	51.7163	9.96478
52227435	2433	19.2131	1326	1069.64	0.4564	124	0.00908425	0.00996337	0.014652	51.7163	9.96478
52227440	2431	18.9708	1336	1077.71	0.537067	123	0.00901099	0.00996337	0.014652	51.7163	9.96478
52227445	2433	19.2131	1339	1080.13	0.561266	123	0.00901099	0.00996337	0.014652	51.7163	9.96478
52227450	2432	19.0919	1328	1071.25	0.472533	127	0.00930403	0.00996337	0.014652	51.7163	9.96478
52227455	2429	18.7284	1330	1072.87	0.488667	128	0.00937729	0.00996337	0.014652	51.7163	9.96478
52227460	2430	18.8496	1340	1080.93	0.569333	129	0.00937729	0.00945055	0.014652	51.7163	9.96478
52227465	2446	20.7884	1332	1074.48	0.5048	177	0.00937729	0.012967	0.014652	51.7163	9.96478
52227470	2448	21.0308	1338	1079.32	0.553199	182	0.00937729	0.0133333	0.014652	51.7163	9.96478
52227475	2447	20.9096	1335	1076.9	0.529	178	0.00937729	0.0130403	0.014652	51.7163	9.96478
52227480	2444	20.546	1336	1077.71	0.537067	182	0.00937729	0.0133333	0.014652	51.7163	9.96478
52227485	2443	20.4249	1340	1080.93	0.569333	182	0.00937729	0.0133333	0.014652	51.7163	9.96478
52227490	2446	20.7884	1340	1080.93	0.569333	186	0.00937729	0.0136264	0.014652	51.7163	9.96478
52227495	2446	20.7884	1333	1075.29	0.512866	186	0.00937729	0.0136264	0.014652	51.7163	9.96478
52227500	2448	21.0308	1326	1069.64	0.4564	187	0.00937729	0.0136996	0.014652	51.7163	9.96478
52227505	2448	21.0308	1336	1077.71	0.537067	187	0.00937729	0.0136996	0.014652	51.7163	9.96478
52227510	2447	20.9096	1336	1077.71	0.537067	188	0.0137729	0.0136996	0.014652	51.7163	9.96478
52227515	2433	19.2131	1337	1078.51	0.545133	147	0.0107692	0.0136996	0.014652	51.7163	9.96478
52227520	2433	19.2131	1336	1077.71	0.537067	143	0.0104762	0.0136996	0.014652	51.7163	9.96478
52227525	2434	19.3343	1327	1070.45	0.464467	144	0.0105495	0.0136996	0.014652	51.7163	9.96478
52227530	2435	19.4554	1333	1075.29	0.512866	145	0.0106227	0.0136996	0.014652	51.7163	9.96478
52227535	2432	19.0919	1338	1079.32	0.553199	146	0.010696	0.0136996	0.014652	51.7163	9.96478
52227540	2435	19.4554	1340	1080.93	0.569333	145	0.0106227	0.0136996	0.014652	51.7163	9.96478
52227545	2435	19.4554	1326	1069.64	0.4564	146	0.010696	0.0136996	0.014652	51.7163	9.96478
52227550	2438	19.8189	1337	1078.51	0.545133	147	0.0107692	0.0136996	0.014652	51.7163	9.96478
52227555	2433	19.2131	1332	1074.48	0.5048	141	0.0103297	0.0136996	0.014652	51.7163	9.96478
52227560	2436	19.5766	1331	1073.67	0.496733	145	0.0103297	0.0136996	0.0106227	51.7163	9.96478
52227565	2461	22.6063	1332	1074.48	0.5048	232	0.0103297	0.0136996	0.0169963	51.7163	9.96478
52227570	2465	23.0912	1337	1078.51	0.545133	226	0.0103297	0.0136996	0.0165568	51.7163	9.96478
52227575	2464	22.97	1326	1069.64	0.4564	226	0.0103297	0.0136996	0.0165568	51.7163	9.96478
52227580	2464	22.97	1337	1078.51	0.545133	228	0.0103297	0.0136996	0.0167033	51.7163	9.96478
52227585	2462	22.7276	1338	1079.32	0.553199	226	0.0103297	0.0136996	0.0165568	51.7163	9.96478
52227590	2461	22.6063	1333	1075.29	0.512866	226	0.0103297	0.0136996	0.0165568	51.7163	9.96478
52227595	2461	22.6063	1336	1077.71	0.537067	226	0.0103297	0.0136996	0.0165568	51.7163	9.96478
52227600	2464	22.97	1338	1079.32	0.553199	228	0.0103297	0.0136996	0.0167033	51.7163	9.96478
52227605	2464	22.97	1333	1075.29	0.512866	230	0.0103297	0.0136996	0.0168498	51.7163	9.96478
52227610	2464	22.97	1339	1080.13	0.561266	230	0.0168498	0.0136996	0.0168498	51.7163	9.96478
52227615	2434	19.3343	1334	1076.09	0.520933	139	0.0101831	0.0136996	0.0168498	51.7163	9.96478
52227620	2433	19.2131	1318	1063.19	0.391866	139	0.0101831	0.0136996	0.0168498	51.7163	9.96478
52227625	2433	19.2131	1335	1076.9	0.529	140	0.0102564	0.0136996	0.0168498	51.7163	9.96478
52227630	2429	18.7284	1342	1082.55	0.585468	142	0.0104029	0.0136996	0.0168498	51.7163	9.96478
52227635	2433	19.2131	1331	1073.67	0.496733	138	0.0101099	0.0136996	0.0168498	51.7163	9.96478
52227640	2434	19.3343	1330	1072.87	0.488667	139	0.0101831	0.0136996	0.0168498	51.7163	9.96478
52227645	2434	19.3343	1337	1078.51	0.545133	137	0.0100366	0.0136996	0.0168498	51.7163	9.96478
52227650	2436	19.5766	1323	1067.22	0.432201	136	0.00996337	0.0136996	0.0168498	51.7163	9.96478
52227655	2432	19.0919	1328	1071.25	0.472533	134	0.00981685	0.0136996	0.0168498	51.7163	9.96478
52227660	2432	19.0919	1339	1080.13	0.561266	138	0.00981685	0.0101099	0.0168498	51.7163	9.96478
52227665	2446	20.7884	1340	1080.93	0.569333	181	0.00981685	0.0132601	0.0168498	51.7163	9.96478
52227670	2449	21.152	1334	1076.09	0.520933	182	0.00981685	0.0133333	0.0168498	51.7163	9.96478
52227675	2448	21.0308	1337	1078.51	0.545133	184	0.00981685	0.0134799	0.0168498	51.7163	9.96478
52227680	2449	21.152	1342	1082.55	0.585468	183	0.00981685	0.0134066	0.0168498	51.7163	9.96478
52227685	2446	20.7884	1331	1073.67	0.496733	180	0.00981685	0.0131868	0.0168498	51.7163	9.96478
52227690	2447	20.9096	1340	1080.93	0.569333	185	0.00981685	0.0135531	0.0168498	51.7163	9.96478
52227695	2442	20.3037	1340	1080.93	0.569333	181	0.00981685	0.0132601	0.0168498	51.7163	9.96478
52227700	2449	21.152	1322	1066.41	0.424133	180	0.00981685	0.0131868	0.0168498	51.7163	9.96478
52227705	2448	21.0308	1330	1072.87	0.488667	179	0.00981685	0.0131136	0.0168498	51.7163	9.96478
52227710	2448	21.0308	1328	1071.25	0.472533	178	0.0130403	0.0131136	0.0168498	51.7163	9.96478
52227715	2438	19.8189	1324	1068.03	0.440267	132	0.00967033	0.0131136	0.0168498	51.7163	9.96478
52227720	2434	19.3343	1336	1077.71	0.537067	132	0.00967033	0.0131136	0.0168498	51.7163	9.96478
52227725	2433	19.2131	1340	1080.93	0.569333	134	0.00981685	0.0131136	0.0168498	51.7163	9.96478
52227730	2436	19.5766	1327	1070.45	0.464467	136	0.00996337	0.0131136	0.0168498	51.7163	9.96478
52227735	2436	19.5766	1335	1076.9	0.529	135	0.00989011	0.0131136	0.0168498	51.7163	9.96478
52227740	2435	19.4554	1339	1080.13	0.561266	139	0.0101831	0.0131136	0.0168498	51.7163	9.96478
52227745	2432	19.0919	1336	1077.71	0.537067	136	0.00996337	0.0131136	0.0168498	51.7163	9.96478
52227750	2434	19.3343	1336	1077.71	0.537067	140	0.0102564	0.0131136	0.0168498	51.7163	9.96478
52227755	2434	19.3343	1338	1079.32	0.553199	142	0.0104029	0.0131136	0.0168498	51.7163	9.96478
52227760	2433	19.2131	1338	1079.32	0.553199	139	0.0104029	0.0131136	0.0101831	51.7163	9.96478
52227765	2464	22.97	1324	1068.03	0.440267	223	0.0104029	0.0131136	0.016337	51.7163	9.96478
52227770	2466	23.2124	1339	1080.13	0.561266	225	0.0104029	0.0131136	0.0164835	51.7163	9.96478
52227775	2460	22.4851	1334	1076.09	0.520933	221	0.0104029	0.0131136	0.0161905	51.7163	9.96478
52227780	2460	22.4851	1328	1071.25	0.472533	224	0.0104029	0.0131136	0.0164103	51.7163	9.96478
52227785	2462	22.7276	1337	1078.51	0.545133	223	0.0104029	0.0131136	0.016337	51.7163	9.96478
52227790	2464	22.97	1320	1064.8	0.408	223	0.0104029	0.0131136	0.016337	51.7163	9.96478
52227795	2459	22.3639	1334	1076.09	0.520933	228	0.0104029	0.0131136	0.0167033	51.7163	9.96478
52227800	2461	22.6063	1340	1080.93	0.569333	227	0.0104029	0.0131136	0.01663	51.7163	9.96478
52227805	2457	22.1215	1344	1084.16	0.6016	228	0.0104029	0.0131136	0.0167033	51.7163	9.96478
52227810	2464	22.97	1338	1079.32	0.553199	227	0.01663	0.0131136	0.0167033	51.7163	9.96478
52227815	2434	19.3343	1338	1079.32	0.553199	142	0.0104029	0.0131136	0.0167033	51.7163	9.96478
52227820	2434	19.3343	1331	1073.67	0.496733	143	0.0104762	0.0131136	0.0167033	51.7163	9.96478
