#Temperatur		Druck		Absorbtion	ohne LED	Blau	IR		Echolot		Messpunkte: 100/s	LEDZeit: 2/s
2439	25.104	1276	1029.06	4095	0.299927	0.299927	0.299927	0	0.040553
2443	25.5879	1274	1027.44	4095	0.299927	0.299927	0.299927	0	0.024425
2441	25.3459	1281	1033.09	4095	0.299927	0.299927	0.299927	0	0.0808765
2437	24.8621	1274	1027.44	4095	0.299927	0.299927	0.299927	0	0.024425
2439	25.104	1281	1033.09	4095	0.299927	0.299927	0.299927	0	0.0808765
2441	25.3459	1277	1029.86	4095	0.299927	0.299927	0.299927	0	0.0486182
2439	25.104	1276	1029.06	4095	0.299927	0.299927	0.299927	0	0.040553
2439	25.104	1275	1028.25	4095	0.299927	0.299927	0.299927	0	0.032489
2437	24.8621	1273	1026.64	4095	0.299927	0.299927	0.299927	0	0.0163599
2438	24.9831	1268	1022.6	4095	0.299927	0.299927	0.299927	0	-0.0239642
2436	24.7411	1282	1033.89	4095	0.299927	0.299927	0.299927	0	0.0889416
2437	24.8621	1274	1027.44	4095	0.299927	0.299927	0.299927	0	0.024425
2436	24.7411	1263	1018.57	4095	0.299927	0.299927	0.299927	0	-0.0642877
2439	25.104	1275	1028.25	4095	0.299927	0.299927	0.299927	0	0.032489
2438	24.9831	1278	1030.67	4095	0.299927	0.299927	0.299927	0	0.0566834
2440	25.225	1272	1025.83	4095	0.299927	0.299927	0.299927	0	0.00829468
2440	25.225	1273	1026.64	4095	0.299927	0.299927	0.299927	0	0.0163599
2440	25.225	1270	1024.22	4095	0.299927	0.299927	0.299927	0	-0.00783447
2439	25.104	1265	1020.18	4095	0.299927	0.299927	0.299927	0	-0.048158
2439	25.104	1277	1029.86	4095	0.299927	0.299927	0.299927	0	0.0486182
2441	25.3459	1285	1036.31	4095	0.299927	0.299927	0.299927	0	0.113136
2444	25.7088	1271	1025.02	4095	0.299927	0.299927	0.299927	0	0.000229492
2440	25.225	1277	1029.86	4095	0.299927	0.299927	0.299927	0	0.0486182
2441	25.3459	1269	1023.41	4095	0.299927	0.299927	0.299927	0	-0.0158984
2438	24.9831	1281	1033.09	4095	0.299927	0.299927	0.299927	0	0.0808765
2438	24.9831	1282	1033.89	4095	0.299927	0.299927	0.299927	0	0.0889416
2438	24.9831	1285	1036.31	4095	0.299927	0.299927	0.299927	0	0.113136
2439	25.104	1273	1026.64	4095	0.299927	0.299927	0.299927	0	0.0163599
2440	25.225	1273	1026.64	4095	0.299927	0.299927	0.299927	0	0.0163599
2440	25.225	1284	1035.51	4095	0.299927	0.299927	0.299927	0	0.105072
2434	24.4992	1281	1033.09	4095	0.299927	0.299927	0.299927	0	0.0808765
2437	24.8621	1269	1023.41	4095	0.299927	0.299927	0.299927	0	-0.0158984
2436	24.7411	1280	1032.28	4095	0.299927	0.299927	0.299927	0	0.0728125
2438	24.9831	1284	1035.51	4095	0.299927	0.299927	0.299927	0	0.105072
2436	24.7411	1273	1026.64	4095	0.299927	0.299927	0.299927	0	0.0163599
2437	24.8621	1276	1029.06	4095	0.299927	0.299927	0.299927	0	0.040553
2436	24.7411	1276	1029.06	4095	0.299927	0.299927	0.299927	0	0.040553
2435	24.6202	1263	1018.57	4095	0.299927	0.299927	0.299927	0	-0.0642877
2440	25.225	1275	1028.25	4095	0.299927	0.299927	0.299927	0	0.032489
2437	24.8621	1286	1037.12	4095	0.299927	0.299927	0.299927	0	0.1212
2438	24.9831	1285	1036.31	4095	0.299927	0.299927	0.299927	0	0.113136
2438	24.9831	1276	1029.06	4095	0.299927	0.299927	0.299927	0	0.040553
2434	24.4992	1276	1029.06	4095	0.299927	0.299927	0.299927	0	0.040553
2438	24.9831	1279	1031.47	4095	0.299927	0.299927	0.299927	0	0.0647485
2434	24.4992	1280	1032.28	4095	0.299927	0.299927	0.299927	0	0.0728125
2436	24.7411	1282	1033.89	4095	0.299927	0.299927	0.299927	0	0.0889416
2435	24.6202	1282	1033.89	4095	0.299927	0.299927	0.299927	0	0.0889416
2439	25.104	1272	1025.83	4095	0.299927	0.299927	0.299927	0	0.00829468
2438	24.9831	1283	1034.7	4095	0.299927	0.299927	0.299927	0	0.0970068
2440	25.225	1274	1027.44	4095	0.299927	0.299927	0.299927	0	0.024425
2438	24.9831	1275	1028.25	4095	0.299927	0.299927	0.299927	0	0.032489
2437	24.8621	1272	1025.83	4095	0.299927	0.299927	0.299927	0	0.00829468
2438	24.9831	1269	1023.41	4095	0.299927	0.299927	0.299927	0	-0.0158984
2436	24.7411	1260	1016.15	4095	0.299927	0.299927	0.299927	0	-0.0884814
2436	24.7411	1262	1017.76	4095	0.299927	0.299927	0.299927	0	-0.0723517
2436	24.7411	1278	1030.67	4095	0.299927	0.299927	0.299927	0	0.0566834
2438	24.9831	1272	1025.83	4095	0.299927	0.299927	0.299927	0	0.00829468
2438	24.9831	1278	1030.67	4095	0.299927	0.299927	0.299927	0	0.0566834
2436	24.7411	1266	1020.99	4095	0.299927	0.299927	0.299927	0	-0.040094
2440	25.225	1272	1025.83	4095	0.299927	0.299927	0.299927	0	0.00829468
2440	25.225	1281	1033.09	4095	0.299927	0.299927	0.299927	0	0.0808765
2439	25.104	1276	1029.06	4095	0.299927	0.299927	0.299927	0	0.040553
2438	24.9831	1276	1029.06	4095	0.299927	0.299927	0.299927	0	0.040553
2439	25.104	1269	1023.41	4095	0.299927	0.299927	0.299927	0	-0.0158984
2440	25.225	1271	1025.02	4095	0.299927	0.299927	0.299927	0	0.000229492
2439	25.104	1288	1038.73	4095	0.299927	0.299927	0.299927	0	0.13733
2437	24.8621	1276	1029.06	4095	0.299927	0.299927	0.299927	0	0.040553
2436	24.7411	1281	1033.09	4095	0.299927	0.299927	0.299927	0	0.0808765
2436	24.7411	1281	1033.09	4095	0.299927	0.299927	0.299927	0	0.0808765
2438	24.9831	1280	1032.28	4095	0.299927	0.299927	0.299927	0	0.0728125
2435	24.6202	1280	1032.28	4095	0.299927	0.299927	0.299927	0	0.0728125
2435	24.6202	1277	1029.86	4095	0.299927	0.299927	0.299927	0	0.0486182
2435	24.6202	1279	1031.47	4095	0.299927	0.299927	0.299927	0	0.0647485
2437	24.8621	1275	1028.25	4095	0.299927	0.299927	0.299927	0	0.032489
2436	24.7411	1276	1029.06	4095	0.299927	0.299927	0.299927	0	0.040553
2437	24.8621	1274	1027.44	4095	0.299927	0.299927	0.299927	0	0.024425
2433	24.3783	1284	1035.51	4095	0.299927	0.299927	0.299927	0	0.105072
2438	24.9831	1276	1029.06	4095	0.299927	0.299927	0.299927	0	0.040553
2435	24.6202	1283	1034.7	4095	0.299927	0.299927	0.299927	0	0.0970068
2436	24.7411	1266	1020.99	4095	0.299927	0.299927	0.299927	0	-0.040094
2436	24.7411	1281	1033.09	4095	0.299927	0.299927	0.299927	0	0.0808765
2441	25.3459	1274	1027.44	4095	0.299927	0.299927	0.299927	0	0.024425
2437	24.8621	1259	1015.35	4095	0.299927	0.299927	0.299927	0	-0.0965454
2439	25.104	1280	1032.28	4095	0.299927	0.299927	0.299927	0	0.0728125
2439	25.104	1270	1024.22	4095	0.299927	0.299927	0.299927	0	-0.00783447
2438	24.9831	1285	1036.31	4095	0.299927	0.299927	0.299927	0	0.113136
2440	25.225	1276	1029.06	4095	0.299927	0.299927	0.299927	0	0.040553
2437	24.8621	1280	1032.28	4095	0.299927	0.299927	0.299927	0	0.0728125
2439	25.104	1280	1032.28	4095	0.299927	0.299927	0.299927	0	0.0728125
2437	24.8621	1286	1037.12	4095	0.299927	0.299927	0.299927	0	0.1212
2439	25.104	1281	1033.09	4095	0.299927	0.299927	0.299927	0	0.0808765
2439	25.104	1284	1035.51	4095	0.299927	0.299927	0.299927	0	0.105072
2438	24.9831	1276	1029.06	4095	0.299927	0.299927	0.299927	0	0.040553
2439	25.104	1280	1032.28	4095	0.299927	0.299927	0.299927	0	0.0728125
2436	24.7411	1279	1031.47	4095	0.299927	0.299927	0.299927	0	0.0647485
2439	25.104	1274	1027.44	4095	0.299927	0.299927	0.299927	0	0.024425
2436	24.7411	1285	1036.31	4095	0.299927	0.299927	0.299927	0	0.113136
2438	24.9831	1280	1032.28	4095	0.299927	0.299927	0.299927	0	0.0728125
2436	24.7411	1274	1027.44	4095	0.299927	0.299927	0.299927	0	0.024425
2437	24.8621	1274	1027.44	4095	0.299927	0.299927	0.299927	0	0.024425
2437	24.8621	1274	1027.44	4095	0.299927	0.299927	0.299927	0	0.024425
2438	24.9831	1281	1033.09	4095	0.299927	0.299927	0.299927	0	0.0808765
2434	24.4992	1279	1031.47	4095	0.299927	0.299927	0.299927	0	0.0647485
2434	24.4992	1268	1022.6	4095	0.299927	0.299927	0.299927	0	-0.0239642
2437	24.8621	1268	1022.6	4095	0.299927	0.299927	0.299927	0	-0.0239642
2436	24.7411	1280	1032.28	4095	0.299927	0.299927	0.299927	0	0.0728125
2437	24.8621	1274	1027.44	4095	0.299927	0.299927	0.299927	0	0.024425
2438	24.9831	1283	1034.7	4095	0.299927	0.299927	0.299927	0	0.0970068
2434	24.4992	1277	1029.86	4095	0.299927	0.299927	0.299927	0	0.0486182
2437	24.8621	1274	1027.44	4095	0.299927	0.299927	0.299927	0	0.024425
2437	24.8621	1266	1020.99	4095	0.299927	0.299927	0.299927	0	-0.040094
2435	24.6202	1281	1033.09	4095	0.299927	0.299927	0.299927	0	0.0808765
2437	24.8621	1283	1034.7	4095	0.299927	0.299927	0.299927	0	0.0970068
2436	24.7411	1278	1030.67	4095	0.299927	0.299927	0.299927	0	0.0566834
2439	25.104	1274	1027.44	4095	0.299927	0.299927	0.299927	0	0.024425
2436	24.7411	1270	1024.22	4095	0.299927	0.299927	0.299927	0	-0.00783447
2438	24.9831	1264	1019.38	4095	0.299927	0.299927	0.299927	0	-0.0562219
2437	24.8621	1278	1030.67	4095	0.299927	0.299927	0.299927	0	0.0566834
2438	24.9831	1270	1024.22	4095	0.299927	0.299927	0.299927	0	-0.00783447
2438	24.9831	1271	1025.02	4095	0.299927	0.299927	0.299927	0	0.000229492
2436	24.7411	1272	1025.83	4095	0.299927	0.299927	0.299927	0	0.00829468
2437	24.8621	1270	1024.22	4095	0.299927	0.299927	0.299927	0	-0.00783447
2435	24.6202	1275	1028.25	4095	0.299927	0.299927	0.299927	0	0.032489
2435	24.6202	1280	1032.28	4095	0.299927	0.299927	0.299927	0	0.0728125
2438	24.9831	1268	1022.6	4095	0.299927	0.299927	0.299927	0	-0.0239642
2438	24.9831	1278	1030.67	4095	0.299927	0.299927	0.299927	0	0.0566834
2438	24.9831	1274	1027.44	4095	0.299927	0.299927	0.299927	0	0.024425
2435	24.6202	1274	1027.44	4095	0.299927	0.299927	0.299927	0	0.024425
2434	24.4992	1280	1032.28	4095	0.299927	0.299927	0.299927	0	0.0728125
2435	24.6202	1276	1029.06	4095	0.299927	0.299927	0.299927	0	0.040553
2433	24.3783	1275	1028.25	4095	0.299927	0.299927	0.299927	0	0.032489
2434	24.4992	1277	1029.86	4095	0.299927	0.299927	0.299927	0	0.0486182
2435	24.6202	1284	1035.51	4095	0.299927	0.299927	0.299927	0	0.105072
2435	24.6202	1263	1018.57	4095	0.299927	0.299927	0.299927	0	-0.0642877
2434	24.4992	1268	1022.6	4095	0.299927	0.299927	0.299927	0	-0.0239642
2437	24.8621	1273	1026.64	4095	0.299927	0.299927	0.299927	0	0.0163599
2437	24.8621	1280	1032.28	4095	0.299927	0.299927	0.299927	0	0.0728125
2435	24.6202	1272	1025.83	4095	0.299927	0.299927	0.299927	0	0.00829468
2434	24.4992	1280	1032.28	4095	0.299927	0.299927	0.299927	0	0.0728125
2433	24.3783	1278	1030.67	4095	0.299927	0.299927	0.299927	0	0.0566834
2436	24.7411	1284	1035.51	4095	0.299927	0.299927	0.299927	0	0.105072
2437	24.8621	1262	1017.76	4095	0.299927	0.299927	0.299927	0	-0.0723517
2436	24.7411	1280	1032.28	4095	0.299927	0.299927	0.299927	0	0.0728125
2438	24.9831	1277	1029.86	4095	0.299927	0.299927	0.299927	0	0.0486182
2440	25.225	1280	1032.28	4095	0.299927	0.299927	0.299927	0	0.0728125
2436	24.7411	1270	1024.22	4095	0.299927	0.299927	0.299927	0	-0.00783447
2438	24.9831	1264	1019.38	4095	0.299927	0.299927	0.299927	0	-0.0562219
2438	24.9831	1265	1020.18	4095	0.299927	0.299927	0.299927	0	-0.048158
2438	24.9831	1271	1025.02	4095	0.299927	0.299927	0.299927	0	0.000229492
2438	24.9831	1277	1029.86	4095	0.299927	0.299927	0.299927	0	0.0486182
2439	25.104	1258	1014.54	4095	0.299927	0.299927	0.299927	0	-0.104611
2438	24.9831	1274	1027.44	4095	0.299927	0.299927	0.299927	0	0.024425
2436	24.7411	1273	1026.64	4095	0.299927	0.299927	0.299927	0	0.0163599
2437	24.8621	1286	1037.12	4095	0.299927	0.299927	0.299927	0	0.1212
2440	25.225	1270	1024.22	4095	0.299927	0.299927	0.299927	0	-0.00783447
2439	25.104	1278	1030.67	4095	0.299927	0.299927	0.299927	0	0.0566834
2437	24.8621	1274	1027.44	4095	0.299927	0.299927	0.299927	0	0.024425
2438	24.9831	1270	1024.22	4095	0.299927	0.299927	0.299927	0	-0.00783447
2436	24.7411	1277	1029.86	4095	0.299927	0.299927	0.299927	0	0.0486182
2435	24.6202	1272	1025.83	4095	0.299927	0.299927	0.299927	0	0.00829468
2438	24.9831	1270	1024.22	4095	0.299927	0.299927	0.299927	0	-0.00783447
2434	24.4992	1280	1032.28	4095	0.299927	0.299927	0.299927	0	0.0728125
2434	24.4992	1281	1033.09	4095	0.299927	0.299927	0.299927	0	0.0808765
2433	24.3783	1261	1016.96	4095	0.299927	0.299927	0.299927	0	-0.0804175
2432	24.2573	1273	1026.64	4095	0.299927	0.299927	0.299927	0	0.0163599
2434	24.4992	1250	1008.09	4095	0.299927	0.299927	0.299927	0	-0.169128
2434	24.4992	1279	1031.47	4095	0.299927	0.299927	0.299927	0	0.0647485
2435	24.6202	1273	1026.64	4095	0.299927	0.299927	0.299927	0	0.0163599
2435	24.6202	1273	1026.64	4095	0.299927	0.299927	0.299927	0	0.0163599
2434	24.4992	1265	1020.18	4095	0.299927	0.299927	0.299927	0	-0.048158
2434	24.4992	1272	1025.83	4095	0.299927	0.299927	0.299927	0	0.00829468
2438	24.9831	1281	1033.09	4095	0.299927	0.299927	0.299927	0	0.0808765
2434	24.4992	1270	1024.22	4095	0.299927	0.299927	0.299927	0	-0.00783447
2435	24.6202	1281	1033.09	4095	0.299927	0.299927	0.299927	0	0.0808765
2434	24.4992	1276	1029.06	4095	0.299927	0.299927	0.299927	0	0.040553
2437	24.8621	1277	1029.86	4095	0.299927	0.299927	0.299927	0	0.0486182
2439	25.104	1269	1023.41	4095	0.299927	0.299927	0.299927	0	-0.0158984
2437	24.8621	1280	1032.28	4095	0.299927	0.299927	0.299927	0	0.0728125
2437	24.8621	1276	1029.06	4095	0.299927	0.299927	0.299927	0	0.040553
2434	24.4992	1276	1029.06	4095	0.299927	0.299927	0.299927	0	0.040553
2437	24.8621	1277	1029.86	4095	0.299927	0.299927	0.299927	0	0.0486182
2437	24.8621	1269	1023.41	4095	0.299927	0.299927	0.299927	0	-0.0158984
2437	24.8621	1259	1015.35	4095	0.299927	0.299927	0.299927	0	-0.0965454
2438	24.9831	1278	1030.67	4095	0.299927	0.299927	0.299927	0	0.0566834
2437	24.8621	1274	1027.44	4095	0.299927	0.299927	0.299927	0	0.024425
2436	24.7411	1274	1027.44	4095	0.299927	0.299927	0.299927	0	0.024425
2435	24.6202	1277	1029.86	4095	0.299927	0.299927	0.299927	0	0.0486182
2436	24.7411	1270	1024.22	4095	0.299927	0.299927	0.299927	0	-0.00783447
2437	24.8621	1285	1036.31	4095	0.299927	0.299927	0.299927	0	0.113136
2433	24.3783	1279	1031.47	4095	0.299927	0.299927	0.299927	0	0.0647485
2431	24.1364	1273	1026.64	4095	0.299927	0.299927	0.299927	0	0.0163599
2433	24.3783	1285	1036.31	4095	0.299927	0.299927	0.299927	0	0.113136
2434	24.4992	1282	1033.89	4095	0.299927	0.299927	0.299927	0	0.0889416
2433	24.3783	1277	1029.86	4095	0.299927	0.299927	0.299927	0	0.0486182
2432	24.2573	1275	1028.25	4095	0.299927	0.299927	0.299927	0	0.032489
2434	24.4992	1278	1030.67	4095	0.299927	0.299927	0.299927	0	0.0566834
2432	24.2573	1262	1017.76	4095	0.299927	0.299927	0.299927	0	-0.0723517
2435	24.6202	1281	1033.09	4095	0.299927	0.299927	0.299927	0	0.0808765
2433	24.3783	1272	1025.83	4095	0.299927	0.299927	0.299927	0	0.00829468
2433	24.3783	1273	1026.64	4095	0.299927	0.299927	0.299927	0	0.0163599
2434	24.4992	1282	1033.89	4095	0.299927	0.299927	0.299927	0	0.0889416
2434	24.4992	1259	1015.35	4095	0.299927	0.299927	0.299927	0	-0.0965454
2433	24.3783	1274	1027.44	4095	0.299927	0.299927	0.299927	0	0.024425
2435	24.6202	1276	1029.06	4095	0.299927	0.299927	0.299927	0	0.040553
2437	24.8621	1272	1025.83	4095	0.299927	0.299927	0.299927	0	0.00829468
2437	24.8621	1280	1032.28	4095	0.299927	0.299927	0.299927	0	0.0728125
2434	24.4992	1274	1027.44	4095	0.299927	0.299927	0.299927	0	0.024425
2435	24.6202	1278	1030.67	4095	0.299927	0.299927	0.299927	0	0.0566834
2437	24.8621	1281	1033.09	4095	0.299927	0.299927	0.299927	0	0.0808765
2434	24.4992	1275	1028.25	4095	0.299927	0.299927	0.299927	0	0.032489
2436	24.7411	1269	1023.41	4095	0.299927	0.299927	0.299927	0	-0.0158984
2436	24.7411	1280	1032.28	4095	0.299927	0.299927	0.299927	0	0.0728125
2437	24.8621	1278	1030.67	4095	0.299927	0.299927	0.299927	0	0.0566834
2435	24.6202	1276	1029.06	4095	0.299927	0.299927	0.299927	0	0.040553
2433	24.3783	1273	1026.64	4095	0.299927	0.299927	0.299927	0	0.0163599
2435	24.6202	1282	1033.89	4095	0.299927	0.299927	0.299927	0	0.0889416
2434	24.4992	1287	1037.93	4095	0.299927	0.299927	0.299927	0	0.129265
2436	24.7411	1280	1032.28	4095	0.299927	0.299927	0.299927	0	0.0728125
2434	24.4992	1251	1008.89	4095	0.299927	0.299927	0.299927	0	-0.161064
2435	24.6202	1278	1030.67	4095	0.299927	0.299927	0.299927	0	0.0566834
2435	24.6202	1277	1029.86	4095	0.299927	0.299927	0.299927	0	0.0486182
2432	24.2573	1272	1025.83	4095	0.299927	0.299927	0.299927	0	0.00829468
2434	24.4992	1288	1038.73	4095	0.299927	0.299927	0.299927	0	0.13733
2434	24.4992	1285	1036.31	4095	0.299927	0.299927	0.299927	0	0.113136
2434	24.4992	1277	1029.86	4095	0.299927	0.299927	0.299927	0	0.0486182
2430	24.0154	1279	1031.47	4095	0.299927	0.299927	0.299927	0	0.0647485
2431	24.1364	1273	1026.64	4095	0.299927	0.299927	0.299927	0	0.0163599
2430	24.0154	1282	1033.89	4095	0.299927	0.299927	0.299927	0	0.0889416
2433	24.3783	1278	1030.67	4095	0.299927	0.299927	0.299927	0	0.0566834
2433	24.3783	1274	1027.44	4095	0.299927	0.299927	0.299927	0	0.024425
2431	24.1364	1251	1008.89	4095	0.299927	0.299927	0.299927	0	-0.161064
2433	24.3783	1278	1030.67	4095	0.299927	0.299927	0.299927	0	0.0566834
2432	24.2573	1280	1032.28	4095	0.299927	0.299927	0.299927	0	0.0728125
2433	24.3783	1271	1025.02	4095	0.299927	0.299927	0.299927	0	0.000229492
2434	24.4992	1274	1027.44	4095	0.299927	0.299927	0.299927	0	0.024425
2435	24.6202	1276	1029.06	4095	0.299927	0.299927	0.299927	0	0.040553
2434	24.4992	1278	1030.67	4095	0.299927	0.299927	0.299927	0	0.0566834
2434	24.4992	1283	1034.7	4095	0.299927	0.299927	0.299927	0	0.0970068
2432	24.2573	1275	1028.25	4095	0.299927	0.299927	0.299927	0	0.032489
2434	24.4992	1276	1029.06	4095	0.299927	0.299927	0.299927	0	0.040553
2435	24.6202	1274	1027.44	4095	0.299927	0.299927	0.299927	0	0.024425
2437	24.8621	1271	1025.02	4095	0.299927	0.299927	0.299927	0	0.000229492
2436	24.7411	1278	1030.67	4095	0.299927	0.299927	0.299927	0	0.0566834
2434	24.4992	1280	1032.28	4095	0.299927	0.299927	0.299927	0	0.0728125
2435	24.6202	1276	1029.06	4095	0.299927	0.299927	0.299927	0	0.040553
2438	24.9831	1275	1028.25	4095	0.299927	0.299927	0.299927	0	0.032489
2435	24.6202	1275	1028.25	4095	0.299927	0.299927	0.299927	0	0.032489
2438	24.9831	1278	1030.67	4095	0.299927	0.299927	0.299927	0	0.0566834
2437	24.8621	1272	1025.83	4095	0.299927	0.299927	0.299927	0	0.00829468
2435	24.6202	1279	1031.47	4095	0.299927	0.299927	0.299927	0	0.0647485
2437	24.8621	1265	1020.18	4095	0.299927	0.299927	0.299927	0	-0.048158
2436	24.7411	1280	1032.28	4095	0.299927	0.299927	0.299927	0	0.0728125
2435	24.6202	1259	1015.35	4095	0.299927	0.299927	0.299927	0	-0.0965454
2433	24.3783	1306	1053.25	4095	0.299927	0.299927	0.299927	0	0.282494
2434	24.4992	1285	1036.31	4095	0.299927	0.299927	0.299927	0	0.113136
2436	24.7411	1278	1030.67	4095	0.299927	0.299927	0.299927	0	0.0566834
2434	24.4992	1274	1027.44	4095	0.299927	0.299927	0.299927	0	0.024425
2434	24.4992	1275	1028.25	4095	0.299927	0.299927	0.299927	0	0.032489
2434	24.4992	1270	1024.22	4095	0.299927	0.299927	0.299927	0	-0.00783447
2432	24.2573	1276	1029.06	4095	0.299927	0.299927	0.299927	0	0.040553
2435	24.6202	1275	1028.25	4095	0.299927	0.299927	0.299927	0	0.032489
2432	24.2573	1274	1027.44	4095	0.299927	0.299927	0.299927	0	0.024425
2433	24.3783	1280	1032.28	4095	0.299927	0.299927	0.299927	0	0.0728125
2437	24.8621	1274	1027.44	4095	0.299927	0.299927	0.299927	0	0.024425
2432	24.2573	1281	1033.09	4095	0.299927	0.299927	0.299927	0	0.0808765
2430	24.0154	1273	1026.64	4095	0.299927	0.299927	0.299927	0	0.0163599
2432	24.2573	1279	1031.47	4095	0.299927	0.299927	0.299927	0	0.0647485
2436	24.7411	1270	1024.22	4095	0.299927	0.299927	0.299927	0	-0.00783447
2436	24.7411	1276	1029.06	4095	0.299927	0.299927	0.299927	0	0.040553
2433	24.3783	1275	1028.25	4095	0.299927	0.299927	0.299927	0	0.032489
2434	24.4992	1280	1032.28	4095	0.299927	0.299927	0.299927	0	0.0728125
2434	24.4992	1282	1033.89	4095	0.299927	0.299927	0.299927	0	0.0889416
2432	24.2573	1267	1021.8	4095	0.299927	0.299927	0.299927	0	-0.0320282
2433	24.3783	1270	1024.22	4095	0.299927	0.299927	0.299927	0	-0.00783447
2434	24.4992	1274	1027.44	4095	0.299927	0.299927	0.299927	0	0.024425
2436	24.7411	1278	1030.67	4095	0.299927	0.299927	0.299927	0	0.0566834
2437	24.8621	1277	1029.86	4095	0.299927	0.299927	0.299927	0	0.0486182
2435	24.6202	1265	1020.18	4095	0.299927	0.299927	0.299927	0	-0.048158
2436	24.7411	1278	1030.67	4095	0.299927	0.299927	0.299927	0	0.0566834
2436	24.7411	1280	1032.28	4095	0.299927	0.299927	0.299927	0	0.0728125
2435	24.6202	1280	1032.28	4095	0.299927	0.299927	0.299927	0	0.0728125
2435	24.6202	1271	1025.02	4095	0.299927	0.299927	0.299927	0	0.000229492
2437	24.8621	1306	1053.25	4095	0.299927	0.299927	0.299927	0	0.282494
2437	24.8621	1268	1022.6	4095	0.299927	0.299927	0.299927	0	-0.0239642
2436	24.7411	1274	1027.44	4095	0.299927	0.299927	0.299927	0	0.024425
2436	24.7411	1273	1026.64	4095	0.299927	0.299927	0.299927	0	0.0163599
2436	24.7411	1265	1020.18	4095	0.299927	0.299927	0.299927	0	-0.048158
2435	24.6202	1274	1027.44	4095	0.299927	0.299927	0.299927	0	0.024425
2432	24.2573	1276	1029.06	4095	0.299927	0.299927	0.299927	0	0.040553
2436	24.7411	1278	1030.67	4095	0.299927	0.299927	0.299927	0	0.0566834
2436	24.7411	1275	1028.25	4095	0.299927	0.299927	0.299927	0	0.032489
2437	24.8621	1270	1024.22	4095	0.299927	0.299927	0.299927	0	-0.00783447
2435	24.6202	1277	1029.86	4095	0.299927	0.299927	0.299927	0	0.0486182
2435	24.6202	1284	1035.51	4095	0.299927	0.299927	0.299927	0	0.105072
2429	23.8945	1274	1027.44	4095	0.299927	0.299927	0.299927	0	0.024425
2434	24.4992	1278	1030.67	4095	0.299927	0.299927	0.299927	0	0.0566834
2431	24.1364	1274	1027.44	4095	0.299927	0.299927	0.299927	0	0.024425
2432	24.2573	1275	1028.25	4095	0.299927	0.299927	0.299927	0	0.032489
2433	24.3783	1278	1030.67	4095	0.299927	0.299927	0.299927	0	0.0566834
2435	24.6202	1258	1014.54	4095	0.299927	0.299927	0.299927	0	-0.104611
2434	24.4992	1270	1024.22	4095	0.299927	0.299927	0.299927	0	-0.00783447
2430	24.0154	1276	1029.06	4095	0.299927	0.299927	0.299927	0	0.040553
2432	24.2573	1276	1029.06	4095	0.299927	0.299927	0.299927	0	0.040553
2432	24.2573	1267	1021.8	4095	0.299927	0.299927	0.299927	0	-0.0320282
2434	24.4992	1273	1026.64	4095	0.299927	0.299927	0.299927	0	0.0163599
2435	24.6202	1275	1028.25	4095	0.299927	0.299927	0.299927	0	0.032489
2430	24.0154	1271	1025.02	4095	0.299927	0.299927	0.299927	0	0.000229492
2433	24.3783	1279	1031.47	4095	0.299927	0.299927	0.299927	0	0.0647485
2437	24.8621	1268	1022.6	4095	0.299927	0.299927	0.299927	0	-0.0239642
2436	24.7411	1260	1016.15	4095	0.299927	0.299927	0.299927	0	-0.0884814
2434	24.4992	1281	1033.09	4095	0.299927	0.299927	0.299927	0	0.0808765
2436	24.7411	1279	1031.47	4095	0.299927	0.299927	0.299927	0	0.0647485
2434	24.4992	1276	1029.06	4095	0.299927	0.299927	0.299927	0	0.040553
2432	24.2573	1278	1030.67	4095	0.299927	0.299927	0.299927	0	0.0566834
2435	24.6202	1274	1027.44	4095	0.299927	0.299927	0.299927	0	0.024425
2436	24.7411	1275	1028.25	4095	0.299927	0.299927	0.299927	0	0.032489
2436	24.7411	1273	1026.64	4095	0.299927	0.299927	0.299927	0	0.0163599
