#Temperatur		Druck		Absorbtion	ohne LED	Blau	IR		Echolot		Messpunkte: 100/s	LEDZeit: 2/s
2442	25.4669	1278	1030.67	457	0.0334717	0	0	0	0.0566834
2444	25.7088	1276	1029.06	459	0.0336182	0	0	0	0.040553
2442	25.4669	1272	1025.83	460	0.0336914	0	0	0	0.00829468
2442	25.4669	1270	1024.22	461	0.0337646	0	0	0	-0.00783447
2442	25.4669	1268	1022.6	461	0.0337646	0	0	0	-0.0239642
2439	25.104	1270	1024.22	458	0.0335449	0	0	0	-0.00783447
2444	25.7088	1276	1029.06	455	0.0333252	0	0	0	0.040553
2440	25.225	1278	1030.67	459	0.0336182	0	0	0	0.0566834
2444	25.7088	1270	1024.22	455	0.0333252	0	0	0	-0.00783447
2438	24.9831	1273	1026.64	457	0.0334717	0	0	0	0.0163599
2441	25.3459	1282	1033.89	453	0.0331787	0	0	0	0.0889416
2443	25.5879	1288	1038.73	457	0.0334717	0	0	0	0.13733
2444	25.7088	1261	1016.96	460	0.0336914	0	0	0	-0.0804175
2444	25.7088	1270	1024.22	461	0.0337646	0	0	0	-0.00783447
2442	25.4669	1278	1030.67	459	0.0336182	0	0	0	0.0566834
2444	25.7088	1272	1025.83	459	0.0336182	0	0	0	0.00829468
2441	25.3459	1272	1025.83	459	0.0336182	0	0	0	0.00829468
2442	25.4669	1273	1026.64	455	0.0333252	0	0	0	0.0163599
2443	25.5879	1270	1024.22	456	0.0333984	0	0	0	-0.00783447
2442	25.4669	1282	1033.89	453	0.0331787	0	0	0	0.0889416
2442	25.4669	1276	1029.06	454	0.033252	0	0	0	0.040553
2440	25.225	1264	1019.38	450	0.032959	0	0	0	-0.0562219
2441	25.3459	1265	1020.18	446	0.032666	0	0	0	-0.048158
2441	25.3459	1281	1033.09	446	0.032666	0	0	0	0.0808765
2441	25.3459	1281	1033.09	448	0.0328125	0	0	0	0.0808765
2446	25.9508	1276	1029.06	446	0.032666	0	0	0	0.040553
2442	25.4669	1270	1024.22	448	0.0328125	0	0	0	-0.00783447
2445	25.8298	1278	1030.67	444	0.0325195	0	0	0	0.0566834
2443	25.5879	1300	1048.41	441	0.0322998	0	0	0	0.234106
2446	25.9508	1275	1028.25	442	0.032373	0	0	0	0.032489
2443	25.5879	1277	1029.86	440	0.0322266	0	0	0	0.0486182
2442	25.4669	1284	1035.51	442	0.032373	0	0	0	0.105072
2443	25.5879	1286	1037.12	436	0.0319336	0	0	0	0.1212
2442	25.4669	1286	1037.12	436	0.0319336	0	0	0	0.1212
2442	25.4669	1278	1030.67	436	0.0319336	0	0	0	0.0566834
2444	25.7088	1271	1025.02	431	0.0315674	0	0	0	0.000229492
2443	25.5879	1273	1026.64	427	0.0312744	0	0	0	0.0163599
2443	25.5879	1279	1031.47	427	0.0312744	0	0	0	0.0647485
2441	25.3459	1286	1037.12	427	0.0312744	0	0	0	0.1212
2442	25.4669	1274	1027.44	425	0.0311279	0	0	0	0.024425
2440	25.225	1276	1029.06	425	0.0311279	0	0	0	0.040553
2444	25.7088	1275	1028.25	425	0.0311279	0	0	0	0.032489
2442	25.4669	1282	1033.89	420	0.0307617	0	0	0	0.0889416
2446	25.9508	1285	1036.31	422	0.0309082	0	0	0	0.113136
2444	25.7088	1274	1027.44	418	0.0306152	0	0	0	0.024425
2441	25.3459	1277	1029.86	414	0.0303223	0	0	0	0.0486182
2441	25.3459	1273	1026.64	413	0.030249	0	0	0	0.0163599
2442	25.4669	1281	1033.09	414	0.0303223	0	0	0	0.0808765
2443	25.5879	1277	1029.86	418	0.0306152	0	0	0	0.0486182
2441	25.3459	1272	1025.83	409	0.0306152	0.0299561	0	0	0.00829468
2442	25.4669	1278	1030.67	407	0.0306152	0.0298096	0	0	0.0566834
2441	25.3459	1275	1028.25	404	0.0306152	0.0295898	0	0	0.032489
2440	25.225	1277	1029.86	404	0.0306152	0.0295898	0	0	0.0486182
2442	25.4669	1277	1029.86	401	0.0306152	0.0293701	0	0	0.0486182
2443	25.5879	1280	1032.28	404	0.0306152	0.0295898	0	0	0.0728125
2440	25.225	1271	1025.02	404	0.0306152	0.0295898	0	0	0.000229492
2444	25.7088	1279	1031.47	409	0.0306152	0.0299561	0	0	0.0647485
2442	25.4669	1280	1032.28	422	0.0306152	0.0309082	0	0	0.0728125
2444	25.7088	1269	1023.41	421	0.0306152	0.030835	0	0	-0.0158984
2441	25.3459	1281	1033.09	424	0.0306152	0.0310547	0	0	0.0808765
2441	25.3459	1288	1038.73	431	0.0306152	0.0315674	0	0	0.13733
2440	25.225	1273	1026.64	426	0.0306152	0.0312012	0	0	0.0163599
2442	25.4669	1284	1035.51	429	0.0306152	0.0314209	0	0	0.105072
2441	25.3459	1276	1029.06	430	0.0306152	0.0314941	0	0	0.040553
2441	25.3459	1280	1032.28	436	0.0306152	0.0319336	0	0	0.0728125
2439	25.104	1276	1029.06	444	0.0306152	0.0325195	0	0	0.040553
2441	25.3459	1273	1026.64	447	0.0306152	0.0327393	0	0	0.0163599
2443	25.5879	1288	1038.73	457	0.0306152	0.0334717	0	0	0.13733
2444	25.7088	1274	1027.44	462	0.0306152	0.0338379	0	0	0.024425
2441	25.3459	1281	1033.09	472	0.0306152	0.0345703	0	0	0.0808765
2443	25.5879	1277	1029.86	483	0.0306152	0.035376	0	0	0.0486182
2442	25.4669	1282	1033.89	491	0.0306152	0.0359619	0	0	0.0889416
2441	25.3459	1260	1016.15	546	0.0306152	0.0399902	0	0	-0.0884814
2444	25.7088	1304	1051.64	560	0.0306152	0.0410156	0	0	0.266366
2442	25.4669	1275	1028.25	561	0.0306152	0.0410889	0	0	0.032489
2442	25.4669	1273	1026.64	565	0.0306152	0.0413818	0	0	0.0163599
2441	25.3459	1272	1025.83	565	0.0306152	0.0413818	0	0	0.00829468
2440	25.225	1272	1025.83	567	0.0306152	0.0415283	0	0	0.00829468
2425	23.4107	1275	1028.25	567	0.0306152	0.0415283	0	0	0.032489
2441	25.3459	1270	1024.22	568	0.0306152	0.0416016	0	0	-0.00783447
2441	25.3459	1280	1032.28	592	0.0306152	0.0433594	0	0	0.0728125
2441	25.3459	1274	1027.44	565	0.0306152	0.0413818	0	0	0.024425
2444	25.7088	1286	1037.12	562	0.0306152	0.0411621	0	0	0.1212
2443	25.5879	1278	1030.67	562	0.0306152	0.0411621	0	0	0.0566834
2445	25.8298	1276	1029.06	561	0.0306152	0.0410889	0	0	0.040553
2443	25.5879	1276	1029.06	554	0.0306152	0.0405762	0	0	0.040553
2440	25.225	1284	1035.51	552	0.0306152	0.0404297	0	0	0.105072
2443	25.5879	1284	1035.51	551	0.0306152	0.0403564	0	0	0.105072
2441	25.3459	1275	1028.25	553	0.0306152	0.0405029	0	0	0.032489
2444	25.7088	1283	1034.7	555	0.0306152	0.0406494	0	0	0.0970068
2443	25.5879	1274	1027.44	555	0.0306152	0.0406494	0	0	0.024425
2441	25.3459	1287	1037.93	561	0.0306152	0.0410889	0	0	0.129265
2440	25.225	1283	1034.7	562	0.0306152	0.0411621	0	0	0.0970068
2439	25.104	1278	1030.67	563	0.0306152	0.0412354	0	0	0.0566834
2441	25.3459	1261	1016.96	566	0.0306152	0.0414551	0	0	-0.0804175
2441	25.3459	1270	1024.22	569	0.0306152	0.0416748	0	0	-0.00783447
2440	25.225	1279	1031.47	573	0.0306152	0.0419678	0	0	0.0647485
2443	25.5879	1260	1016.15	573	0.0306152	0.0419678	0	0	-0.0884814
2444	25.7088	1273	1026.64	577	0.0306152	0.0422607	0	0	0.0163599
2443	25.5879	1274	1027.44	581	0.0306152	0.0425537	0	0	0.024425
2441	25.3459	1280	1032.28	581	0.0306152	0.0425537	0	0	0.0728125
2443	25.5879	1270	1024.22	577	0.0306152	0.0422607	0	0	-0.00783447
2439	25.104	1282	1033.89	574	0.0306152	0.042041	0	0	0.0889416
2442	25.4669	1307	1054.06	569	0.0306152	0.0416748	0	0	0.290559
2443	25.5879	1276	1029.06	562	0.0306152	0.0411621	0	0	0.040553
2442	25.4669	1273	1026.64	554	0.0306152	0.0405762	0	0	0.0163599
2440	25.225	1281	1033.09	549	0.04021	0.0405762	0	0	0.0808765
2440	25.225	1281	1033.09	489	0.0358154	0.0405762	0	0	0.0808765
2438	24.9831	1279	1031.47	484	0.0354492	0.0405762	0	0	0.0647485
2443	25.5879	1281	1033.09	477	0.0349365	0.0405762	0	0	0.0808765
2444	25.7088	1277	1029.86	476	0.0348633	0.0405762	0	0	0.0486182
2445	25.8298	1273	1026.64	472	0.0345703	0.0405762	0	0	0.0163599
2440	25.225	1281	1033.09	468	0.0342773	0.0405762	0	0	0.0808765
2445	25.8298	1280	1032.28	465	0.0340576	0.0405762	0	0	0.0728125
2444	25.7088	1306	1053.25	465	0.0340576	0.0405762	0	0	0.282494
2443	25.5879	1273	1026.64	463	0.0339111	0.0405762	0	0	0.0163599
2441	25.3459	1282	1033.89	462	0.0338379	0.0405762	0	0	0.0889416
2443	25.5879	1280	1032.28	461	0.0337646	0.0405762	0	0	0.0728125
2441	25.3459	1290	1040.35	457	0.0334717	0.0405762	0	0	0.153459
2440	25.225	1282	1033.89	456	0.0333984	0.0405762	0	0	0.0889416
2440	25.225	1275	1028.25	454	0.033252	0.0405762	0	0	0.032489
2443	25.5879	1276	1029.06	447	0.0327393	0.0405762	0	0	0.040553
2438	24.9831	1273	1026.64	446	0.032666	0.0405762	0	0	0.0163599
2442	25.4669	1282	1033.89	448	0.0328125	0.0405762	0	0	0.0889416
2440	25.225	1272	1025.83	448	0.0328125	0.0405762	0	0	0.00829468
2440	25.225	1273	1026.64	442	0.032373	0.0405762	0	0	0.0163599
2443	25.5879	1282	1033.89	443	0.0324463	0.0405762	0	0	0.0889416
2443	25.5879	1268	1022.6	443	0.0324463	0.0405762	0	0	-0.0239642
2442	25.4669	1282	1033.89	441	0.0322998	0.0405762	0	0	0.0889416
2445	25.8298	1274	1027.44	443	0.0324463	0.0405762	0	0	0.024425
2444	25.7088	1280	1032.28	442	0.032373	0.0405762	0	0	0.0728125
2442	25.4669	1272	1025.83	439	0.0321533	0.0405762	0	0	0.00829468
2443	25.5879	1274	1027.44	444	0.0325195	0.0405762	0	0	0.024425
2442	25.4669	1279	1031.47	446	0.032666	0.0405762	0	0	0.0647485
2445	25.8298	1282	1033.89	445	0.0325928	0.0405762	0	0	0.0889416
2439	25.104	1282	1033.89	445	0.0325928	0.0405762	0	0	0.0889416
2441	25.3459	1284	1035.51	447	0.0327393	0.0405762	0	0	0.105072
2440	25.225	1266	1020.99	445	0.0325928	0.0405762	0	0	-0.040094
2440	25.225	1267	1021.8	444	0.0325195	0.0405762	0	0	-0.0320282
2441	25.3459	1280	1032.28	443	0.0324463	0.0405762	0	0	0.0728125
2443	25.5879	1281	1033.09	443	0.0324463	0.0405762	0	0	0.0808765
2443	25.5879	1277	1029.86	448	0.0328125	0.0405762	0	0	0.0486182
2442	25.4669	1278	1030.67	445	0.0325928	0.0405762	0	0	0.0566834
2441	25.3459	1280	1032.28	448	0.0328125	0.0405762	0	0	0.0728125
2445	25.8298	1276	1029.06	450	0.032959	0.0405762	0	0	0.040553
2444	25.7088	1277	1029.86	450	0.032959	0.0405762	0	0	0.0486182
2443	25.5879	1271	1025.02	450	0.032959	0.0405762	0	0	0.000229492
2442	25.4669	1275	1028.25	452	0.0331055	0.0405762	0	0	0.032489
2442	25.4669	1278	1030.67	452	0.0331055	0.0405762	0	0	0.0566834
2440	25.225	1282	1033.89	451	0.0330322	0.0405762	0	0	0.0889416
2444	25.7088	1284	1035.51	452	0.0331055	0.0405762	0	0	0.105072
2445	25.8298	1270	1024.22	446	0.032666	0.0405762	0	0	-0.00783447
2444	25.7088	1270	1024.22	452	0.0331055	0.0405762	0	0	-0.00783447
2444	25.7088	1281	1033.09	456	0.0333984	0.0405762	0	0	0.0808765
2441	25.3459	1272	1025.83	455	0.0333252	0.0405762	0	0	0.00829468
2443	25.5879	1281	1033.09	457	0.0334717	0.0405762	0	0	0.0808765
2443	25.5879	1273	1026.64	459	0.0336182	0.0405762	0	0	0.0163599
2444	25.7088	1277	1029.86	462	0.0338379	0.0405762	0	0	0.0486182
2442	25.4669	1280	1032.28	456	0.0333984	0.0405762	0	0	0.0728125
2444	25.7088	1278	1030.67	460	0.0336914	0.0405762	0	0	0.0566834
2442	25.4669	1304	1051.64	460	0.0336914	0.0405762	0	0	0.266366
2441	25.3459	1280	1032.28	461	0.0337646	0.0405762	0	0	0.0728125
2442	25.4669	1270	1024.22	459	0.0336182	0.0405762	0	0	-0.00783447
2444	25.7088	1276	1029.06	457	0.0334717	0.0405762	0	0	0.040553
2440	25.225	1271	1025.02	458	0.0335449	0.0405762	0	0	0.000229492
2443	25.5879	1273	1026.64	457	0.0334717	0.0405762	0	0	0.0163599
2443	25.5879	1278	1030.67	458	0.0335449	0.0405762	0	0	0.0566834
2444	25.7088	1274	1027.44	456	0.0333984	0.0405762	0	0	0.024425
2444	25.7088	1269	1023.41	461	0.0337646	0.0405762	0	0	-0.0158984
2442	25.4669	1281	1033.09	464	0.0339844	0.0405762	0	0	0.0808765
2444	25.7088	1248	1006.47	463	0.0339111	0.0405762	0	0	-0.185258
2445	25.8298	1284	1035.51	466	0.0341309	0.0405762	0	0	0.105072
2444	25.7088	1282	1033.89	464	0.0339844	0.0405762	0	0	0.0889416
2442	25.4669	1275	1028.25	462	0.0338379	0.0405762	0	0	0.032489
2442	25.4669	1278	1030.67	464	0.0339844	0.0405762	0	0	0.0566834
2441	25.3459	1263	1018.57	467	0.0342041	0.0405762	0	0	-0.0642877
2441	25.3459	1274	1027.44	470	0.0344238	0.0405762	0	0	0.024425
2442	25.4669	1279	1031.47	465	0.0340576	0.0405762	0	0	0.0647485
2439	25.104	1278	1030.67	465	0.0340576	0.0405762	0	0	0.0566834
2442	25.4669	1275	1028.25	465	0.0340576	0.0405762	0	0	0.032489
2443	25.5879	1278	1030.67	464	0.0339844	0.0405762	0	0	0.0566834
2444	25.7088	1291	1041.15	463	0.0339111	0.0405762	0	0	0.161523
2445	25.8298	1286	1037.12	466	0.0341309	0.0405762	0	0	0.1212
2444	25.7088	1280	1032.28	467	0.0342041	0.0405762	0	0	0.0728125
2442	25.4669	1273	1026.64	467	0.0342041	0.0405762	0	0	0.0163599
2440	25.225	1281	1033.09	472	0.0345703	0.0405762	0	0	0.0808765
2446	25.9508	1271	1025.02	470	0.0344238	0.0405762	0	0	0.000229492
2441	25.3459	1278	1030.67	471	0.0344971	0.0405762	0	0	0.0566834
2444	25.7088	1283	1034.7	469	0.0343506	0.0405762	0	0	0.0970068
2443	25.5879	1272	1025.83	467	0.0342041	0.0405762	0	0	0.00829468
2442	25.4669	1281	1033.09	470	0.0344238	0.0405762	0	0	0.0808765
2439	25.104	1270	1024.22	466	0.0341309	0.0405762	0	0	-0.00783447
2442	25.4669	1276	1029.06	464	0.0339844	0.0405762	0	0	0.040553
2443	25.5879	1275	1028.25	466	0.0341309	0.0405762	0	0	0.032489
2439	25.104	1277	1029.86	466	0.0341309	0.0405762	0	0	0.0486182
2437	24.8621	1270	1024.22	467	0.0342041	0.0405762	0	0	-0.00783447
2443	25.5879	1276	1029.06	469	0.0343506	0.0405762	0	0	0.040553
2443	25.5879	1282	1033.89	468	0.0342773	0.0405762	0	0	0.0889416
2443	25.5879	1274	1027.44	467	0.0342041	0.0405762	0	0	0.024425
2445	25.8298	1276	1029.06	474	0.0347168	0.0405762	0	0	0.040553
2443	25.5879	1267	1021.8	470	0.0344238	0.0405762	0	0	-0.0320282
2444	25.7088	1274	1027.44	468	0.0342773	0.0405762	0	0	0.024425
2441	25.3459	1280	1032.28	470	0.0342773	0.0405762	0.0344238	0	0.0728125
2443	25.5879	1269	1023.41	544	0.0342773	0.0405762	0.0398437	0	-0.0158984
2440	25.225	1274	1027.44	546	0.0342773	0.0405762	0.0399902	0	0.024425
2440	25.225	1274	1027.44	545	0.0342773	0.0405762	0.039917	0	0.024425
2443	25.5879	1278	1030.67	545	0.0342773	0.0405762	0.039917	0	0.0566834
2442	25.4669	1278	1030.67	543	0.0342773	0.0405762	0.0397705	0	0.0566834
2443	25.5879	1286	1037.12	546	0.0342773	0.0405762	0.0399902	0	0.1212
2443	25.5879	1269	1023.41	543	0.0342773	0.0405762	0.0397705	0	-0.0158984
2444	25.7088	1276	1029.06	545	0.0342773	0.0405762	0.039917	0	0.040553
2443	25.5879	1245	1004.05	546	0.0342773	0.0405762	0.0399902	0	-0.209452
2441	25.3459	1283	1034.7	545	0.0342773	0.0405762	0.039917	0	0.0970068
2443	25.5879	1275	1028.25	545	0.0342773	0.0405762	0.039917	0	0.032489
2447	26.0717	1275	1028.25	547	0.0342773	0.0405762	0.0400635	0	0.032489
2441	25.3459	1259	1015.35	546	0.0342773	0.0405762	0.0399902	0	-0.0965454
2443	25.5879	1268	1022.6	549	0.0342773	0.0405762	0.04021	0	-0.0239642
2442	25.4669	1273	1026.64	544	0.0342773	0.0405762	0.0398437	0	0.0163599
2442	25.4669	1272	1025.83	543	0.0342773	0.0405762	0.0397705	0	0.00829468
2441	25.3459	1255	1012.12	541	0.0342773	0.0405762	0.039624	0	-0.128805
2440	25.225	1281	1033.09	544	0.0342773	0.0405762	0.0398437	0	0.0808765
2443	25.5879	1257	1013.73	539	0.0342773	0.0405762	0.0394775	0	-0.112675
2441	25.3459	1271	1025.02	544	0.0342773	0.0405762	0.0398437	0	0.000229492
2442	25.4669	1276	1029.06	542	0.0342773	0.0405762	0.0396973	0	0.040553
2444	25.7088	1284	1035.51	541	0.0342773	0.0405762	0.039624	0	0.105072
2444	25.7088	1274	1027.44	541	0.0342773	0.0405762	0.039624	0	0.024425
2445	25.8298	1282	1033.89	541	0.0342773	0.0405762	0.039624	0	0.0889416
2447	26.0717	1274	1027.44	544	0.0342773	0.0405762	0.0398437	0	0.024425
2443	25.5879	1289	1039.54	541	0.0342773	0.0405762	0.039624	0	0.145396
2442	25.4669	1273	1026.64	543	0.0342773	0.0405762	0.0397705	0	0.0163599
2441	25.3459	1280	1032.28	540	0.0342773	0.0405762	0.0395508	0	0.0728125
2444	25.7088	1275	1028.25	540	0.0342773	0.0405762	0.0395508	0	0.032489
2440	25.225	1283	1034.7	542	0.0342773	0.0405762	0.0396973	0	0.0970068
2441	25.3459	1278	1030.67	538	0.0342773	0.0405762	0.0394043	0	0.0566834
2438	24.9831	1272	1025.83	541	0.0342773	0.0405762	0.039624	0	0.00829468
2442	25.4669	1292	1041.96	539	0.0342773	0.0405762	0.0394775	0	0.169589
2442	25.4669	1280	1032.28	536	0.0342773	0.0405762	0.0392578	0	0.0728125
2443	25.5879	1276	1029.06	539	0.0342773	0.0405762	0.0394775	0	0.040553
2442	25.4669	1281	1033.09	538	0.0342773	0.0405762	0.0394043	0	0.0808765
2438	24.9831	1270	1024.22	540	0.0342773	0.0405762	0.0395508	0	-0.00783447
2443	25.5879	1278	1030.67	538	0.0342773	0.0405762	0.0394043	0	0.0566834
2443	25.5879	1307	1054.06	542	0.0342773	0.0405762	0.0396973	0	0.290559
2442	25.4669	1286	1037.12	539	0.0342773	0.0405762	0.0394775	0	0.1212
2444	25.7088	1281	1033.09	536	0.0342773	0.0405762	0.0392578	0	0.0808765
2444	25.7088	1279	1031.47	537	0.0342773	0.0405762	0.0393311	0	0.0647485
2440	25.225	1284	1035.51	539	0.0342773	0.0405762	0.0394775	0	0.105072
2444	25.7088	1286	1037.12	538	0.0342773	0.0405762	0.0394043	0	0.1212
2442	25.4669	1281	1033.09	534	0.0342773	0.0405762	0.0391113	0	0.0808765
2440	25.225	1268	1022.6	534	0.0342773	0.0405762	0.0391113	0	-0.0239642
2440	25.225	1282	1033.89	530	0.0342773	0.0405762	0.0388184	0	0.0889416
2444	25.7088	1279	1031.47	534	0.0342773	0.0405762	0.0391113	0	0.0647485
2443	25.5879	1273	1026.64	534	0.0342773	0.0405762	0.0391113	0	0.0163599
2443	25.5879	1276	1029.06	534	0.0342773	0.0405762	0.0391113	0	0.040553
2441	25.3459	1275	1028.25	536	0.0342773	0.0405762	0.0392578	0	0.032489
2444	25.7088	1280	1032.28	529	0.0342773	0.0405762	0.0387451	0	0.0728125
2444	25.7088	1282	1033.89	530	0.0342773	0.0405762	0.0388184	0	0.0889416
2439	25.104	1274	1027.44	530	0.0342773	0.0405762	0.0388184	0	0.024425
2441	25.3459	1269	1023.41	532	0.0342773	0.0405762	0.0389648	0	-0.0158984
2442	25.4669	1284	1035.51	530	0.0342773	0.0405762	0.0388184	0	0.105072
2441	25.3459	1277	1029.86	530	0.0342773	0.0405762	0.0388184	0	0.0486182
2441	25.3459	1274	1027.44	529	0.0342773	0.0405762	0.0387451	0	0.024425
2436	24.7411	1281	1033.09	526	0.0342773	0.0405762	0.0385254	0	0.0808765
2438	24.9831	1274	1027.44	529	0.0342773	0.0405762	0.0387451	0	0.024425
2437	24.8621	1274	1027.44	528	0.0342773	0.0405762	0.0386719	0	0.024425
2441	25.3459	1281	1033.09	530	0.0342773	0.0405762	0.0388184	0	0.0808765
2442	25.4669	1280	1032.28	526	0.0342773	0.0405762	0.0385254	0	0.0728125
2445	25.8298	1277	1029.86	529	0.0342773	0.0405762	0.0387451	0	0.0486182
2442	25.4669	1284	1035.51	528	0.0342773	0.0405762	0.0386719	0	0.105072
2443	25.5879	1251	1008.89	527	0.0342773	0.0405762	0.0385986	0	-0.161064
2441	25.3459	1280	1032.28	527	0.0342773	0.0405762	0.0385986	0	0.0728125
2438	24.9831	1274	1027.44	528	0.0342773	0.0405762	0.0386719	0	0.024425
2442	25.4669	1273	1026.64	525	0.0342773	0.0405762	0.0384521	0	0.0163599
2439	25.104	1276	1029.06	528	0.0342773	0.0405762	0.0386719	0	0.040553
2443	25.5879	1270	1024.22	526	0.0342773	0.0405762	0.0385254	0	-0.00783447
2439	25.104	1286	1037.12	526	0.0342773	0.0405762	0.0385254	0	0.1212
2441	25.3459	1277	1029.86	526	0.0342773	0.0405762	0.0385254	0	0.0486182
2443	25.5879	1267	1021.8	528	0.0342773	0.0405762	0.0386719	0	-0.0320282
2442	25.4669	1280	1032.28	525	0.0342773	0.0405762	0.0384521	0	0.0728125
2442	25.4669	1279	1031.47	529	0.0342773	0.0405762	0.0387451	0	0.0647485
2441	25.3459	1272	1025.83	526	0.0342773	0.0405762	0.0385254	0	0.00829468
2443	25.5879	1276	1029.06	527	0.0342773	0.0405762	0.0385986	0	0.040553
2441	25.3459	1274	1027.44	530	0.0342773	0.0405762	0.0388184	0	0.024425
2443	25.5879	1279	1031.47	528	0.0342773	0.0405762	0.0386719	0	0.0647485
2442	25.4669	1273	1026.64	528	0.0342773	0.0405762	0.0386719	0	0.0163599
2443	25.5879	1270	1024.22	529	0.0342773	0.0405762	0.0387451	0	-0.00783447
2441	25.3459	1277	1029.86	527	0.0342773	0.0405762	0.0385986	0	0.0486182
2441	25.3459	1281	1033.09	525	0.0342773	0.0405762	0.0384521	0	0.0808765
2441	25.3459	1281	1033.09	527	0.0342773	0.0405762	0.0385986	0	0.0808765
2441	25.3459	1269	1023.41	525	0.0342773	0.0405762	0.0384521	0	-0.0158984
2441	25.3459	1286	1037.12	525	0.0342773	0.0405762	0.0384521	0	0.1212
2442	25.4669	1277	1029.86	520	0.0342773	0.0405762	0.0380859	0	0.0486182
2441	25.3459	1273	1026.64	523	0.0342773	0.0405762	0.0383057	0	0.0163599
2442	25.4669	1276	1029.06	523	0.0342773	0.0405762	0.0383057	0	0.040553
2442	25.4669	1280	1032.28	524	0.0342773	0.0405762	0.0383789	0	0.0728125
2445	25.8298	1278	1030.67	523	0.0342773	0.0405762	0.0383057	0	0.0566834
2443	25.5879	1277	1029.86	523	0.0342773	0.0405762	0.0383057	0	0.0486182
2442	25.4669	1277	1029.86	523	0.0342773	0.0405762	0.0383057	0	0.0486182
2440	25.225	1290	1040.35	516	0.0342773	0.0405762	0.037793	0	0.153459
2441	25.3459	1272	1025.83	516	0.037793	0.0405762	0.037793	0	0.00829468
2441	25.3459	1277	1029.86	439	0.0321533	0.0405762	0.037793	0	0.0486182
2438	24.9831	1276	1029.06	439	0.0321533	0.0405762	0.037793	0	0.040553
2441	25.3459	1274	1027.44	432	0.0316406	0.0405762	0.037793	0	0.024425
2440	25.225	1272	1025.83	433	0.0317139	0.0405762	0.037793	0	0.00829468
2440	25.225	1274	1027.44	433	0.0317139	0.0405762	0.037793	0	0.024425
2440	25.225	1283	1034.7	434	0.0317871	0.0405762	0.037793	0	0.0970068
2441	25.3459	1277	1029.86	436	0.0319336	0.0405762	0.037793	0	0.0486182
2442	25.4669	1270	1024.22	430	0.0314941	0.0405762	0.037793	0	-0.00783447
2442	25.4669	1268	1022.6	431	0.0315674	0.0405762	0.037793	0	-0.0239642
2443	25.5879	1279	1031.47	429	0.0314209	0.0405762	0.037793	0	0.0647485
2444	25.7088	1275	1028.25	433	0.0317139	0.0405762	0.037793	0	0.032489
2445	25.8298	1269	1023.41	437	0.0320068	0.0405762	0.037793	0	-0.0158984
2444	25.7088	1278	1030.67	438	0.0320801	0.0405762	0.037793	0	0.0566834
2444	25.7088	1276	1029.06	438	0.0320801	0.0405762	0.037793	0	0.040553
2438	24.9831	1277	1029.86	440	0.0322266	0.0405762	0.037793	0	0.0486182
2442	25.4669	1295	1044.38	437	0.0320068	0.0405762	0.037793	0	0.193783
2441	25.3459	1279	1031.47	442	0.032373	0.0405762	0.037793	0	0.0647485
2442	25.4669	1291	1041.15	440	0.0322266	0.0405762	0.037793	0	0.161523
2440	25.225	1271	1025.02	441	0.0322998	0.0405762	0.037793	0	0.000229492
2440	25.225	1276	1029.06	445	0.0325928	0.0405762	0.037793	0	0.040553
2444	25.7088	1280	1032.28	448	0.0328125	0.0405762	0.037793	0	0.0728125
2441	25.3459	1285	1036.31	448	0.0328125	0.0405762	0.037793	0	0.113136
2443	25.5879	1270	1024.22	449	0.0328857	0.0405762	0.037793	0	-0.00783447
2443	25.5879	1261	1016.96	453	0.0331787	0.0405762	0.037793	0	-0.0804175
2444	25.7088	1280	1032.28	458	0.0335449	0.0405762	0.037793	0	0.0728125
2437	24.8621	1278	1030.67	462	0.0338379	0.0405762	0.037793	0	0.0566834
2442	25.4669	1282	1033.89	459	0.0336182	0.0405762	0.037793	0	0.0889416
2441	25.3459	1273	1026.64	467	0.0342041	0.0405762	0.037793	0	0.0163599
2445	25.8298	1260	1016.15	460	0.0336914	0.0405762	0.037793	0	-0.0884814
2439	25.104	1282	1033.89	466	0.0341309	0.0405762	0.037793	0	0.0889416
2440	25.225	1277	1029.86	463	0.0339111	0.0405762	0.037793	0	0.0486182
2440	25.225	1274	1027.44	467	0.0342041	0.0405762	0.037793	0	0.024425
2443	25.5879	1281	1033.09	469	0.0343506	0.0405762	0.037793	0	0.0808765
2443	25.5879	1274	1027.44	473	0.0346436	0.0405762	0.037793	0	0.024425
2439	25.104	1279	1031.47	471	0.0344971	0.0405762	0.037793	0	0.0647485
2443	25.5879	1272	1025.83	478	0.0350098	0.0405762	0.037793	0	0.00829468
2441	25.3459	1273	1026.64	484	0.0354492	0.0405762	0.037793	0	0.0163599
2439	25.104	1282	1033.89	483	0.035376	0.0405762	0.037793	0	0.0889416
2443	25.5879	1274	1027.44	487	0.0356689	0.0405762	0.037793	0	0.024425
2441	25.3459	1280	1032.28	497	0.0364014	0.0405762	0.037793	0	0.0728125
2444	25.7088	1277	1029.86	500	0.0366211	0.0405762	0.037793	0	0.0486182
2442	25.4669	1281	1033.09	500	0.0366211	0.0405762	0.037793	0	0.0808765
2441	25.3459	1285	1036.31	502	0.0367676	0.0405762	0.037793	0	0.113136
2441	25.3459	1283	1034.7	512	0.0375	0.0405762	0.037793	0	0.0970068
2439	25.104	1277	1029.86	516	0.037793	0.0405762	0.037793	0	0.0486182
2446	25.9508	1279	1031.47	514	0.0376465	0.0405762	0.037793	0	0.0647485
2446	25.9508	1278	1030.67	519	0.0380127	0.0405762	0.037793	0	0.0566834
2441	25.3459	1277	1029.86	520	0.0380859	0.0405762	0.037793	0	0.0486182
2441	25.3459	1268	1022.6	518	0.0379395	0.0405762	0.037793	0	-0.0239642
2443	25.5879	1274	1027.44	523	0.0383057	0.0405762	0.037793	0	0.024425
2443	25.5879	1255	1012.12	522	0.0382324	0.0405762	0.037793	0	-0.128805
2441	25.3459	1280	1032.28	518	0.0379395	0.0405762	0.037793	0	0.0728125
2442	25.4669	1274	1027.44	524	0.0383789	0.0405762	0.037793	0	0.024425
2444	25.7088	1286	1037.12	521	0.0381592	0.0405762	0.037793	0	0.1212
2444	25.7088	1280	1032.28	524	0.0383789	0.0405762	0.037793	0	0.0728125
2443	25.5879	1272	1025.83	520	0.0380859	0.0405762	0.037793	0	0.00829468
2441	25.3459	1280	1032.28	519	0.0380127	0.0405762	0.037793	0	0.0728125
2440	25.225	1273	1026.64	518	0.0379395	0.0405762	0.037793	0	0.0163599
2440	25.225	1280	1032.28	521	0.0381592	0.0405762	0.037793	0	0.0728125
2439	25.104	1274	1027.44	519	0.0380127	0.0405762	0.037793	0	0.024425
2441	25.3459	1276	1029.06	518	0.0379395	0.0405762	0.037793	0	0.040553
2445	25.8298	1266	1020.99	521	0.0381592	0.0405762	0.037793	0	-0.040094
2444	25.7088	1277	1029.86	521	0.0381592	0.0405762	0.037793	0	0.0486182
2441	25.3459	1280	1032.28	524	0.0383789	0.0405762	0.037793	0	0.0728125
2444	25.7088	1273	1026.64	522	0.0382324	0.0405762	0.037793	0	0.0163599
2439	25.104	1286	1037.12	525	0.0384521	0.0405762	0.037793	0	0.1212
2441	25.3459	1272	1025.83	525	0.0384521	0.0405762	0.037793	0	0.00829468
2441	25.3459	1308	1054.86	524	0.0383789	0.0405762	0.037793	0	0.298624
2444	25.7088	1278	1030.67	527	0.0385986	0.0405762	0.037793	0	0.0566834
2440	25.225	1277	1029.86	522	0.0382324	0.0405762	0.037793	0	0.0486182
2439	25.104	1280	1032.28	531	0.0388916	0.0405762	0.037793	0	0.0728125
2440	25.225	1277	1029.86	528	0.0386719	0.0405762	0.037793	0	0.0486182
2443	25.5879	1284	1035.51	521	0.0381592	0.0405762	0.037793	0	0.105072
2437	24.8621	1269	1023.41	522	0.0382324	0.0405762	0.037793	0	-0.0158984
2442	25.4669	1276	1029.06	523	0.0383057	0.0405762	0.037793	0	0.040553
2441	25.3459	1272	1025.83	522	0.0382324	0.0405762	0.037793	0	0.00829468
2444	25.7088	1280	1032.28	527	0.0385986	0.0405762	0.037793	0	0.0728125
2443	25.5879	1271	1025.02	526	0.0385254	0.0405762	0.037793	0	0.000229492
2444	25.7088	1278	1030.67	523	0.0383057	0.0405762	0.037793	0	0.0566834
2441	25.3459	1273	1026.64	525	0.0384521	0.0405762	0.037793	0	0.0163599
2445	25.8298	1272	1025.83	530	0.0388184	0.0405762	0.037793	0	0.00829468
2444	25.7088	1286	1037.12	533	0.0390381	0.0405762	0.037793	0	0.1212
2442	25.4669	1270	1024.22	528	0.0386719	0.0405762	0.037793	0	-0.00783447
2440	25.225	1280	1032.28	530	0.0388184	0.0405762	0.037793	0	0.0728125
2438	24.9831	1274	1027.44	527	0.0385986	0.0405762	0.037793	0	0.024425
2441	25.3459	1274	1027.44	526	0.0385254	0.0405762	0.037793	0	0.024425
2440	25.225	1280	1032.28	528	0.0386719	0.0405762	0.037793	0	0.0728125
2442	25.4669	1275	1028.25	526	0.0385254	0.0405762	0.037793	0	0.032489
2437	24.8621	1278	1030.67	530	0.0388184	0.0405762	0.037793	0	0.0566834
2439	25.104	1280	1032.28	528	0.0386719	0.0405762	0.037793	0	0.0728125
2439	25.104	1270	1024.22	529	0.0387451	0.0405762	0.037793	0	-0.00783447
2441	25.3459	1280	1032.28	526	0.0385254	0.0405762	0.037793	0	0.0728125
2440	25.225	1281	1033.09	528	0.0386719	0.0405762	0.037793	0	0.0808765
2443	25.5879	1287	1037.93	532	0.0389648	0.0405762	0.037793	0	0.129265
2443	25.5879	1259	1015.35	532	0.0389648	0.0405762	0.037793	0	-0.0965454
2444	25.7088	1277	1029.86	533	0.0389648	0.0390381	0.037793	0	0.0486182
2442	25.4669	1276	1029.06	587	0.0389648	0.0429932	0.037793	0	0.040553
2443	25.5879	1278	1030.67	583	0.0389648	0.0427002	0.037793	0	0.0566834
2440	25.225	1281	1033.09	587	0.0389648	0.0429932	0.037793	0	0.0808765
2440	25.225	1280	1032.28	586	0.0389648	0.0429199	0.037793	0	0.0728125
2440	25.225	1278	1030.67	585	0.0389648	0.0428467	0.037793	0	0.0566834
2440	25.225	1249	1007.28	585	0.0389648	0.0428467	0.037793	0	-0.177192
2440	25.225	1284	1035.51	584	0.0389648	0.0427734	0.037793	0	0.105072
2440	25.225	1276	1029.06	586	0.0389648	0.0429199	0.037793	0	0.040553
2440	25.225	1281	1033.09	585	0.0389648	0.0428467	0.037793	0	0.0808765
2440	25.225	1280	1032.28	585	0.0389648	0.0428467	0.037793	0	0.0728125
2441	25.3459	1274	1027.44	587	0.0389648	0.0429932	0.037793	0	0.024425
2441	25.3459	1284	1035.51	589	0.0389648	0.0431396	0.037793	0	0.105072
2442	25.4669	1292	1041.96	588	0.0389648	0.0430664	0.037793	0	0.169589
2445	25.8298	1265	1020.18	589	0.0389648	0.0431396	0.037793	0	-0.048158
2440	25.225	1272	1025.83	590	0.0389648	0.0432129	0.037793	0	0.00829468
2443	25.5879	1282	1033.89	593	0.0389648	0.0434326	0.037793	0	0.0889416
2439	25.104	1277	1029.86	592	0.0389648	0.0433594	0.037793	0	0.0486182
2440	25.225	1281	1033.09	590	0.0389648	0.0432129	0.037793	0	0.0808765
2440	25.225	1281	1033.09	590	0.0389648	0.0432129	0.037793	0	0.0808765
2440	25.225	1271	1025.02	591	0.0389648	0.0432861	0.037793	0	0.000229492
2439	25.104	1277	1029.86	590	0.0389648	0.0432129	0.037793	0	0.0486182
2438	24.9831	1275	1028.25	592	0.0389648	0.0433594	0.037793	0	0.032489
2439	25.104	1278	1030.67	592	0.0389648	0.0433594	0.037793	0	0.0566834
2441	25.3459	1278	1030.67	593	0.0389648	0.0434326	0.037793	0	0.0566834
2440	25.225	1278	1030.67	594	0.0389648	0.0435059	0.037793	0	0.0566834
2443	25.5879	1273	1026.64	597	0.0389648	0.0437256	0.037793	0	0.0163599
2442	25.4669	1274	1027.44	599	0.0389648	0.0438721	0.037793	0	0.024425
2442	25.4669	1278	1030.67	598	0.0389648	0.0437988	0.037793	0	0.0566834
2443	25.5879	1276	1029.06	599	0.0389648	0.0438721	0.037793	0	0.040553
2441	25.3459	1273	1026.64	599	0.0389648	0.0438721	0.037793	0	0.0163599
2441	25.3459	1274	1027.44	598	0.0389648	0.0437988	0.037793	0	0.024425
2442	25.4669	1269	1023.41	601	0.0389648	0.0440186	0.037793	0	-0.0158984
2441	25.3459	1274	1027.44	601	0.0389648	0.0440186	0.037793	0	0.024425
2437	24.8621	1287	1037.93	602	0.0389648	0.0440918	0.037793	0	0.129265
2439	25.104	1275	1028.25	603	0.0389648	0.044165	0.037793	0	0.032489
2440	25.225	1282	1033.89	605	0.0389648	0.0443115	0.037793	0	0.0889416
2441	25.3459	1272	1025.83	601	0.0389648	0.0440186	0.037793	0	0.00829468
2436	24.7411	1273	1026.64	603	0.0389648	0.044165	0.037793	0	0.0163599
2445	25.8298	1276	1029.06	604	0.0389648	0.0442383	0.037793	0	0.040553
2441	25.3459	1273	1026.64	602	0.0389648	0.0440918	0.037793	0	0.0163599
2440	25.225	1276	1029.06	607	0.0389648	0.044458	0.037793	0	0.040553
2442	25.4669	1275	1028.25	606	0.0389648	0.0443848	0.037793	0	0.032489
2440	25.225	1285	1036.31	607	0.0389648	0.044458	0.037793	0	0.113136
2441	25.3459	1272	1025.83	604	0.0389648	0.0442383	0.037793	0	0.00829468
2442	25.4669	1274	1027.44	608	0.0389648	0.0445312	0.037793	0	0.024425
2441	25.3459	1272	1025.83	603	0.0389648	0.044165	0.037793	0	0.00829468
2441	25.3459	1279	1031.47	602	0.0389648	0.0440918	0.037793	0	0.0647485
2438	24.9831	1273	1026.64	600	0.0389648	0.0439453	0.037793	0	0.0163599
2440	25.225	1273	1026.64	600	0.0389648	0.0439453	0.037793	0	0.0163599
2441	25.3459	1281	1033.09	601	0.0389648	0.0440186	0.037793	0	0.0808765
2441	25.3459	1281	1033.09	604	0.0389648	0.0442383	0.037793	0	0.0808765
2442	25.4669	1279	1031.47	604	0.0389648	0.0442383	0.037793	0	0.0647485
2443	25.5879	1280	1032.28	603	0.0389648	0.044165	0.037793	0	0.0728125
2442	25.4669	1281	1033.09	602	0.0389648	0.0440918	0.037793	0	0.0808765
2438	24.9831	1271	1025.02	600	0.0389648	0.0439453	0.037793	0	0.000229492
2442	25.4669	1280	1032.28	602	0.0389648	0.0440918	0.037793	0	0.0728125
2438	24.9831	1273	1026.64	601	0.0389648	0.0440186	0.037793	0	0.0163599
2439	25.104	1271	1025.02	597	0.0389648	0.0437256	0.037793	0	0.000229492
2440	25.225	1281	1033.09	597	0.0389648	0.0437256	0.037793	0	0.0808765
2440	25.225	1269	1023.41	596	0.0389648	0.0436523	0.037793	0	-0.0158984
2441	25.3459	1277	1029.86	597	0.0389648	0.0437256	0.037793	0	0.0486182
2439	25.104	1273	1026.64	596	0.0389648	0.0436523	0.037793	0	0.0163599
2444	25.7088	1274	1027.44	598	0.0389648	0.0437988	0.037793	0	0.024425
2440	25.225	1278	1030.67	598	0.0389648	0.0437988	0.037793	0	0.0566834
2445	25.8298	1279	1031.47	596	0.0389648	0.0436523	0.037793	0	0.0647485
2441	25.3459	1260	1016.15	598	0.0389648	0.0437988	0.037793	0	-0.0884814
2442	25.4669	1309	1055.67	599	0.0389648	0.0438721	0.037793	0	0.306689
2443	25.5879	1275	1028.25	597	0.0389648	0.0437256	0.037793	0	0.032489
2441	25.3459	1273	1026.64	597	0.0389648	0.0437256	0.037793	0	0.0163599
2440	25.225	1278	1030.67	598	0.0389648	0.0437988	0.037793	0	0.0566834
2441	25.3459	1279	1031.47	596	0.0389648	0.0436523	0.037793	0	0.0647485
2441	25.3459	1277	1029.86	595	0.0389648	0.0435791	0.037793	0	0.0486182
2441	25.3459	1296	1045.18	595	0.0389648	0.0435791	0.037793	0	0.201847
2440	25.225	1261	1016.96	591	0.0389648	0.0432861	0.037793	0	-0.0804175
2447	26.0717	1272	1025.83	587	0.0389648	0.0429932	0.037793	0	0.00829468
2440	25.225	1272	1025.83	591	0.0389648	0.0432861	0.037793	0	0.00829468
2440	25.225	1273	1026.64	595	0.0389648	0.0435791	0.037793	0	0.0163599
2440	25.225	1271	1025.02	594	0.0389648	0.0435059	0.037793	0	0.000229492
2444	25.7088	1271	1025.02	592	0.0389648	0.0433594	0.037793	0	0.000229492
2441	25.3459	1282	1033.89	593	0.0389648	0.0434326	0.037793	0	0.0889416
2442	25.4669	1265	1020.18	595	0.0389648	0.0435791	0.037793	0	-0.048158
2441	25.3459	1281	1033.09	589	0.0389648	0.0431396	0.037793	0	0.0808765
2441	25.3459	1274	1027.44	590	0.0389648	0.0432129	0.037793	0	0.024425
2440	25.225	1276	1029.06	593	0.0389648	0.0434326	0.037793	0	0.040553
2440	25.225	1272	1025.83	591	0.0389648	0.0432861	0.037793	0	0.00829468
2439	25.104	1272	1025.83	590	0.0389648	0.0432129	0.037793	0	0.00829468
2440	25.225	1272	1025.83	590	0.0389648	0.0432129	0.037793	0	0.00829468
2442	25.4669	1271	1025.02	588	0.0389648	0.0430664	0.037793	0	0.000229492
2440	25.225	1285	1036.31	588	0.0389648	0.0430664	0.037793	0	0.113136
2441	25.3459	1274	1027.44	590	0.0389648	0.0432129	0.037793	0	0.024425
2439	25.104	1274	1027.44	590	0.0389648	0.0432129	0.037793	0	0.024425
2442	25.4669	1280	1032.28	590	0.0389648	0.0432129	0.037793	0	0.0728125
2442	25.4669	1284	1035.51	592	0.0389648	0.0433594	0.037793	0	0.105072
2444	25.7088	1280	1032.28	590	0.0389648	0.0432129	0.037793	0	0.0728125
2443	25.5879	1285	1036.31	593	0.0434326	0.0432129	0.037793	0	0.113136
2442	25.4669	1268	1022.6	535	0.0391846	0.0432129	0.037793	0	-0.0239642
2440	25.225	1286	1037.12	538	0.0394043	0.0432129	0.037793	0	0.1212
2442	25.4669	1276	1029.06	536	0.0392578	0.0432129	0.037793	0	0.040553
2440	25.225	1273	1026.64	531	0.0388916	0.0432129	0.037793	0	0.0163599
2440	25.225	1276	1029.06	535	0.0391846	0.0432129	0.037793	0	0.040553
2442	25.4669	1277	1029.86	531	0.0388916	0.0432129	0.037793	0	0.0486182
2441	25.3459	1279	1031.47	537	0.0393311	0.0432129	0.037793	0	0.0647485
2440	25.225	1276	1029.06	530	0.0388184	0.0432129	0.037793	0	0.040553
2444	25.7088	1276	1029.06	534	0.0391113	0.0432129	0.037793	0	0.040553
2443	25.5879	1270	1024.22	536	0.0392578	0.0432129	0.037793	0	-0.00783447
2442	25.4669	1272	1025.83	539	0.0394775	0.0432129	0.037793	0	0.00829468
2443	25.5879	1272	1025.83	531	0.0388916	0.0432129	0.037793	0	0.00829468
2445	25.8298	1258	1014.54	534	0.0391113	0.0432129	0.037793	0	-0.104611
2440	25.225	1281	1033.09	534	0.0391113	0.0432129	0.037793	0	0.0808765
2441	25.3459	1282	1033.89	534	0.0391113	0.0432129	0.037793	0	0.0889416
2439	25.104	1268	1022.6	539	0.0394775	0.0432129	0.037793	0	-0.0239642
2440	25.225	1274	1027.44	536	0.0392578	0.0432129	0.037793	0	0.024425
2442	25.4669	1279	1031.47	536	0.0392578	0.0432129	0.037793	0	0.0647485
2440	25.225	1271	1025.02	538	0.0394043	0.0432129	0.037793	0	0.000229492
2440	25.225	1279	1031.47	537	0.0393311	0.0432129	0.037793	0	0.0647485
2439	25.104	1278	1030.67	536	0.0392578	0.0432129	0.037793	0	0.0566834
2440	25.225	1284	1035.51	535	0.0391846	0.0432129	0.037793	0	0.105072
2441	25.3459	1271	1025.02	534	0.0391113	0.0432129	0.037793	0	0.000229492
2443	25.5879	1279	1031.47	540	0.0395508	0.0432129	0.037793	0	0.0647485
2442	25.4669	1280	1032.28	537	0.0393311	0.0432129	0.037793	0	0.0728125
2441	25.3459	1276	1029.06	539	0.0394775	0.0432129	0.037793	0	0.040553
2442	25.4669	1277	1029.86	536	0.0392578	0.0432129	0.037793	0	0.0486182
2443	25.5879	1278	1030.67	536	0.0392578	0.0432129	0.037793	0	0.0566834
2442	25.4669	1282	1033.89	538	0.0394043	0.0432129	0.037793	0	0.0889416
2440	25.225	1275	1028.25	537	0.0393311	0.0432129	0.037793	0	0.032489
2440	25.225	1276	1029.06	534	0.0391113	0.0432129	0.037793	0	0.040553
2442	25.4669	1275	1028.25	531	0.0388916	0.0432129	0.037793	0	0.032489
2440	25.225	1284	1035.51	537	0.0393311	0.0432129	0.037793	0	0.105072
2444	25.7088	1280	1032.28	534	0.0391113	0.0432129	0.037793	0	0.0728125
2441	25.3459	1277	1029.86	536	0.0392578	0.0432129	0.037793	0	0.0486182
2444	25.7088	1272	1025.83	542	0.0396973	0.0432129	0.037793	0	0.00829468
2442	25.4669	1278	1030.67	535	0.0391846	0.0432129	0.037793	0	0.0566834
2443	25.5879	1282	1033.89	539	0.0394775	0.0432129	0.037793	0	0.0889416
2443	25.5879	1275	1028.25	533	0.0390381	0.0432129	0.037793	0	0.032489
2440	25.225	1277	1029.86	532	0.0389648	0.0432129	0.037793	0	0.0486182
2439	25.104	1281	1033.09	534	0.0391113	0.0432129	0.037793	0	0.0808765
2438	24.9831	1276	1029.06	534	0.0391113	0.0432129	0.037793	0	0.040553
2441	25.3459	1284	1035.51	534	0.0391113	0.0432129	0.037793	0	0.105072
2442	25.4669	1282	1033.89	533	0.0390381	0.0432129	0.037793	0	0.0889416
2441	25.3459	1268	1022.6	531	0.0388916	0.0432129	0.037793	0	-0.0239642
2441	25.3459	1280	1032.28	531	0.0388916	0.0432129	0.037793	0	0.0728125
2442	25.4669	1259	1015.35	531	0.0388916	0.0432129	0.037793	0	-0.0965454
2443	25.5879	1281	1033.09	532	0.0389648	0.0432129	0.037793	0	0.0808765
2441	25.3459	1278	1030.67	534	0.0391113	0.0432129	0.037793	0	0.0566834
2441	25.3459	1274	1027.44	536	0.0391113	0.0432129	0.0392578	0	0.024425
2441	25.3459	1278	1030.67	607	0.0391113	0.0432129	0.044458	0	0.0566834
2445	25.8298	1275	1028.25	607	0.0391113	0.0432129	0.044458	0	0.032489
2440	25.225	1279	1031.47	608	0.0391113	0.0432129	0.0445312	0	0.0647485
2441	25.3459	1270	1024.22	609	0.0391113	0.0432129	0.0446045	0	-0.00783447
2438	24.9831	1270	1024.22	607	0.0391113	0.0432129	0.044458	0	-0.00783447
2438	24.9831	1273	1026.64	604	0.0391113	0.0432129	0.0442383	0	0.0163599
2441	25.3459	1276	1029.06	604	0.0391113	0.0432129	0.0442383	0	0.040553
2440	25.225	1278	1030.67	604	0.0391113	0.0432129	0.0442383	0	0.0566834
2440	25.225	1281	1033.09	602	0.0391113	0.0432129	0.0440918	0	0.0808765
2438	24.9831	1280	1032.28	605	0.0391113	0.0432129	0.0443115	0	0.0728125
2440	25.225	1265	1020.18	606	0.0391113	0.0432129	0.0443848	0	-0.048158
2443	25.5879	1273	1026.64	606	0.0391113	0.0432129	0.0443848	0	0.0163599
2444	25.7088	1273	1026.64	606	0.0391113	0.0432129	0.0443848	0	0.0163599
2442	25.4669	1274	1027.44	604	0.0391113	0.0432129	0.0442383	0	0.024425
2442	25.4669	1260	1016.15	605	0.0391113	0.0432129	0.0443115	0	-0.0884814
2439	25.104	1276	1029.06	605	0.0391113	0.0432129	0.0443115	0	0.040553
2440	25.225	1272	1025.83	604	0.0391113	0.0432129	0.0442383	0	0.00829468
2442	25.4669	1276	1029.06	604	0.0391113	0.0432129	0.0442383	0	0.040553
2440	25.225	1271	1025.02	602	0.0391113	0.0432129	0.0440918	0	0.000229492
2441	25.3459	1279	1031.47	603	0.0391113	0.0432129	0.044165	0	0.0647485
2439	25.104	1281	1033.09	603	0.0391113	0.0432129	0.044165	0	0.0808765
2442	25.4669	1276	1029.06	602	0.0391113	0.0432129	0.0440918	0	0.040553
2442	25.4669	1271	1025.02	601	0.0391113	0.0432129	0.0440186	0	0.000229492
2440	25.225	1268	1022.6	603	0.0391113	0.0432129	0.044165	0	-0.0239642
2441	25.3459	1279	1031.47	604	0.0391113	0.0432129	0.0442383	0	0.0647485
2442	25.4669	1277	1029.86	604	0.0391113	0.0432129	0.0442383	0	0.0486182
2442	25.4669	1278	1030.67	601	0.0391113	0.0432129	0.0440186	0	0.0566834
2440	25.225	1276	1029.06	603	0.0391113	0.0432129	0.044165	0	0.040553
2444	25.7088	1280	1032.28	601	0.0391113	0.0432129	0.0440186	0	0.0728125
2440	25.225	1274	1027.44	601	0.0391113	0.0432129	0.0440186	0	0.024425
2440	25.225	1279	1031.47	603	0.0391113	0.0432129	0.044165	0	0.0647485
2438	24.9831	1282	1033.89	600	0.0391113	0.0432129	0.0439453	0	0.0889416
2439	25.104	1284	1035.51	601	0.0391113	0.0432129	0.0440186	0	0.105072
2440	25.225	1274	1027.44	600	0.0391113	0.0432129	0.0439453	0	0.024425
2443	25.5879	1296	1045.18	599	0.0391113	0.0432129	0.0438721	0	0.201847
2444	25.7088	1274	1027.44	601	0.0391113	0.0432129	0.0440186	0	0.024425
2440	25.225	1274	1027.44	601	0.0391113	0.0432129	0.0440186	0	0.024425
2441	25.3459	1278	1030.67	602	0.0391113	0.0432129	0.0440918	0	0.0566834
2442	25.4669	1284	1035.51	602	0.0391113	0.0432129	0.0440918	0	0.105072
2442	25.4669	1264	1019.38	605	0.0391113	0.0432129	0.0443115	0	-0.0562219
2442	25.4669	1278	1030.67	603	0.0391113	0.0432129	0.044165	0	0.0566834
2440	25.225	1249	1007.28	601	0.0391113	0.0432129	0.0440186	0	-0.177192
2440	25.225	1273	1026.64	603	0.0391113	0.0432129	0.044165	0	0.0163599
2441	25.3459	1279	1031.47	601	0.0391113	0.0432129	0.0440186	0	0.0647485
2442	25.4669	1280	1032.28	603	0.0391113	0.0432129	0.044165	0	0.0728125
2440	25.225	1270	1024.22	605	0.0391113	0.0432129	0.0443115	0	-0.00783447
2440	25.225	1278	1030.67	605	0.0391113	0.0432129	0.0443115	0	0.0566834
2441	25.3459	1282	1033.89	605	0.0391113	0.0432129	0.0443115	0	0.0889416
2443	25.5879	1280	1032.28	610	0.0391113	0.0432129	0.0446777	0	0.0728125
2442	25.4669	1281	1033.09	610	0.0446777	0.0432129	0.0446777	0	0.0808765
2441	25.3459	1285	1036.31	535	0.0391846	0.0432129	0.0446777	0	0.113136
2442	25.4669	1280	1032.28	535	0.0391846	0.0432129	0.0446777	0	0.0728125
2443	25.5879	1280	1032.28	534	0.0391113	0.0432129	0.0446777	0	0.0728125
2444	25.7088	1268	1022.6	531	0.0388916	0.0432129	0.0446777	0	-0.0239642
2436	24.7411	1285	1036.31	530	0.0388184	0.0432129	0.0446777	0	0.113136
2440	25.225	1282	1033.89	531	0.0388916	0.0432129	0.0446777	0	0.0889416
2442	25.4669	1272	1025.83	532	0.0389648	0.0432129	0.0446777	0	0.00829468
2442	25.4669	1282	1033.89	533	0.0390381	0.0432129	0.0446777	0	0.0889416
2439	25.104	1280	1032.28	533	0.0390381	0.0432129	0.0446777	0	0.0728125
2444	25.7088	1273	1026.64	533	0.0390381	0.0432129	0.0446777	0	0.0163599
2438	24.9831	1282	1033.89	536	0.0392578	0.0432129	0.0446777	0	0.0889416
2444	25.7088	1257	1013.73	535	0.0391846	0.0432129	0.0446777	0	-0.112675
2444	25.7088	1274	1027.44	535	0.0391846	0.0432129	0.0446777	0	0.024425
2442	25.4669	1282	1033.89	531	0.0388916	0.0432129	0.0446777	0	0.0889416
2443	25.5879	1269	1023.41	535	0.0391846	0.0432129	0.0446777	0	-0.0158984
2440	25.225	1281	1033.09	538	0.0394043	0.0432129	0.0446777	0	0.0808765
2439	25.104	1277	1029.86	536	0.0392578	0.0432129	0.0446777	0	0.0486182
2438	24.9831	1284	1035.51	534	0.0391113	0.0432129	0.0446777	0	0.105072
2439	25.104	1274	1027.44	531	0.0388916	0.0432129	0.0446777	0	0.024425
2442	25.4669	1282	1033.89	536	0.0392578	0.0432129	0.0446777	0	0.0889416
2438	24.9831	1258	1014.54	535	0.0391846	0.0432129	0.0446777	0	-0.104611
2440	25.225	1272	1025.83	533	0.0390381	0.0432129	0.0446777	0	0.00829468
2438	24.9831	1282	1033.89	536	0.0392578	0.0432129	0.0446777	0	0.0889416
2442	25.4669	1272	1025.83	538	0.0394043	0.0432129	0.0446777	0	0.00829468
2442	25.4669	1289	1039.54	541	0.039624	0.0432129	0.0446777	0	0.145396
2446	25.9508	1282	1033.89	541	0.039624	0.0432129	0.0446777	0	0.0889416
2443	25.5879	1274	1027.44	546	0.0399902	0.0432129	0.0446777	0	0.024425
2444	25.7088	1282	1033.89	546	0.0399902	0.0432129	0.0446777	0	0.0889416
2442	25.4669	1282	1033.89	541	0.039624	0.0432129	0.0446777	0	0.0889416
2440	25.225	1280	1032.28	545	0.039917	0.0432129	0.0446777	0	0.0728125
2438	24.9831	1270	1024.22	546	0.0399902	0.0432129	0.0446777	0	-0.00783447
2440	25.225	1272	1025.83	544	0.0398437	0.0432129	0.0446777	0	0.00829468
2438	24.9831	1269	1023.41	543	0.0397705	0.0432129	0.0446777	0	-0.0158984
2442	25.4669	1276	1029.06	538	0.0394043	0.0432129	0.0446777	0	0.040553
2440	25.225	1276	1029.06	547	0.0400635	0.0432129	0.0446777	0	0.040553
2444	25.7088	1282	1033.89	549	0.04021	0.0432129	0.0446777	0	0.0889416
2442	25.4669	1272	1025.83	545	0.039917	0.0432129	0.0446777	0	0.00829468
2443	25.5879	1280	1032.28	551	0.0403564	0.0432129	0.0446777	0	0.0728125
2441	25.3459	1278	1030.67	545	0.039917	0.0432129	0.0446777	0	0.0566834
2442	25.4669	1272	1025.83	549	0.04021	0.0432129	0.0446777	0	0.00829468
2441	25.3459	1283	1034.7	547	0.0400635	0.0432129	0.0446777	0	0.0970068
2442	25.4669	1273	1026.64	551	0.0403564	0.0432129	0.0446777	0	0.0163599
2441	25.3459	1279	1031.47	550	0.0402832	0.0432129	0.0446777	0	0.0647485
2439	25.104	1278	1030.67	547	0.0400635	0.0432129	0.0446777	0	0.0566834
2439	25.104	1277	1029.86	547	0.0400635	0.0432129	0.0446777	0	0.0486182
2441	25.3459	1279	1031.47	548	0.0401367	0.0432129	0.0446777	0	0.0647485
2441	25.3459	1282	1033.89	549	0.04021	0.0432129	0.0446777	0	0.0889416
2441	25.3459	1254	1011.31	549	0.04021	0.0432129	0.0446777	0	-0.136869
2443	25.5879	1274	1027.44	550	0.0402832	0.0432129	0.0446777	0	0.024425
2441	25.3459	1279	1031.47	553	0.0405029	0.0432129	0.0446777	0	0.0647485
2442	25.4669	1271	1025.02	546	0.0399902	0.0432129	0.0446777	0	0.000229492
2441	25.3459	1276	1029.06	551	0.0403564	0.0432129	0.0446777	0	0.040553
2437	24.8621	1278	1030.67	552	0.0404297	0.0432129	0.0446777	0	0.0566834
2438	24.9831	1276	1029.06	550	0.0402832	0.0432129	0.0446777	0	0.040553
2440	25.225	1267	1021.8	548	0.0401367	0.0432129	0.0446777	0	-0.0320282
2441	25.3459	1288	1038.73	550	0.0402832	0.0432129	0.0446777	0	0.13733
2440	25.225	1277	1029.86	547	0.0400635	0.0432129	0.0446777	0	0.0486182
2443	25.5879	1290	1040.35	553	0.0405029	0.0432129	0.0446777	0	0.153459
2445	25.8298	1281	1033.09	553	0.0405029	0.0432129	0.0446777	0	0.0808765
2439	25.104	1281	1033.09	552	0.0404297	0.0432129	0.0446777	0	0.0808765
2443	25.5879	1275	1028.25	548	0.0401367	0.0432129	0.0446777	0	0.032489
2441	25.3459	1277	1029.86	550	0.0402832	0.0432129	0.0446777	0	0.0486182
2440	25.225	1282	1033.89	554	0.0405762	0.0432129	0.0446777	0	0.0889416
2439	25.104	1272	1025.83	548	0.0401367	0.0432129	0.0446777	0	0.00829468
2438	24.9831	1269	1023.41	550	0.0402832	0.0432129	0.0446777	0	-0.0158984
2441	25.3459	1268	1022.6	549	0.04021	0.0432129	0.0446777	0	-0.0239642
2440	25.225	1273	1026.64	548	0.0401367	0.0432129	0.0446777	0	0.0163599
2442	25.4669	1273	1026.64	553	0.0405029	0.0432129	0.0446777	0	0.0163599
2443	25.5879	1270	1024.22	549	0.04021	0.0432129	0.0446777	0	-0.00783447
2441	25.3459	1280	1032.28	553	0.0405029	0.0432129	0.0446777	0	0.0728125
2441	25.3459	1278	1030.67	555	0.0406494	0.0432129	0.0446777	0	0.0566834
2442	25.4669	1277	1029.86	552	0.0404297	0.0432129	0.0446777	0	0.0486182
2442	25.4669	1282	1033.89	556	0.0407227	0.0432129	0.0446777	0	0.0889416
2443	25.5879	1277	1029.86	551	0.0403564	0.0432129	0.0446777	0	0.0486182
2440	25.225	1284	1035.51	551	0.0403564	0.0432129	0.0446777	0	0.105072
2445	25.8298	1277	1029.86	554	0.0405762	0.0432129	0.0446777	0	0.0486182
2440	25.225	1275	1028.25	551	0.0403564	0.0432129	0.0446777	0	0.032489
2438	24.9831	1276	1029.06	556	0.0407227	0.0432129	0.0446777	0	0.040553
2442	25.4669	1281	1033.09	550	0.0402832	0.0432129	0.0446777	0	0.0808765
2444	25.7088	1273	1026.64	552	0.0404297	0.0432129	0.0446777	0	0.0163599
2442	25.4669	1272	1025.83	547	0.0400635	0.0432129	0.0446777	0	0.00829468
2442	25.4669	1276	1029.06	553	0.0405029	0.0432129	0.0446777	0	0.040553
2442	25.4669	1281	1033.09	551	0.0403564	0.0432129	0.0446777	0	0.0808765
2442	25.4669	1275	1028.25	557	0.0407959	0.0432129	0.0446777	0	0.032489
2438	24.9831	1269	1023.41	554	0.0405762	0.0432129	0.0446777	0	-0.0158984
2441	25.3459	1281	1033.09	553	0.0405029	0.0432129	0.0446777	0	0.0808765
2438	24.9831	1278	1030.67	553	0.0405029	0.0432129	0.0446777	0	0.0566834
2440	25.225	1277	1029.86	553	0.0405029	0.0432129	0.0446777	0	0.0486182
2441	25.3459	1251	1008.89	549	0.04021	0.0432129	0.0446777	0	-0.161064
2437	24.8621	1276	1029.06	552	0.0404297	0.0432129	0.0446777	0	0.040553
2441	25.3459	1280	1032.28	555	0.0406494	0.0432129	0.0446777	0	0.0728125
2442	25.4669	1280	1032.28	553	0.0405029	0.0432129	0.0446777	0	0.0728125
2441	25.3459	1275	1028.25	555	0.0406494	0.0432129	0.0446777	0	0.032489
2443	25.5879	1272	1025.83	554	0.0405762	0.0432129	0.0446777	0	0.00829468
2442	25.4669	1272	1025.83	557	0.0407959	0.0432129	0.0446777	0	0.00829468
2444	25.7088	1281	1033.09	556	0.0407959	0.0407227	0.0446777	0	0.0808765
2440	25.225	1272	1025.83	614	0.0407959	0.0449707	0.0446777	0	0.00829468
2440	25.225	1275	1028.25	612	0.0407959	0.0448242	0.0446777	0	0.032489
2440	25.225	1274	1027.44	615	0.0407959	0.0450439	0.0446777	0	0.024425
2441	25.3459	1280	1032.28	612	0.0407959	0.0448242	0.0446777	0	0.0728125
2439	25.104	1276	1029.06	613	0.0407959	0.0448975	0.0446777	0	0.040553
2439	25.104	1274	1027.44	614	0.0407959	0.0449707	0.0446777	0	0.024425
2442	25.4669	1285	1036.31	615	0.0407959	0.0450439	0.0446777	0	0.113136
2441	25.3459	1275	1028.25	612	0.0407959	0.0448242	0.0446777	0	0.032489
2441	25.3459	1283	1034.7	616	0.0407959	0.0451172	0.0446777	0	0.0970068
2443	25.5879	1278	1030.67	616	0.0407959	0.0451172	0.0446777	0	0.0566834
2441	25.3459	1280	1032.28	618	0.0407959	0.0452637	0.0446777	0	0.0728125
2441	25.3459	1282	1033.89	617	0.0407959	0.0451904	0.0446777	0	0.0889416
2440	25.225	1279	1031.47	619	0.0407959	0.0453369	0.0446777	0	0.0647485
2441	25.3459	1281	1033.09	618	0.0407959	0.0452637	0.0446777	0	0.0808765
2440	25.225	1275	1028.25	619	0.0407959	0.0453369	0.0446777	0	0.032489
2442	25.4669	1272	1025.83	619	0.0407959	0.0453369	0.0446777	0	0.00829468
2440	25.225	1276	1029.06	618	0.0407959	0.0452637	0.0446777	0	0.040553
2438	24.9831	1276	1029.06	620	0.0407959	0.0454102	0.0446777	0	0.040553
2438	24.9831	1280	1032.28	618	0.0407959	0.0452637	0.0446777	0	0.0728125
2440	25.225	1274	1027.44	621	0.0407959	0.0454834	0.0446777	0	0.024425
2440	25.225	1281	1033.09	617	0.0407959	0.0451904	0.0446777	0	0.0808765
2443	25.5879	1278	1030.67	623	0.0407959	0.0456299	0.0446777	0	0.0566834
2444	25.7088	1284	1035.51	620	0.0407959	0.0454102	0.0446777	0	0.105072
2440	25.225	1281	1033.09	621	0.0407959	0.0454834	0.0446777	0	0.0808765
2443	25.5879	1272	1025.83	620	0.0407959	0.0454102	0.0446777	0	0.00829468
2442	25.4669	1274	1027.44	620	0.0407959	0.0454102	0.0446777	0	0.024425
2441	25.3459	1280	1032.28	620	0.0407959	0.0454102	0.0446777	0	0.0728125
2440	25.225	1274	1027.44	620	0.0407959	0.0454102	0.0446777	0	0.024425
2439	25.104	1271	1025.02	618	0.0407959	0.0452637	0.0446777	0	0.000229492
2439	25.104	1283	1034.7	620	0.0407959	0.0454102	0.0446777	0	0.0970068
2439	25.104	1280	1032.28	618	0.0407959	0.0452637	0.0446777	0	0.0728125
2440	25.225	1278	1030.67	618	0.0407959	0.0452637	0.0446777	0	0.0566834
2442	25.4669	1273	1026.64	621	0.0407959	0.0454834	0.0446777	0	0.0163599
2441	25.3459	1276	1029.06	620	0.0407959	0.0454102	0.0446777	0	0.040553
2441	25.3459	1278	1030.67	620	0.0407959	0.0454102	0.0446777	0	0.0566834
2441	25.3459	1272	1025.83	621	0.0407959	0.0454834	0.0446777	0	0.00829468
2438	24.9831	1282	1033.89	622	0.0407959	0.0455566	0.0446777	0	0.0889416
2442	25.4669	1274	1027.44	624	0.0407959	0.0457031	0.0446777	0	0.024425
2442	25.4669	1287	1037.93	622	0.0407959	0.0455566	0.0446777	0	0.129265
2440	25.225	1285	1036.31	622	0.0407959	0.0455566	0.0446777	0	0.113136
2438	24.9831	1243	1002.44	621	0.0407959	0.0454834	0.0446777	0	-0.225582
2441	25.3459	1270	1024.22	623	0.0407959	0.0456299	0.0446777	0	-0.00783447
2438	24.9831	1267	1021.8	623	0.0407959	0.0456299	0.0446777	0	-0.0320282
2441	25.3459	1277	1029.86	623	0.0407959	0.0456299	0.0446777	0	0.0486182
2443	25.5879	1276	1029.06	623	0.0407959	0.0456299	0.0446777	0	0.040553
2441	25.3459	1276	1029.06	628	0.0407959	0.0459961	0.0446777	0	0.040553
2438	24.9831	1280	1032.28	628	0.0407959	0.0459961	0.0446777	0	0.0728125
2440	25.225	1277	1029.86	628	0.0407959	0.0459961	0.0446777	0	0.0486182
2437	24.8621	1284	1035.51	629	0.0407959	0.0460693	0.0446777	0	0.105072
2439	25.104	1269	1023.41	625	0.0407959	0.0457764	0.0446777	0	-0.0158984
2438	24.9831	1272	1025.83	628	0.0407959	0.0459961	0.0446777	0	0.00829468
2441	25.3459	1276	1029.06	628	0.0407959	0.0459961	0.0446777	0	0.040553
2440	25.225	1278	1030.67	629	0.0407959	0.0460693	0.0446777	0	0.0566834
2442	25.4669	1274	1027.44	627	0.0407959	0.0459229	0.0446777	0	0.024425
2442	25.4669	1276	1029.06	628	0.0407959	0.0459961	0.0446777	0	0.040553
2441	25.3459	1282	1033.89	628	0.0407959	0.0459961	0.0446777	0	0.0889416
2441	25.3459	1273	1026.64	629	0.0407959	0.0460693	0.0446777	0	0.0163599
2441	25.3459	1276	1029.06	625	0.0407959	0.0457764	0.0446777	0	0.040553
2439	25.104	1271	1025.02	629	0.0407959	0.0460693	0.0446777	0	0.000229492
2440	25.225	1286	1037.12	625	0.0407959	0.0457764	0.0446777	0	0.1212
2439	25.104	1271	1025.02	626	0.0407959	0.0458496	0.0446777	0	0.000229492
2442	25.4669	1274	1027.44	629	0.0407959	0.0460693	0.0446777	0	0.024425
2439	25.104	1279	1031.47	624	0.0407959	0.0457031	0.0446777	0	0.0647485
2440	25.225	1280	1032.28	627	0.0407959	0.0459229	0.0446777	0	0.0728125
2440	25.225	1271	1025.02	628	0.0407959	0.0459961	0.0446777	0	0.000229492
2438	24.9831	1283	1034.7	625	0.0407959	0.0457764	0.0446777	0	0.0970068
2439	25.104	1277	1029.86	625	0.0407959	0.0457764	0.0446777	0	0.0486182
2440	25.225	1281	1033.09	628	0.0407959	0.0459961	0.0446777	0	0.0808765
2446	25.9508	1280	1032.28	629	0.0407959	0.0460693	0.0446777	0	0.0728125
2442	25.4669	1290	1040.35	629	0.0407959	0.0460693	0.0446777	0	0.153459
2440	25.225	1282	1033.89	631	0.0407959	0.0462158	0.0446777	0	0.0889416
2440	25.225	1285	1036.31	627	0.0407959	0.0459229	0.0446777	0	0.113136
2440	25.225	1272	1025.83	627	0.0407959	0.0459229	0.0446777	0	0.00829468
2440	25.225	1275	1028.25	626	0.0407959	0.0458496	0.0446777	0	0.032489
2439	25.104	1270	1024.22	627	0.0407959	0.0459229	0.0446777	0	-0.00783447
2442	25.4669	1275	1028.25	623	0.0407959	0.0456299	0.0446777	0	0.032489
2440	25.225	1273	1026.64	627	0.0407959	0.0459229	0.0446777	0	0.0163599
2438	24.9831	1280	1032.28	625	0.0407959	0.0457764	0.0446777	0	0.0728125
2441	25.3459	1278	1030.67	629	0.0407959	0.0460693	0.0446777	0	0.0566834
2442	25.4669	1275	1028.25	625	0.0407959	0.0457764	0.0446777	0	0.032489
2442	25.4669	1269	1023.41	631	0.0407959	0.0462158	0.0446777	0	-0.0158984
2444	25.7088	1287	1037.93	630	0.0407959	0.0461426	0.0446777	0	0.129265
2441	25.3459	1273	1026.64	629	0.0407959	0.0460693	0.0446777	0	0.0163599
2441	25.3459	1271	1025.02	628	0.0407959	0.0459961	0.0446777	0	0.000229492
2438	24.9831	1280	1032.28	627	0.0407959	0.0459229	0.0446777	0	0.0728125
2439	25.104	1272	1025.83	626	0.0407959	0.0458496	0.0446777	0	0.00829468
2440	25.225	1256	1012.93	627	0.0407959	0.0459229	0.0446777	0	-0.120741
2438	24.9831	1272	1025.83	624	0.0407959	0.0457031	0.0446777	0	0.00829468
2439	25.104	1273	1026.64	626	0.0407959	0.0458496	0.0446777	0	0.0163599
2440	25.225	1274	1027.44	627	0.0407959	0.0459229	0.0446777	0	0.024425
2441	25.3459	1275	1028.25	628	0.0407959	0.0459961	0.0446777	0	0.032489
2444	25.7088	1282	1033.89	628	0.0407959	0.0459961	0.0446777	0	0.0889416
2441	25.3459	1275	1028.25	628	0.0407959	0.0459961	0.0446777	0	0.032489
2442	25.4669	1285	1036.31	631	0.0462158	0.0459961	0.0446777	0	0.113136
2438	24.9831	1275	1028.25	573	0.0419678	0.0459961	0.0446777	0	0.032489
2443	25.5879	1262	1017.76	579	0.0424072	0.0459961	0.0446777	0	-0.0723517
2440	25.225	1254	1011.31	574	0.042041	0.0459961	0.0446777	0	-0.136869
2442	25.4669	1279	1031.47	578	0.042334	0.0459961	0.0446777	0	0.0647485
2440	25.225	1279	1031.47	573	0.0419678	0.0459961	0.0446777	0	0.0647485
2440	25.225	1280	1032.28	576	0.0421875	0.0459961	0.0446777	0	0.0728125
2444	25.7088	1277	1029.86	573	0.0419678	0.0459961	0.0446777	0	0.0486182
2439	25.104	1272	1025.83	576	0.0421875	0.0459961	0.0446777	0	0.00829468
2442	25.4669	1272	1025.83	577	0.0422607	0.0459961	0.0446777	0	0.00829468
2438	24.9831	1282	1033.89	575	0.0421143	0.0459961	0.0446777	0	0.0889416
2442	25.4669	1280	1032.28	571	0.0418213	0.0459961	0.0446777	0	0.0728125
2443	25.5879	1282	1033.89	577	0.0422607	0.0459961	0.0446777	0	0.0889416
2444	25.7088	1271	1025.02	575	0.0421143	0.0459961	0.0446777	0	0.000229492
2440	25.225	1270	1024.22	579	0.0424072	0.0459961	0.0446777	0	-0.00783447
2441	25.3459	1281	1033.09	579	0.0424072	0.0459961	0.0446777	0	0.0808765
2441	25.3459	1277	1029.86	575	0.0421143	0.0459961	0.0446777	0	0.0486182
2442	25.4669	1251	1008.89	578	0.042334	0.0459961	0.0446777	0	-0.161064
2442	25.4669	1265	1020.18	577	0.0422607	0.0459961	0.0446777	0	-0.048158
2440	25.225	1270	1024.22	577	0.0422607	0.0459961	0.0446777	0	-0.00783447
2440	25.225	1270	1024.22	577	0.0422607	0.0459961	0.0446777	0	-0.00783447
2442	25.4669	1279	1031.47	578	0.042334	0.0459961	0.0446777	0	0.0647485
2440	25.225	1280	1032.28	576	0.0421875	0.0459961	0.0446777	0	0.0728125
2442	25.4669	1274	1027.44	578	0.042334	0.0459961	0.0446777	0	0.024425
2440	25.225	1274	1027.44	580	0.0424805	0.0459961	0.0446777	0	0.024425
2441	25.3459	1278	1030.67	580	0.0424805	0.0459961	0.0446777	0	0.0566834
2442	25.4669	1280	1032.28	580	0.0424805	0.0459961	0.0446777	0	0.0728125
2440	25.225	1275	1028.25	580	0.0424805	0.0459961	0.0446777	0	0.032489
2440	25.225	1280	1032.28	579	0.0424072	0.0459961	0.0446777	0	0.0728125
2436	24.7411	1275	1028.25	580	0.0424805	0.0459961	0.0446777	0	0.032489
2439	25.104	1284	1035.51	578	0.042334	0.0459961	0.0446777	0	0.105072
2440	25.225	1275	1028.25	576	0.0421875	0.0459961	0.0446777	0	0.032489
2442	25.4669	1280	1032.28	578	0.042334	0.0459961	0.0446777	0	0.0728125
2440	25.225	1288	1038.73	579	0.0424072	0.0459961	0.0446777	0	0.13733
2439	25.104	1279	1031.47	578	0.042334	0.0459961	0.0446777	0	0.0647485
2442	25.4669	1279	1031.47	576	0.0421875	0.0459961	0.0446777	0	0.0647485
2440	25.225	1250	1008.09	581	0.0425537	0.0459961	0.0446777	0	-0.169128
2444	25.7088	1281	1033.09	581	0.0425537	0.0459961	0.0446777	0	0.0808765
2440	25.225	1278	1030.67	583	0.0427002	0.0459961	0.0446777	0	0.0566834
2440	25.225	1276	1029.06	578	0.042334	0.0459961	0.0446777	0	0.040553
2440	25.225	1280	1032.28	584	0.0427734	0.0459961	0.0446777	0	0.0728125
2442	25.4669	1260	1016.15	583	0.0427002	0.0459961	0.0446777	0	-0.0884814
2437	24.8621	1276	1029.06	582	0.042627	0.0459961	0.0446777	0	0.040553
2443	25.5879	1277	1029.86	583	0.0427002	0.0459961	0.0446777	0	0.0486182
2440	25.225	1274	1027.44	584	0.0427734	0.0459961	0.0446777	0	0.024425
2442	25.4669	1278	1030.67	584	0.0427734	0.0459961	0.0446777	0	0.0566834
2439	25.104	1288	1038.73	582	0.042627	0.0459961	0.0446777	0	0.13733
2443	25.5879	1277	1029.86	588	0.0430664	0.0459961	0.0446777	0	0.0486182
2440	25.225	1284	1035.51	589	0.0431396	0.0459961	0.0446777	0	0.105072
2438	24.9831	1276	1029.06	586	0.0429199	0.0459961	0.0446777	0	0.040553
2439	25.104	1279	1031.47	586	0.0429199	0.0459961	0.0446777	0	0.0647485
2442	25.4669	1273	1026.64	582	0.042627	0.0459961	0.0446777	0	0.0163599
2441	25.3459	1280	1032.28	584	0.0427734	0.0459961	0.0446777	0	0.0728125
2442	25.4669	1278	1030.67	584	0.0427734	0.0459961	0.0446777	0	0.0566834
2445	25.8298	1286	1037.12	584	0.0427734	0.0459961	0.0446777	0	0.1212
2443	25.5879	1272	1025.83	586	0.0429199	0.0459961	0.0446777	0	0.00829468
2443	25.5879	1274	1027.44	586	0.0429199	0.0459961	0.0446777	0	0.024425
2441	25.3459	1272	1025.83	586	0.0429199	0.0459961	0.0446777	0	0.00829468
2442	25.4669	1273	1026.64	581	0.0425537	0.0459961	0.0446777	0	0.0163599
2437	24.8621	1265	1020.18	583	0.0427002	0.0459961	0.0446777	0	-0.048158
2442	25.4669	1268	1022.6	581	0.0425537	0.0459961	0.0446777	0	-0.0239642
2444	25.7088	1270	1024.22	581	0.0425537	0.0459961	0.0446777	0	-0.00783447
2438	24.9831	1270	1024.22	577	0.0422607	0.0459961	0.0446777	0	-0.00783447
2441	25.3459	1276	1029.06	578	0.042334	0.0459961	0.0446777	0	0.040553
2440	25.225	1272	1025.83	579	0.0424072	0.0459961	0.0446777	0	0.00829468
2442	25.4669	1274	1027.44	578	0.042334	0.0459961	0.0446777	0	0.024425
2438	24.9831	1274	1027.44	577	0.0422607	0.0459961	0.0446777	0	0.024425
2439	25.104	1280	1032.28	576	0.0421875	0.0459961	0.0446777	0	0.0728125
2441	25.3459	1265	1020.18	580	0.0424805	0.0459961	0.0446777	0	-0.048158
2438	24.9831	1281	1033.09	578	0.042334	0.0459961	0.0446777	0	0.0808765
2439	25.104	1274	1027.44	576	0.0421875	0.0459961	0.0446777	0	0.024425
2441	25.3459	1277	1029.86	579	0.0424072	0.0459961	0.0446777	0	0.0486182
2441	25.3459	1246	1004.86	574	0.042041	0.0459961	0.0446777	0	-0.201388
2436	24.7411	1276	1029.06	575	0.0421143	0.0459961	0.0446777	0	0.040553
2441	25.3459	1277	1029.86	576	0.0421875	0.0459961	0.0446777	0	0.0486182
2437	24.8621	1273	1026.64	572	0.0418945	0.0459961	0.0446777	0	0.0163599
2439	25.104	1279	1031.47	577	0.0422607	0.0459961	0.0446777	0	0.0647485
2442	25.4669	1302	1050.02	576	0.0421875	0.0459961	0.0446777	0	0.250236
2441	25.3459	1262	1017.76	576	0.0421875	0.0459961	0.0446777	0	-0.0723517
2441	25.3459	1254	1011.31	573	0.0419678	0.0459961	0.0446777	0	-0.136869
2444	25.7088	1278	1030.67	571	0.0418213	0.0459961	0.0446777	0	0.0566834
2443	25.5879	1273	1026.64	570	0.041748	0.0459961	0.0446777	0	0.0163599
2442	25.4669	1282	1033.89	571	0.0418213	0.0459961	0.0446777	0	0.0889416
2438	24.9831	1265	1020.18	572	0.0418945	0.0459961	0.0446777	0	-0.048158
2437	24.8621	1281	1033.09	572	0.0418945	0.0459961	0.0446777	0	0.0808765
2439	25.104	1269	1023.41	571	0.0418213	0.0459961	0.0446777	0	-0.0158984
2442	25.4669	1274	1027.44	571	0.0418213	0.0459961	0.0446777	0	0.024425
2440	25.225	1282	1033.89	572	0.0418945	0.0459961	0.0446777	0	0.0889416
2441	25.3459	1261	1016.96	567	0.0415283	0.0459961	0.0446777	0	-0.0804175
2439	25.104	1269	1023.41	570	0.041748	0.0459961	0.0446777	0	-0.0158984
2442	25.4669	1278	1030.67	569	0.0416748	0.0459961	0.0446777	0	0.0566834
2442	25.4669	1281	1033.09	574	0.042041	0.0459961	0.0446777	0	0.0808765
2439	25.104	1284	1035.51	570	0.041748	0.0459961	0.0446777	0	0.105072
2441	25.3459	1301	1049.22	569	0.0416748	0.0459961	0.0446777	0	0.24217
2437	24.8621	1275	1028.25	567	0.0415283	0.0459961	0.0446777	0	0.032489
2438	24.9831	1302	1050.02	564	0.0413086	0.0459961	0.0446777	0	0.250236
2436	24.7411	1276	1029.06	566	0.0413086	0.0459961	0.0414551	0	0.040553
2440	25.225	1273	1026.64	643	0.0413086	0.0459961	0.0470947	0	0.0163599
2439	25.104	1278	1030.67	643	0.0413086	0.0459961	0.0470947	0	0.0566834
2441	25.3459	1278	1030.67	644	0.0413086	0.0459961	0.047168	0	0.0566834
2441	25.3459	1277	1029.86	641	0.0413086	0.0459961	0.0469482	0	0.0486182
2443	25.5879	1276	1029.06	643	0.0413086	0.0459961	0.0470947	0	0.040553
2441	25.3459	1267	1021.8	645	0.0413086	0.0459961	0.0472412	0	-0.0320282
2441	25.3459	1274	1027.44	642	0.0413086	0.0459961	0.0470215	0	0.024425
2439	25.104	1272	1025.83	644	0.0413086	0.0459961	0.047168	0	0.00829468
2440	25.225	1280	1032.28	643	0.0413086	0.0459961	0.0470947	0	0.0728125
2442	25.4669	1281	1033.09	643	0.0413086	0.0459961	0.0470947	0	0.0808765
2440	25.225	1275	1028.25	639	0.0413086	0.0459961	0.0468018	0	0.032489
2438	24.9831	1272	1025.83	638	0.0413086	0.0459961	0.0467285	0	0.00829468
2438	24.9831	1283	1034.7	637	0.0413086	0.0459961	0.0466553	0	0.0970068
2439	25.104	1270	1024.22	640	0.0413086	0.0459961	0.046875	0	-0.00783447
2441	25.3459	1273	1026.64	638	0.0413086	0.0459961	0.0467285	0	0.0163599
2440	25.225	1281	1033.09	640	0.0413086	0.0459961	0.046875	0	0.0808765
2443	25.5879	1272	1025.83	640	0.0413086	0.0459961	0.046875	0	0.00829468
2440	25.225	1286	1037.12	641	0.0413086	0.0459961	0.0469482	0	0.1212
2442	25.4669	1276	1029.06	641	0.0413086	0.0459961	0.0469482	0	0.040553
2442	25.4669	1271	1025.02	637	0.0413086	0.0459961	0.0466553	0	0.000229492
2440	25.225	1275	1028.25	634	0.0413086	0.0459961	0.0464355	0	0.032489
2443	25.5879	1281	1033.09	637	0.0413086	0.0459961	0.0466553	0	0.0808765
2436	24.7411	1273	1026.64	636	0.0413086	0.0459961	0.046582	0	0.0163599
2438	24.9831	1269	1023.41	641	0.0413086	0.0459961	0.0469482	0	-0.0158984
2439	25.104	1281	1033.09	636	0.0413086	0.0459961	0.046582	0	0.0808765
2439	25.104	1270	1024.22	637	0.0413086	0.0459961	0.0466553	0	-0.00783447
2442	25.4669	1275	1028.25	637	0.0413086	0.0459961	0.0466553	0	0.032489
2441	25.3459	1275	1028.25	638	0.0413086	0.0459961	0.0467285	0	0.032489
2442	25.4669	1281	1033.09	637	0.0413086	0.0459961	0.0466553	0	0.0808765
2442	25.4669	1282	1033.89	637	0.0413086	0.0459961	0.0466553	0	0.0889416
2440	25.225	1273	1026.64	638	0.0413086	0.0459961	0.0467285	0	0.0163599
2438	24.9831	1278	1030.67	637	0.0413086	0.0459961	0.0466553	0	0.0566834
2440	25.225	1287	1037.93	640	0.0413086	0.0459961	0.046875	0	0.129265
2439	25.104	1277	1029.86	636	0.0413086	0.0459961	0.046582	0	0.0486182
2440	25.225	1281	1033.09	640	0.0413086	0.0459961	0.046875	0	0.0808765
2440	25.225	1281	1033.09	640	0.0413086	0.0459961	0.046875	0	0.0808765
2440	25.225	1279	1031.47	637	0.0413086	0.0459961	0.0466553	0	0.0647485
2436	24.7411	1281	1033.09	640	0.0413086	0.0459961	0.046875	0	0.0808765
2439	25.104	1281	1033.09	640	0.0413086	0.0459961	0.046875	0	0.0808765
2442	25.4669	1272	1025.83	639	0.0413086	0.0459961	0.0468018	0	0.00829468
2442	25.4669	1272	1025.83	645	0.0413086	0.0459961	0.0472412	0	0.00829468
2445	25.8298	1280	1032.28	646	0.0413086	0.0459961	0.0473145	0	0.0728125
2441	25.3459	1277	1029.86	645	0.0413086	0.0459961	0.0472412	0	0.0486182
2438	24.9831	1282	1033.89	647	0.0413086	0.0459961	0.0473877	0	0.0889416
2440	25.225	1276	1029.06	645	0.0413086	0.0459961	0.0472412	0	0.040553
2441	25.3459	1280	1032.28	647	0.0413086	0.0459961	0.0473877	0	0.0728125
2443	25.5879	1267	1021.8	647	0.0413086	0.0459961	0.0473877	0	-0.0320282
2442	25.4669	1280	1032.28	648	0.0413086	0.0459961	0.0474609	0	0.0728125
2441	25.3459	1286	1037.12	644	0.0413086	0.0459961	0.047168	0	0.1212
2441	25.3459	1281	1033.09	648	0.0413086	0.0459961	0.0474609	0	0.0808765
2440	25.225	1282	1033.89	643	0.0413086	0.0459961	0.0470947	0	0.0889416
2437	24.8621	1285	1036.31	647	0.0413086	0.0459961	0.0473877	0	0.113136
2439	25.104	1285	1036.31	644	0.0413086	0.0459961	0.047168	0	0.113136
2440	25.225	1278	1030.67	640	0.0413086	0.0459961	0.046875	0	0.0566834
2439	25.104	1273	1026.64	642	0.0413086	0.0459961	0.0470215	0	0.0163599
2439	25.104	1271	1025.02	642	0.0413086	0.0459961	0.0470215	0	0.000229492
2440	25.225	1270	1024.22	641	0.0413086	0.0459961	0.0469482	0	-0.00783447
2442	25.4669	1285	1036.31	640	0.0413086	0.0459961	0.046875	0	0.113136
2442	25.4669	1297	1045.99	640	0.0413086	0.0459961	0.046875	0	0.209912
2441	25.3459	1256	1012.93	639	0.0413086	0.0459961	0.0468018	0	-0.120741
2442	25.4669	1248	1006.47	639	0.0413086	0.0459961	0.0468018	0	-0.185258
2442	25.4669	1260	1016.15	640	0.0413086	0.0459961	0.046875	0	-0.0884814
2441	25.3459	1272	1025.83	637	0.0413086	0.0459961	0.0466553	0	0.00829468
2441	25.3459	1274	1027.44	639	0.0413086	0.0459961	0.0468018	0	0.024425
2439	25.104	1272	1025.83	637	0.0413086	0.0459961	0.0466553	0	0.00829468
2438	24.9831	1275	1028.25	634	0.0413086	0.0459961	0.0464355	0	0.032489
2438	24.9831	1272	1025.83	633	0.0413086	0.0459961	0.0463623	0	0.00829468
2440	25.225	1281	1033.09	634	0.0413086	0.0459961	0.0464355	0	0.0808765
2438	24.9831	1276	1029.06	632	0.0413086	0.0459961	0.0462891	0	0.040553
2441	25.3459	1278	1030.67	632	0.0413086	0.0459961	0.0462891	0	0.0566834
2442	25.4669	1281	1033.09	635	0.0413086	0.0459961	0.0465088	0	0.0808765
2442	25.4669	1281	1033.09	629	0.0413086	0.0459961	0.0460693	0	0.0808765
2442	25.4669	1281	1033.09	631	0.0413086	0.0459961	0.0462158	0	0.0808765
2440	25.225	1279	1031.47	628	0.0413086	0.0459961	0.0459961	0	0.0647485
2441	25.3459	1255	1012.12	627	0.0413086	0.0459961	0.0459229	0	-0.128805
2439	25.104	1275	1028.25	626	0.0413086	0.0459961	0.0458496	0	0.032489
2438	24.9831	1280	1032.28	625	0.0413086	0.0459961	0.0457764	0	0.0728125
2437	24.8621	1284	1035.51	624	0.0413086	0.0459961	0.0457031	0	0.105072
2438	24.9831	1271	1025.02	621	0.0413086	0.0459961	0.0454834	0	0.000229492
2441	25.3459	1273	1026.64	622	0.0413086	0.0459961	0.0455566	0	0.0163599
2439	25.104	1272	1025.83	625	0.0413086	0.0459961	0.0457764	0	0.00829468
2441	25.3459	1276	1029.06	623	0.0413086	0.0459961	0.0456299	0	0.040553
2440	25.225	1279	1031.47	624	0.0413086	0.0459961	0.0457031	0	0.0647485
2442	25.4669	1268	1022.6	624	0.0413086	0.0459961	0.0457031	0	-0.0239642
2441	25.3459	1276	1029.06	624	0.0413086	0.0459961	0.0457031	0	0.040553
2439	25.104	1283	1034.7	621	0.0413086	0.0459961	0.0454834	0	0.0970068
2440	25.225	1278	1030.67	617	0.0413086	0.0459961	0.0451904	0	0.0566834
2437	24.8621	1274	1027.44	618	0.0413086	0.0459961	0.0452637	0	0.024425
2439	25.104	1290	1040.35	619	0.0413086	0.0459961	0.0453369	0	0.153459
2439	25.104	1279	1031.47	618	0.0413086	0.0459961	0.0452637	0	0.0647485
2440	25.225	1271	1025.02	617	0.0413086	0.0459961	0.0451904	0	0.000229492
2440	25.225	1282	1033.89	620	0.0413086	0.0459961	0.0454102	0	0.0889416
2443	25.5879	1272	1025.83	618	0.0413086	0.0459961	0.0452637	0	0.00829468
2441	25.3459	1285	1036.31	621	0.0413086	0.0459961	0.0454834	0	0.113136
2440	25.225	1278	1030.67	621	0.0454834	0.0459961	0.0454834	0	0.0566834
2442	25.4669	1272	1025.83	542	0.0396973	0.0459961	0.0454834	0	0.00829468
2440	25.225	1273	1026.64	546	0.0399902	0.0459961	0.0454834	0	0.0163599
2444	25.7088	1273	1026.64	539	0.0394775	0.0459961	0.0454834	0	0.0163599
2436	24.7411	1247	1005.67	535	0.0391846	0.0459961	0.0454834	0	-0.193322
2438	24.9831	1269	1023.41	546	0.0399902	0.0459961	0.0454834	0	-0.0158984
2439	25.104	1271	1025.02	546	0.0399902	0.0459961	0.0454834	0	0.000229492
2441	25.3459	1278	1030.67	544	0.0398437	0.0459961	0.0454834	0	0.0566834
2443	25.5879	1269	1023.41	544	0.0398437	0.0459961	0.0454834	0	-0.0158984
2443	25.5879	1273	1026.64	543	0.0397705	0.0459961	0.0454834	0	0.0163599
2444	25.7088	1270	1024.22	547	0.0400635	0.0459961	0.0454834	0	-0.00783447
2441	25.3459	1280	1032.28	547	0.0400635	0.0459961	0.0454834	0	0.0728125
2440	25.225	1276	1029.06	545	0.039917	0.0459961	0.0454834	0	0.040553
2437	24.8621	1273	1026.64	546	0.0399902	0.0459961	0.0454834	0	0.0163599
2440	25.225	1276	1029.06	548	0.0401367	0.0459961	0.0454834	0	0.040553
2437	24.8621	1278	1030.67	548	0.0401367	0.0459961	0.0454834	0	0.0566834
2437	24.8621	1281	1033.09	546	0.0399902	0.0459961	0.0454834	0	0.0808765
2440	25.225	1272	1025.83	546	0.0399902	0.0459961	0.0454834	0	0.00829468
2441	25.3459	1248	1006.47	542	0.0396973	0.0459961	0.0454834	0	-0.185258
2436	24.7411	1271	1025.02	545	0.039917	0.0459961	0.0454834	0	0.000229492
2445	25.8298	1281	1033.09	545	0.039917	0.0459961	0.0454834	0	0.0808765
2442	25.4669	1278	1030.67	546	0.0399902	0.0459961	0.0454834	0	0.0566834
2439	25.104	1278	1030.67	549	0.04021	0.0459961	0.0454834	0	0.0566834
2443	25.5879	1270	1024.22	549	0.04021	0.0459961	0.0454834	0	-0.00783447
2443	25.5879	1264	1019.38	546	0.0399902	0.0459961	0.0454834	0	-0.0562219
2438	24.9831	1285	1036.31	547	0.0400635	0.0459961	0.0454834	0	0.113136
2442	25.4669	1274	1027.44	546	0.0399902	0.0459961	0.0454834	0	0.024425
2437	24.8621	1280	1032.28	547	0.0400635	0.0459961	0.0454834	0	0.0728125
2438	24.9831	1257	1013.73	543	0.0397705	0.0459961	0.0454834	0	-0.112675
2437	24.8621	1269	1023.41	546	0.0399902	0.0459961	0.0454834	0	-0.0158984
2440	25.225	1282	1033.89	547	0.0400635	0.0459961	0.0454834	0	0.0889416
2440	25.225	1277	1029.86	547	0.0400635	0.0459961	0.0454834	0	0.0486182
2441	25.3459	1277	1029.86	550	0.0402832	0.0459961	0.0454834	0	0.0486182
2440	25.225	1278	1030.67	549	0.04021	0.0459961	0.0454834	0	0.0566834
2441	25.3459	1271	1025.02	549	0.04021	0.0459961	0.0454834	0	0.000229492
2443	25.5879	1280	1032.28	550	0.0402832	0.0459961	0.0454834	0	0.0728125
2438	24.9831	1272	1025.83	550	0.0402832	0.0459961	0.0454834	0	0.00829468
2441	25.3459	1277	1029.86	545	0.039917	0.0459961	0.0454834	0	0.0486182
2437	24.8621	1280	1032.28	548	0.0401367	0.0459961	0.0454834	0	0.0728125
2440	25.225	1294	1043.57	546	0.0399902	0.0459961	0.0454834	0	0.185719
2434	24.4992	1277	1029.86	546	0.0399902	0.0459961	0.0454834	0	0.0486182
2441	25.3459	1278	1030.67	549	0.04021	0.0459961	0.0454834	0	0.0566834
2441	25.3459	1270	1024.22	548	0.0401367	0.0459961	0.0454834	0	-0.00783447
2440	25.225	1271	1025.02	551	0.0403564	0.0459961	0.0454834	0	0.000229492
2440	25.225	1280	1032.28	549	0.04021	0.0459961	0.0454834	0	0.0728125
2439	25.104	1280	1032.28	548	0.0401367	0.0459961	0.0454834	0	0.0728125
2441	25.3459	1282	1033.89	550	0.0402832	0.0459961	0.0454834	0	0.0889416
2436	24.7411	1280	1032.28	543	0.0397705	0.0459961	0.0454834	0	0.0728125
2439	25.104	1278	1030.67	539	0.0394775	0.0459961	0.0454834	0	0.0566834
2441	25.3459	1284	1035.51	538	0.0394043	0.0459961	0.0454834	0	0.105072
2441	25.3459	1273	1026.64	538	0.0394043	0.0459961	0.0454834	0	0.0163599
2441	25.3459	1279	1031.47	539	0.0394775	0.0459961	0.0454834	0	0.0647485
2439	25.104	1275	1028.25	539	0.0394775	0.0459961	0.0454834	0	0.032489
2441	25.3459	1269	1023.41	538	0.0394043	0.0459961	0.0454834	0	-0.0158984
2440	25.225	1259	1015.35	534	0.0391113	0.0459961	0.0454834	0	-0.0965454
2437	24.8621	1282	1033.89	532	0.0389648	0.0459961	0.0454834	0	0.0889416
2440	25.225	1276	1029.06	530	0.0388184	0.0459961	0.0454834	0	0.040553
2438	24.9831	1276	1029.06	525	0.0384521	0.0459961	0.0454834	0	0.040553
2438	24.9831	1279	1031.47	522	0.0382324	0.0459961	0.0454834	0	0.0647485
2441	25.3459	1278	1030.67	521	0.0381592	0.0459961	0.0454834	0	0.0566834
2440	25.225	1280	1032.28	522	0.0382324	0.0459961	0.0454834	0	0.0728125
2440	25.225	1283	1034.7	513	0.0375732	0.0459961	0.0454834	0	0.0970068
2442	25.4669	1266	1020.99	513	0.0375732	0.0459961	0.0454834	0	-0.040094
2440	25.225	1273	1026.64	512	0.0375	0.0459961	0.0454834	0	0.0163599
2440	25.225	1281	1033.09	512	0.0375	0.0459961	0.0454834	0	0.0808765
2442	25.4669	1287	1037.93	502	0.0367676	0.0459961	0.0454834	0	0.129265
2443	25.5879	1284	1035.51	505	0.0369873	0.0459961	0.0454834	0	0.105072
2438	24.9831	1304	1051.64	499	0.0365479	0.0459961	0.0454834	0	0.266366
2442	25.4669	1282	1033.89	498	0.0364746	0.0459961	0.0454834	0	0.0889416
2440	25.225	1280	1032.28	486	0.0355957	0.0459961	0.0454834	0	0.0728125
2438	24.9831	1267	1021.8	490	0.0358887	0.0459961	0.0454834	0	-0.0320282
2437	24.8621	1269	1023.41	482	0.0353027	0.0459961	0.0454834	0	-0.0158984
2439	25.104	1280	1032.28	478	0.0350098	0.0459961	0.0454834	0	0.0728125
2440	25.225	1280	1032.28	478	0.0350098	0.0459961	0.0454834	0	0.0728125
2440	25.225	1290	1040.35	479	0.035083	0.0459961	0.0454834	0	0.153459
2443	25.5879	1250	1008.09	473	0.0346436	0.0459961	0.0454834	0	-0.169128
2442	25.4669	1284	1035.51	475	0.03479	0.0459961	0.0454834	0	0.105072
2442	25.4669	1270	1024.22	464	0.0339844	0.0459961	0.0454834	0	-0.00783447
2440	25.225	1277	1029.86	462	0.0338379	0.0459961	0.0454834	0	0.0486182
2439	25.104	1283	1034.7	457	0.0334717	0.0459961	0.0454834	0	0.0970068
2438	24.9831	1275	1028.25	454	0.033252	0.0459961	0.0454834	0	0.032489
2438	24.9831	1281	1033.09	447	0.0327393	0.0459961	0.0454834	0	0.0808765
2441	25.3459	1280	1032.28	444	0.0325195	0.0459961	0.0454834	0	0.0728125
2440	25.225	1277	1029.86	444	0.0325195	0.0459961	0.0454834	0	0.0486182
2439	25.104	1278	1030.67	440	0.0322266	0.0459961	0.0454834	0	0.0566834
2441	25.3459	1271	1025.02	438	0.0320801	0.0459961	0.0454834	0	0.000229492
2441	25.3459	1276	1029.06	437	0.0320068	0.0459961	0.0454834	0	0.040553
2439	25.104	1282	1033.89	433	0.0317139	0.0459961	0.0454834	0	0.0889416
2443	25.5879	1282	1033.89	428	0.0313477	0.0459961	0.0454834	0	0.0889416
2439	25.104	1270	1024.22	428	0.0313477	0.0459961	0.0454834	0	-0.00783447
2441	25.3459	1274	1027.44	423	0.0309814	0.0459961	0.0454834	0	0.024425
2441	25.3459	1280	1032.28	421	0.030835	0.0459961	0.0454834	0	0.0728125
2438	24.9831	1267	1021.8	418	0.0306152	0.0459961	0.0454834	0	-0.0320282
2443	25.5879	1277	1029.86	418	0.0306152	0.0459961	0.0454834	0	0.0486182
2439	25.104	1280	1032.28	412	0.0301758	0.0459961	0.0454834	0	0.0728125
2442	25.4669	1276	1029.06	411	0.0301025	0.0459961	0.0454834	0	0.040553
2440	25.225	1280	1032.28	408	0.0301025	0.0298828	0.0454834	0	0.0728125
2443	25.5879	1270	1024.22	463	0.0301025	0.0339111	0.0454834	0	-0.00783447
2442	25.4669	1267	1021.8	465	0.0301025	0.0340576	0.0454834	0	-0.0320282
2440	25.225	1282	1033.89	462	0.0301025	0.0338379	0.0454834	0	0.0889416
2442	25.4669	1283	1034.7	461	0.0301025	0.0337646	0.0454834	0	0.0970068
2438	24.9831	1288	1038.73	458	0.0301025	0.0335449	0.0454834	0	0.13733
2436	24.7411	1270	1024.22	456	0.0301025	0.0333984	0.0454834	0	-0.00783447
2435	24.6202	1279	1031.47	455	0.0301025	0.0333252	0.0454834	0	0.0647485
2439	25.104	1277	1029.86	458	0.0301025	0.0335449	0.0454834	0	0.0486182
2439	25.104	1272	1025.83	460	0.0301025	0.0336914	0.0454834	0	0.00829468
2440	25.225	1282	1033.89	462	0.0301025	0.0338379	0.0454834	0	0.0889416
2441	25.3459	1274	1027.44	461	0.0301025	0.0337646	0.0454834	0	0.024425
2442	25.4669	1282	1033.89	461	0.0301025	0.0337646	0.0454834	0	0.0889416
2441	25.3459	1252	1009.7	466	0.0301025	0.0341309	0.0454834	0	-0.152999
2441	25.3459	1281	1033.09	465	0.0301025	0.0340576	0.0454834	0	0.0808765
2441	25.3459	1278	1030.67	467	0.0301025	0.0342041	0.0454834	0	0.0566834
2441	25.3459	1272	1025.83	464	0.0301025	0.0339844	0.0454834	0	0.00829468
2437	24.8621	1277	1029.86	463	0.0301025	0.0339111	0.0454834	0	0.0486182
2436	24.7411	1274	1027.44	467	0.0301025	0.0342041	0.0454834	0	0.024425
2439	25.104	1281	1033.09	468	0.0301025	0.0342773	0.0454834	0	0.0808765
2438	24.9831	1270	1024.22	467	0.0301025	0.0342041	0.0454834	0	-0.00783447
2437	24.8621	1284	1035.51	471	0.0301025	0.0344971	0.0454834	0	0.105072
2439	25.104	1274	1027.44	472	0.0301025	0.0345703	0.0454834	0	0.024425
2440	25.225	1296	1045.18	474	0.0301025	0.0347168	0.0454834	0	0.201847
2441	25.3459	1280	1032.28	476	0.0301025	0.0348633	0.0454834	0	0.0728125
2439	25.104	1283	1034.7	479	0.0301025	0.035083	0.0454834	0	0.0970068
2441	25.3459	1280	1032.28	477	0.0301025	0.0349365	0.0454834	0	0.0728125
2441	25.3459	1274	1027.44	479	0.0301025	0.035083	0.0454834	0	0.024425
2440	25.225	1277	1029.86	479	0.0301025	0.035083	0.0454834	0	0.0486182
2438	24.9831	1274	1027.44	477	0.0301025	0.0349365	0.0454834	0	0.024425
2440	25.225	1269	1023.41	477	0.0301025	0.0349365	0.0454834	0	-0.0158984
2439	25.104	1277	1029.86	478	0.0301025	0.0350098	0.0454834	0	0.0486182
2441	25.3459	1264	1019.38	481	0.0301025	0.0352295	0.0454834	0	-0.0562219
2440	25.225	1272	1025.83	480	0.0301025	0.0351562	0.0454834	0	0.00829468
2442	25.4669	1275	1028.25	480	0.0301025	0.0351562	0.0454834	0	0.032489
2441	25.3459	1273	1026.64	480	0.0301025	0.0351562	0.0454834	0	0.0163599
2440	25.225	1281	1033.09	485	0.0301025	0.0355225	0.0454834	0	0.0808765
2439	25.104	1261	1016.96	484	0.0301025	0.0354492	0.0454834	0	-0.0804175
2440	25.225	1283	1034.7	485	0.0301025	0.0355225	0.0454834	0	0.0970068
2441	25.3459	1271	1025.02	484	0.0301025	0.0354492	0.0454834	0	0.000229492
2437	24.8621	1281	1033.09	483	0.0301025	0.035376	0.0454834	0	0.0808765
2439	25.104	1281	1033.09	480	0.0301025	0.0351562	0.0454834	0	0.0808765
2438	24.9831	1273	1026.64	482	0.0301025	0.0353027	0.0454834	0	0.0163599
2435	24.6202	1275	1028.25	481	0.0301025	0.0352295	0.0454834	0	0.032489
2440	25.225	1273	1026.64	483	0.0301025	0.035376	0.0454834	0	0.0163599
2440	25.225	1306	1053.25	484	0.0301025	0.0354492	0.0454834	0	0.282494
2441	25.3459	1284	1035.51	491	0.0301025	0.0359619	0.0454834	0	0.105072
2439	25.104	1268	1022.6	492	0.0301025	0.0360352	0.0454834	0	-0.0239642
2437	24.8621	1276	1029.06	493	0.0301025	0.0361084	0.0454834	0	0.040553
2438	24.9831	1276	1029.06	492	0.0301025	0.0360352	0.0454834	0	0.040553
2438	24.9831	1273	1026.64	494	0.0301025	0.0361816	0.0454834	0	0.0163599
2439	25.104	1261	1016.96	495	0.0301025	0.0362549	0.0454834	0	-0.0804175
2441	25.3459	1274	1027.44	499	0.0301025	0.0365479	0.0454834	0	0.024425
2437	24.8621	1282	1033.89	501	0.0301025	0.0366943	0.0454834	0	0.0889416
2440	25.225	1280	1032.28	502	0.0301025	0.0367676	0.0454834	0	0.0728125
2437	24.8621	1278	1030.67	503	0.0301025	0.0368408	0.0454834	0	0.0566834
2440	25.225	1278	1030.67	504	0.0301025	0.0369141	0.0454834	0	0.0566834
2437	24.8621	1280	1032.28	501	0.0301025	0.0366943	0.0454834	0	0.0728125
2438	24.9831	1277	1029.86	503	0.0301025	0.0368408	0.0454834	0	0.0486182
2440	25.225	1306	1053.25	503	0.0301025	0.0368408	0.0454834	0	0.282494
2437	24.8621	1278	1030.67	498	0.0301025	0.0364746	0.0454834	0	0.0566834
2441	25.3459	1286	1037.12	498	0.0301025	0.0364746	0.0454834	0	0.1212
2440	25.225	1274	1027.44	497	0.0301025	0.0364014	0.0454834	0	0.024425
2440	25.225	1269	1023.41	497	0.0301025	0.0364014	0.0454834	0	-0.0158984
2436	24.7411	1285	1036.31	497	0.0301025	0.0364014	0.0454834	0	0.113136
2439	25.104	1280	1032.28	493	0.0301025	0.0361084	0.0454834	0	0.0728125
2439	25.104	1285	1036.31	493	0.0301025	0.0361084	0.0454834	0	0.113136
2436	24.7411	1277	1029.86	498	0.0301025	0.0364746	0.0454834	0	0.0486182
2439	25.104	1281	1033.09	490	0.0301025	0.0358887	0.0454834	0	0.0808765
2436	24.7411	1286	1037.12	489	0.0301025	0.0358154	0.0454834	0	0.1212
2439	25.104	1273	1026.64	486	0.0301025	0.0355957	0.0454834	0	0.0163599
2439	25.104	1274	1027.44	484	0.0301025	0.0354492	0.0454834	0	0.024425
2438	24.9831	1302	1050.02	482	0.0301025	0.0353027	0.0454834	0	0.250236
2438	24.9831	1279	1031.47	477	0.0301025	0.0349365	0.0454834	0	0.0647485
2436	24.7411	1274	1027.44	476	0.0301025	0.0348633	0.0454834	0	0.024425
2440	25.225	1273	1026.64	474	0.0301025	0.0347168	0.0454834	0	0.0163599
2438	24.9831	1278	1030.67	475	0.0301025	0.03479	0.0454834	0	0.0566834
2438	24.9831	1277	1029.86	472	0.0301025	0.0345703	0.0454834	0	0.0486182
2441	25.3459	1273	1026.64	470	0.0301025	0.0344238	0.0454834	0	0.0163599
2440	25.225	1274	1027.44	472	0.0301025	0.0345703	0.0454834	0	0.024425
2435	24.6202	1274	1027.44	470	0.0301025	0.0344238	0.0454834	0	0.024425
2437	24.8621	1271	1025.02	464	0.0301025	0.0339844	0.0454834	0	0.000229492
2439	25.104	1280	1032.28	463	0.0301025	0.0339111	0.0454834	0	0.0728125
2438	24.9831	1278	1030.67	464	0.0301025	0.0339844	0.0454834	0	0.0566834
2438	24.9831	1271	1025.02	460	0.0301025	0.0336914	0.0454834	0	0.000229492
2437	24.8621	1285	1036.31	462	0.0301025	0.0338379	0.0454834	0	0.113136
2440	25.225	1253	1010.51	462	0.0301025	0.0338379	0.0454834	0	-0.144935
2441	25.3459	1278	1030.67	465	0.0301025	0.0340576	0.0454834	0	0.0566834
2436	24.7411	1280	1032.28	463	0.0301025	0.0339111	0.0454834	0	0.0728125
2441	25.3459	1272	1025.83	466	0.0301025	0.0341309	0.0454834	0	0.00829468
2442	25.4669	1272	1025.83	464	0.0301025	0.0339844	0.0454834	0	0.00829468
2438	24.9831	1258	1014.54	465	0.0301025	0.0340576	0.0454834	0	-0.104611
2438	24.9831	1276	1029.06	462	0.0301025	0.0338379	0.0454834	0	0.040553
2439	25.104	1276	1029.06	461	0.0301025	0.0337646	0.0454834	0	0.040553
2438	24.9831	1256	1012.93	461	0.0301025	0.0337646	0.0454834	0	-0.120741
2438	24.9831	1276	1029.06	461	0.0337646	0.0337646	0.0454834	0	0.040553
2440	25.225	1277	1029.86	411	0.0301025	0.0337646	0.0454834	0	0.0486182
2442	25.4669	1277	1029.86	412	0.0301758	0.0337646	0.0454834	0	0.0486182
2440	25.225	1308	1054.86	412	0.0301758	0.0337646	0.0454834	0	0.298624
2440	25.225	1278	1030.67	412	0.0301758	0.0337646	0.0454834	0	0.0566834
2439	25.104	1272	1025.83	410	0.0300293	0.0337646	0.0454834	0	0.00829468
2440	25.225	1275	1028.25	408	0.0298828	0.0337646	0.0454834	0	0.032489
2440	25.225	1279	1031.47	408	0.0298828	0.0337646	0.0454834	0	0.0647485
2438	24.9831	1278	1030.67	406	0.0297363	0.0337646	0.0454834	0	0.0566834
2437	24.8621	1274	1027.44	407	0.0298096	0.0337646	0.0454834	0	0.024425
2436	24.7411	1270	1024.22	404	0.0295898	0.0337646	0.0454834	0	-0.00783447
2436	24.7411	1282	1033.89	407	0.0298096	0.0337646	0.0454834	0	0.0889416
2440	25.225	1281	1033.09	406	0.0297363	0.0337646	0.0454834	0	0.0808765
2438	24.9831	1269	1023.41	407	0.0298096	0.0337646	0.0454834	0	-0.0158984
2442	25.4669	1278	1030.67	410	0.0300293	0.0337646	0.0454834	0	0.0566834
2441	25.3459	1280	1032.28	408	0.0298828	0.0337646	0.0454834	0	0.0728125
2439	25.104	1273	1026.64	406	0.0297363	0.0337646	0.0454834	0	0.0163599
2440	25.225	1282	1033.89	410	0.0300293	0.0337646	0.0454834	0	0.0889416
2441	25.3459	1277	1029.86	409	0.0299561	0.0337646	0.0454834	0	0.0486182
2439	25.104	1276	1029.06	405	0.0296631	0.0337646	0.0454834	0	0.040553
2437	24.8621	1283	1034.7	408	0.0298828	0.0337646	0.0454834	0	0.0970068
2437	24.8621	1270	1024.22	408	0.0298828	0.0337646	0.0454834	0	-0.00783447
2440	25.225	1277	1029.86	411	0.0301025	0.0337646	0.0454834	0	0.0486182
2440	25.225	1272	1025.83	410	0.0300293	0.0337646	0.0454834	0	0.00829468
2440	25.225	1280	1032.28	412	0.0301758	0.0337646	0.0454834	0	0.0728125
2441	25.3459	1276	1029.06	412	0.0301758	0.0337646	0.0454834	0	0.040553
2440	25.225	1277	1029.86	422	0.0309082	0.0337646	0.0454834	0	0.0486182
2441	25.3459	1290	1040.35	416	0.0304688	0.0337646	0.0454834	0	0.153459
2438	24.9831	1282	1033.89	416	0.0304688	0.0337646	0.0454834	0	0.0889416
2439	25.104	1281	1033.09	421	0.030835	0.0337646	0.0454834	0	0.0808765
2441	25.3459	1272	1025.83	422	0.0309082	0.0337646	0.0454834	0	0.00829468
2439	25.104	1277	1029.86	420	0.0307617	0.0337646	0.0454834	0	0.0486182
2441	25.3459	1280	1032.28	422	0.0309082	0.0337646	0.0454834	0	0.0728125
2439	25.104	1278	1030.67	419	0.0306885	0.0337646	0.0454834	0	0.0566834
2440	25.225	1284	1035.51	428	0.0313477	0.0337646	0.0454834	0	0.105072
2442	25.4669	1272	1025.83	425	0.0311279	0.0337646	0.0454834	0	0.00829468
2442	25.4669	1261	1016.96	427	0.0312744	0.0337646	0.0454834	0	-0.0804175
2442	25.4669	1276	1029.06	432	0.0316406	0.0337646	0.0454834	0	0.040553
2442	25.4669	1279	1031.47	431	0.0315674	0.0337646	0.0454834	0	0.0647485
2438	24.9831	1278	1030.67	428	0.0313477	0.0337646	0.0454834	0	0.0566834
2440	25.225	1279	1031.47	422	0.0309082	0.0337646	0.0454834	0	0.0647485
2437	24.8621	1280	1032.28	426	0.0312012	0.0337646	0.0454834	0	0.0728125
2437	24.8621	1268	1022.6	422	0.0309082	0.0337646	0.0454834	0	-0.0239642
2439	25.104	1281	1033.09	424	0.0310547	0.0337646	0.0454834	0	0.0808765
2445	25.8298	1274	1027.44	422	0.0309082	0.0337646	0.0454834	0	0.024425
2437	24.8621	1275	1028.25	425	0.0311279	0.0337646	0.0454834	0	0.032489
2437	24.8621	1282	1033.89	428	0.0313477	0.0337646	0.0454834	0	0.0889416
2436	24.7411	1273	1026.64	432	0.0316406	0.0337646	0.0454834	0	0.0163599
2439	25.104	1276	1029.06	427	0.0312744	0.0337646	0.0454834	0	0.040553
2438	24.9831	1276	1029.06	427	0.0312744	0.0337646	0.0454834	0	0.040553
2439	25.104	1271	1025.02	426	0.0312012	0.0337646	0.0454834	0	0.000229492
2439	25.104	1261	1016.96	427	0.0312744	0.0337646	0.0454834	0	-0.0804175
2440	25.225	1287	1037.93	425	0.0311279	0.0337646	0.0454834	0	0.129265
2443	25.5879	1278	1030.67	428	0.0313477	0.0337646	0.0454834	0	0.0566834
2443	25.5879	1279	1031.47	430	0.0314941	0.0337646	0.0454834	0	0.0647485
2440	25.225	1299	1047.6	433	0.0317139	0.0337646	0.0454834	0	0.226042
2436	24.7411	1277	1029.86	432	0.0316406	0.0337646	0.0454834	0	0.0486182
2437	24.8621	1280	1032.28	432	0.0316406	0.0337646	0.0454834	0	0.0728125
2438	24.9831	1276	1029.06	427	0.0312744	0.0337646	0.0454834	0	0.040553
2435	24.6202	1269	1023.41	429	0.0314209	0.0337646	0.0454834	0	-0.0158984
2440	25.225	1268	1022.6	430	0.0314941	0.0337646	0.0454834	0	-0.0239642
2438	24.9831	1278	1030.67	429	0.0314209	0.0337646	0.0454834	0	0.0566834
2439	25.104	1278	1030.67	436	0.0319336	0.0337646	0.0454834	0	0.0566834
2438	24.9831	1283	1034.7	431	0.0315674	0.0337646	0.0454834	0	0.0970068
2441	25.3459	1273	1026.64	434	0.0317871	0.0337646	0.0454834	0	0.0163599
2441	25.3459	1278	1030.67	432	0.0316406	0.0337646	0.0454834	0	0.0566834
2440	25.225	1278	1030.67	435	0.0318604	0.0337646	0.0454834	0	0.0566834
2443	25.5879	1280	1032.28	438	0.0320801	0.0337646	0.0454834	0	0.0728125
2441	25.3459	1268	1022.6	431	0.0315674	0.0337646	0.0454834	0	-0.0239642
2441	25.3459	1273	1026.64	439	0.0321533	0.0337646	0.0454834	0	0.0163599
2440	25.225	1273	1026.64	433	0.0317139	0.0337646	0.0454834	0	0.0163599
2437	24.8621	1278	1030.67	435	0.0318604	0.0337646	0.0454834	0	0.0566834
2436	24.7411	1286	1037.12	437	0.0320068	0.0337646	0.0454834	0	0.1212
2438	24.9831	1283	1034.7	438	0.0320801	0.0337646	0.0454834	0	0.0970068
2441	25.3459	1279	1031.47	436	0.0319336	0.0337646	0.0454834	0	0.0647485
2438	24.9831	1282	1033.89	439	0.0321533	0.0337646	0.0454834	0	0.0889416
2439	25.104	1273	1026.64	439	0.0321533	0.0337646	0.0454834	0	0.0163599
2439	25.104	1274	1027.44	438	0.0320801	0.0337646	0.0454834	0	0.024425
2436	24.7411	1282	1033.89	443	0.0324463	0.0337646	0.0454834	0	0.0889416
2440	25.225	1272	1025.83	441	0.0322998	0.0337646	0.0454834	0	0.00829468
2442	25.4669	1248	1006.47	442	0.032373	0.0337646	0.0454834	0	-0.185258
2437	24.8621	1245	1004.05	443	0.0324463	0.0337646	0.0454834	0	-0.209452
2437	24.8621	1273	1026.64	440	0.0322266	0.0337646	0.0454834	0	0.0163599
2439	25.104	1278	1030.67	443	0.0324463	0.0337646	0.0454834	0	0.0566834
2440	25.225	1279	1031.47	442	0.032373	0.0337646	0.0454834	0	0.0647485
2439	25.104	1287	1037.93	444	0.0325195	0.0337646	0.0454834	0	0.129265
2438	24.9831	1274	1027.44	448	0.0328125	0.0337646	0.0454834	0	0.024425
2441	25.3459	1279	1031.47	444	0.0325195	0.0337646	0.0454834	0	0.0647485
2440	25.225	1275	1028.25	448	0.0328125	0.0337646	0.0454834	0	0.032489
2438	24.9831	1274	1027.44	447	0.0327393	0.0337646	0.0454834	0	0.024425
2439	25.104	1272	1025.83	446	0.032666	0.0337646	0.0454834	0	0.00829468
2439	25.104	1282	1033.89	446	0.032666	0.0337646	0.0454834	0	0.0889416
2435	24.6202	1276	1029.06	445	0.0325928	0.0337646	0.0454834	0	0.040553
2437	24.8621	1276	1029.06	445	0.0325928	0.0337646	0.0454834	0	0.040553
2438	24.9831	1284	1035.51	449	0.0328857	0.0337646	0.0454834	0	0.105072
2441	25.3459	1277	1029.86	445	0.0325928	0.0337646	0.0454834	0	0.0486182
2442	25.4669	1269	1023.41	447	0.0325928	0.0337646	0.0327393	0	-0.0158984
2442	25.4669	1281	1033.09	524	0.0325928	0.0337646	0.0383789	0	0.0808765
2440	25.225	1272	1025.83	523	0.0325928	0.0337646	0.0383057	0	0.00829468
2440	25.225	1272	1025.83	526	0.0325928	0.0337646	0.0385254	0	0.00829468
2438	24.9831	1290	1040.35	522	0.0325928	0.0337646	0.0382324	0	0.153459
2439	25.104	1275	1028.25	522	0.0325928	0.0337646	0.0382324	0	0.032489
2438	24.9831	1271	1025.02	521	0.0325928	0.0337646	0.0381592	0	0.000229492
2437	24.8621	1278	1030.67	520	0.0325928	0.0337646	0.0380859	0	0.0566834
2438	24.9831	1271	1025.02	523	0.0325928	0.0337646	0.0383057	0	0.000229492
2438	24.9831	1266	1020.99	523	0.0325928	0.0337646	0.0383057	0	-0.040094
2440	25.225	1271	1025.02	523	0.0325928	0.0337646	0.0383057	0	0.000229492
2440	25.225	1277	1029.86	525	0.0325928	0.0337646	0.0384521	0	0.0486182
2445	25.8298	1272	1025.83	522	0.0325928	0.0337646	0.0382324	0	0.00829468
2439	25.104	1276	1029.06	522	0.0325928	0.0337646	0.0382324	0	0.040553
2441	25.3459	1278	1030.67	521	0.0325928	0.0337646	0.0381592	0	0.0566834
2437	24.8621	1270	1024.22	521	0.0325928	0.0337646	0.0381592	0	-0.00783447
2439	25.104	1281	1033.09	518	0.0325928	0.0337646	0.0379395	0	0.0808765
2439	25.104	1285	1036.31	518	0.0325928	0.0337646	0.0379395	0	0.113136
2439	25.104	1278	1030.67	520	0.0325928	0.0337646	0.0380859	0	0.0566834
2438	24.9831	1271	1025.02	520	0.0325928	0.0337646	0.0380859	0	0.000229492
2440	25.225	1280	1032.28	518	0.0325928	0.0337646	0.0379395	0	0.0728125
2440	25.225	1277	1029.86	522	0.0325928	0.0337646	0.0382324	0	0.0486182
2439	25.104	1278	1030.67	521	0.0325928	0.0337646	0.0381592	0	0.0566834
2441	25.3459	1281	1033.09	520	0.0325928	0.0337646	0.0380859	0	0.0808765
2440	25.225	1279	1031.47	520	0.0325928	0.0337646	0.0380859	0	0.0647485
2437	24.8621	1281	1033.09	520	0.0325928	0.0337646	0.0380859	0	0.0808765
2439	25.104	1278	1030.67	521	0.0325928	0.0337646	0.0381592	0	0.0566834
2437	24.8621	1276	1029.06	521	0.0325928	0.0337646	0.0381592	0	0.040553
2437	24.8621	1275	1028.25	522	0.0325928	0.0337646	0.0382324	0	0.032489
2438	24.9831	1279	1031.47	521	0.0325928	0.0337646	0.0381592	0	0.0647485
2438	24.9831	1279	1031.47	526	0.0325928	0.0337646	0.0385254	0	0.0647485
2439	25.104	1267	1021.8	524	0.0325928	0.0337646	0.0383789	0	-0.0320282
2442	25.4669	1287	1037.93	526	0.0325928	0.0337646	0.0385254	0	0.129265
2441	25.3459	1300	1048.41	529	0.0325928	0.0337646	0.0387451	0	0.234106
2438	24.9831	1276	1029.06	529	0.0325928	0.0337646	0.0387451	0	0.040553
2440	25.225	1281	1033.09	528	0.0325928	0.0337646	0.0386719	0	0.0808765
2439	25.104	1282	1033.89	530	0.0325928	0.0337646	0.0388184	0	0.0889416
2437	24.8621	1278	1030.67	532	0.0325928	0.0337646	0.0389648	0	0.0566834
2438	24.9831	1290	1040.35	531	0.0325928	0.0337646	0.0388916	0	0.153459
2437	24.8621	1268	1022.6	533	0.0325928	0.0337646	0.0390381	0	-0.0239642
2439	25.104	1280	1032.28	533	0.0325928	0.0337646	0.0390381	0	0.0728125
2438	24.9831	1278	1030.67	537	0.0325928	0.0337646	0.0393311	0	0.0566834
2437	24.8621	1272	1025.83	536	0.0325928	0.0337646	0.0392578	0	0.00829468
2441	25.3459	1275	1028.25	538	0.0325928	0.0337646	0.0394043	0	0.032489
2439	25.104	1271	1025.02	540	0.0325928	0.0337646	0.0395508	0	0.000229492
2437	24.8621	1281	1033.09	540	0.0325928	0.0337646	0.0395508	0	0.0808765
2439	25.104	1282	1033.89	536	0.0325928	0.0337646	0.0392578	0	0.0889416
2443	25.5879	1276	1029.06	517	0.0325928	0.0337646	0.0378662	0	0.040553
2437	24.8621	1276	1029.06	516	0.0325928	0.0337646	0.037793	0	0.040553
2439	25.104	1282	1033.89	508	0.0325928	0.0337646	0.037207	0	0.0889416
2440	25.225	1272	1025.83	504	0.0325928	0.0337646	0.0369141	0	0.00829468
2440	25.225	1281	1033.09	501	0.0325928	0.0337646	0.0366943	0	0.0808765
2438	24.9831	1297	1045.99	502	0.0325928	0.0337646	0.0367676	0	0.209912
2438	24.9831	1270	1024.22	497	0.0325928	0.0337646	0.0364014	0	-0.00783447
2438	24.9831	1275	1028.25	492	0.0325928	0.0337646	0.0360352	0	0.032489
2436	24.7411	1274	1027.44	489	0.0325928	0.0337646	0.0358154	0	0.024425
2436	24.7411	1273	1026.64	489	0.0325928	0.0337646	0.0358154	0	0.0163599
2439	25.104	1273	1026.64	487	0.0325928	0.0337646	0.0356689	0	0.0163599
2438	24.9831	1282	1033.89	483	0.0325928	0.0337646	0.035376	0	0.0889416
2437	24.8621	1282	1033.89	481	0.0325928	0.0337646	0.0352295	0	0.0889416
2440	25.225	1274	1027.44	482	0.0325928	0.0337646	0.0353027	0	0.024425
2437	24.8621	1280	1032.28	476	0.0325928	0.0337646	0.0348633	0	0.0728125
2440	25.225	1271	1025.02	476	0.0325928	0.0337646	0.0348633	0	0.000229492
2440	25.225	1269	1023.41	473	0.0325928	0.0337646	0.0346436	0	-0.0158984
2437	24.8621	1277	1029.86	469	0.0325928	0.0337646	0.0343506	0	0.0486182
2438	24.9831	1276	1029.06	464	0.0325928	0.0337646	0.0339844	0	0.040553
2440	25.225	1274	1027.44	463	0.0325928	0.0337646	0.0339111	0	0.024425
2439	25.104	1277	1029.86	459	0.0325928	0.0337646	0.0336182	0	0.0486182
2441	25.3459	1281	1033.09	454	0.0325928	0.0337646	0.033252	0	0.0808765
2439	25.104	1282	1033.89	449	0.0325928	0.0337646	0.0328857	0	0.0889416
2440	25.225	1274	1027.44	448	0.0325928	0.0337646	0.0328125	0	0.024425
2439	25.104	1285	1036.31	442	0.0325928	0.0337646	0.032373	0	0.113136
2437	24.8621	1286	1037.12	438	0.0325928	0.0337646	0.0320801	0	0.1212
2438	24.9831	1286	1037.12	429	0.0325928	0.0337646	0.0314209	0	0.1212
2436	24.7411	1255	1012.12	427	0.0325928	0.0337646	0.0312744	0	-0.128805
2437	24.8621	1277	1029.86	422	0.0325928	0.0337646	0.0309082	0	0.0486182
2436	24.7411	1275	1028.25	418	0.0325928	0.0337646	0.0306152	0	0.032489
2440	25.225	1273	1026.64	413	0.0325928	0.0337646	0.030249	0	0.0163599
2440	25.225	1280	1032.28	410	0.0325928	0.0337646	0.0300293	0	0.0728125
2440	25.225	1273	1026.64	413	0.0325928	0.0337646	0.030249	0	0.0163599
2440	25.225	1272	1025.83	411	0.0325928	0.0337646	0.0301025	0	0.00829468
2440	25.225	1273	1026.64	409	0.0325928	0.0337646	0.0299561	0	0.0163599
2439	25.104	1280	1032.28	404	0.0325928	0.0337646	0.0295898	0	0.0728125
2441	25.3459	1304	1051.64	402	0.0325928	0.0337646	0.0294434	0	0.266366
2438	24.9831	1278	1030.67	402	0.0325928	0.0337646	0.0294434	0	0.0566834
2435	24.6202	1270	1024.22	397	0.0325928	0.0337646	0.0290771	0	-0.00783447
2433	24.3783	1266	1020.99	393	0.0325928	0.0337646	0.0287842	0	-0.040094
2439	25.104	1280	1032.28	397	0.0325928	0.0337646	0.0290771	0	0.0728125
2439	25.104	1280	1032.28	390	0.0325928	0.0337646	0.0285645	0	0.0728125
2441	25.3459	1281	1033.09	387	0.0325928	0.0337646	0.0283447	0	0.0808765
2441	25.3459	1294	1043.57	388	0.0325928	0.0337646	0.028418	0	0.185719
2440	25.225	1251	1008.89	386	0.0325928	0.0337646	0.0282715	0	-0.161064
2441	25.3459	1298	1046.8	384	0.0325928	0.0337646	0.028125	0	0.217977
2439	25.104	1276	1029.06	380	0.0325928	0.0337646	0.027832	0	0.040553
2440	25.225	1276	1029.06	376	0.0325928	0.0337646	0.0275391	0	0.040553
2437	24.8621	1272	1025.83	375	0.0325928	0.0337646	0.0274658	0	0.00829468
2438	24.9831	1278	1030.67	372	0.0272461	0.0337646	0.0274658	0	0.0566834
2438	24.9831	1285	1036.31	299	0.0218994	0.0337646	0.0274658	0	0.113136
2438	24.9831	1254	1011.31	296	0.0216797	0.0337646	0.0274658	0	-0.136869
2440	25.225	1275	1028.25	294	0.0215332	0.0337646	0.0274658	0	0.032489
2440	25.225	1284	1035.51	293	0.02146	0.0337646	0.0274658	0	0.105072
2441	25.3459	1280	1032.28	292	0.0213867	0.0337646	0.0274658	0	0.0728125
2442	25.4669	1272	1025.83	290	0.0212402	0.0337646	0.0274658	0	0.00829468
2441	25.3459	1277	1029.86	288	0.0210938	0.0337646	0.0274658	0	0.0486182
2436	24.7411	1284	1035.51	284	0.0208008	0.0337646	0.0274658	0	0.105072
2438	24.9831	1277	1029.86	286	0.0209473	0.0337646	0.0274658	0	0.0486182
2437	24.8621	1278	1030.67	285	0.020874	0.0337646	0.0274658	0	0.0566834
2438	24.9831	1268	1022.6	279	0.0204346	0.0337646	0.0274658	0	-0.0239642
2439	25.104	1257	1013.73	281	0.0205811	0.0337646	0.0274658	0	-0.112675
2437	24.8621	1272	1025.83	278	0.0203613	0.0337646	0.0274658	0	0.00829468
2440	25.225	1280	1032.28	285	0.020874	0.0337646	0.0274658	0	0.0728125
2441	25.3459	1249	1007.28	282	0.0206543	0.0337646	0.0274658	0	-0.177192
2439	25.104	1282	1033.89	283	0.0207275	0.0337646	0.0274658	0	0.0889416
2440	25.225	1277	1029.86	283	0.0207275	0.0337646	0.0274658	0	0.0486182
2437	24.8621	1275	1028.25	282	0.0206543	0.0337646	0.0274658	0	0.032489
2435	24.6202	1283	1034.7	283	0.0207275	0.0337646	0.0274658	0	0.0970068
2438	24.9831	1270	1024.22	282	0.0206543	0.0337646	0.0274658	0	-0.00783447
2441	25.3459	1276	1029.06	282	0.0206543	0.0337646	0.0274658	0	0.040553
2435	24.6202	1274	1027.44	280	0.0205078	0.0337646	0.0274658	0	0.024425
2437	24.8621	1273	1026.64	281	0.0205811	0.0337646	0.0274658	0	0.0163599
2438	24.9831	1274	1027.44	279	0.0204346	0.0337646	0.0274658	0	0.024425
2439	25.104	1281	1033.09	281	0.0205811	0.0337646	0.0274658	0	0.0808765
2439	25.104	1286	1037.12	282	0.0206543	0.0337646	0.0274658	0	0.1212
2442	25.4669	1264	1019.38	286	0.0209473	0.0337646	0.0274658	0	-0.0562219
2440	25.225	1283	1034.7	280	0.0205078	0.0337646	0.0274658	0	0.0970068
2440	25.225	1269	1023.41	283	0.0207275	0.0337646	0.0274658	0	-0.0158984
2438	24.9831	1278	1030.67	284	0.0208008	0.0337646	0.0274658	0	0.0566834
2439	25.104	1278	1030.67	285	0.020874	0.0337646	0.0274658	0	0.0566834
2438	24.9831	1280	1032.28	284	0.0208008	0.0337646	0.0274658	0	0.0728125
2438	24.9831	1284	1035.51	286	0.0209473	0.0337646	0.0274658	0	0.105072
2438	24.9831	1296	1045.18	286	0.0209473	0.0337646	0.0274658	0	0.201847
2437	24.8621	1271	1025.02	283	0.0207275	0.0337646	0.0274658	0	0.000229492
2442	25.4669	1255	1012.12	287	0.0210205	0.0337646	0.0274658	0	-0.128805
2439	25.104	1269	1023.41	288	0.0210938	0.0337646	0.0274658	0	-0.0158984
2442	25.4669	1286	1037.12	288	0.0210938	0.0337646	0.0274658	0	0.1212
2439	25.104	1273	1026.64	285	0.020874	0.0337646	0.0274658	0	0.0163599
2438	24.9831	1275	1028.25	284	0.0208008	0.0337646	0.0274658	0	0.032489
2438	24.9831	1275	1028.25	285	0.020874	0.0337646	0.0274658	0	0.032489
2438	24.9831	1277	1029.86	289	0.021167	0.0337646	0.0274658	0	0.0486182
2438	24.9831	1278	1030.67	282	0.0206543	0.0337646	0.0274658	0	0.0566834
2436	24.7411	1281	1033.09	288	0.0210938	0.0337646	0.0274658	0	0.0808765
2439	25.104	1278	1030.67	285	0.020874	0.0337646	0.0274658	0	0.0566834
2439	25.104	1281	1033.09	280	0.0205078	0.0337646	0.0274658	0	0.0808765
2438	24.9831	1271	1025.02	277	0.0202881	0.0337646	0.0274658	0	0.000229492
2436	24.7411	1262	1017.76	278	0.0203613	0.0337646	0.0274658	0	-0.0723517
2437	24.8621	1280	1032.28	278	0.0203613	0.0337646	0.0274658	0	0.0728125
2438	24.9831	1263	1018.57	279	0.0204346	0.0337646	0.0274658	0	-0.0642877
2439	25.104	1282	1033.89	280	0.0205078	0.0337646	0.0274658	0	0.0889416
2438	24.9831	1281	1033.09	278	0.0203613	0.0337646	0.0274658	0	0.0808765
2441	25.3459	1308	1054.86	283	0.0207275	0.0337646	0.0274658	0	0.298624
2440	25.225	1273	1026.64	280	0.0205078	0.0337646	0.0274658	0	0.0163599
2439	25.104	1277	1029.86	280	0.0205078	0.0337646	0.0274658	0	0.0486182
2437	24.8621	1276	1029.06	280	0.0205078	0.0337646	0.0274658	0	0.040553
2438	24.9831	1272	1025.83	279	0.0204346	0.0337646	0.0274658	0	0.00829468
2440	25.225	1270	1024.22	280	0.0205078	0.0337646	0.0274658	0	-0.00783447
2438	24.9831	1274	1027.44	277	0.0202881	0.0337646	0.0274658	0	0.024425
2439	25.104	1286	1037.12	280	0.0205078	0.0337646	0.0274658	0	0.1212
2438	24.9831	1278	1030.67	273	0.0199951	0.0337646	0.0274658	0	0.0566834
2439	25.104	1278	1030.67	278	0.0203613	0.0337646	0.0274658	0	0.0566834
2439	25.104	1280	1032.28	279	0.0204346	0.0337646	0.0274658	0	0.0728125
2440	25.225	1273	1026.64	279	0.0204346	0.0337646	0.0274658	0	0.0163599
2438	24.9831	1274	1027.44	274	0.0200684	0.0337646	0.0274658	0	0.024425
2436	24.7411	1281	1033.09	280	0.0205078	0.0337646	0.0274658	0	0.0808765
2437	24.8621	1282	1033.89	285	0.020874	0.0337646	0.0274658	0	0.0889416
2438	24.9831	1270	1024.22	277	0.0202881	0.0337646	0.0274658	0	-0.00783447
2438	24.9831	1282	1033.89	282	0.0206543	0.0337646	0.0274658	0	0.0889416
2436	24.7411	1282	1033.89	282	0.0206543	0.0337646	0.0274658	0	0.0889416
2438	24.9831	1270	1024.22	281	0.0205811	0.0337646	0.0274658	0	-0.00783447
2437	24.8621	1277	1029.86	281	0.0205811	0.0337646	0.0274658	0	0.0486182
2440	25.225	1271	1025.02	278	0.0203613	0.0337646	0.0274658	0	0.000229492
2437	24.8621	1280	1032.28	280	0.0205078	0.0337646	0.0274658	0	0.0728125
