#max. Tiefe[m]
1.468874
1.514116725
1.733679475
1.799769675
0.978964635
1.94281725
1.93616225
1.986286775
1.910657925
1.721924875
1.623454525
1.458672325
1.04194948
1.2131636
0.8716233625
1.0738862475
1.1588278075
1.1100361525
1.2428815575
1.15550094
1.5201043
1.311189275
1.23046165
1.269495975
1.2215912225
1.1315493475
1.316734375
1.642527425
1.489055975
1.631881625
1.668476975
1.603272825
1.72325615
1.6580531
1.575327875
1.703516925
1.784243725
1.91598165
2.04084375
2.1728025
1.940599375
1.903339625
1.62234545
1.4360511
