#Average Temp
33.1729065035416
39.8498017217143
36.5663087645829
34.6441982578991
33.8495182792306
24.7675598650534
24.7302327134983
24.5626403359461
25.3486424694106
25.2938482751459
25.5622013809524
26.4289567567568
26.6121770491803
27.3781457364341
28.2141265486725
27.764632330827
27.8109338235294
28.4351328767123
28.2410307692307
28.4729100529101
30.0718551724131
27.192495197221
26.4070749498322
30.0177693376687
30.7974641051301
36.83506710775
33.922520833333
25.1904204078436
25.0297276392278
25.4754426833074
25.3494480239209
25.8117181571819
26.1739678276275
26.1744875681289
26.1017387678002
25.277850400481
25.5655928862423
26.8418100406631
26.7544097182289
26.6275738041735
26.7243463112001
27.379610212448
29.2966446978333
27.8168406904744
