#points 40
#Tiefe[m]
0.11912685675
0.10781617825
0.10182812475
0.1060417787
0.08874313195
0.10249339045
0.100719251325
0.11114282025
0.1246713105
-0.000855513175000006
-0.16940786775
-0.151443560675
0.033741838625
0.11957039325
0.180559511
0.09805776178
0.130437612525
0.1703577205
0.17568059003
0.19918911925
0.2280203475
0.260400129
0.287679095
0.2810256625
0.3211677975
0.32072414
0.37128982
0.39546364
0.4225206425
0.4622192025
0.500808715
0.474195315
0.4535698475
0.47796529
0.4879456725
0.52121256
0.4994781825
0.5609110925
0.5653465125
0.5779880975
0.5873026225
0.6216786125
0.592403405
0.637646405
0.682002475
0.69042996
0.711942605
0.8115215625
0.8190618975
0.8230539075
0.86696621
0.878055145
0.89069673
0.9199716075
0.9705373425
0.9982596525
0.98340022
1.0097919975
1.0266470225
1.04483324
1.0867503075
1.0982826525
1.119352025
1.1359852625
1.1448575325
1.1654806625
1.198081225
1.190542595
1.20872697
1.2825802
1.277036255
1.32272195
1.3080846075
1.296996525
1.303649325
1.3415732
1.34423575
1.394356975
1.434720375
1.468874
1.4628867
1.442704725
1.4451448
1.413873725
1.42230165
1.418308925
1.386594
1.1898777825
1.165038765
1.32139095
1.391917175
1.400567025
1.417421775
1.399013825
1.397018425
1.383268425
1.401896925
1.39657485
1.39391285
1.370405025
1.338246525
1.307198035
1.289233495
1.2799189975
1.33292445
1.320060225
1.2921175575
1.293446
1.29810505
1.2794755325
1.2854633
1.2947791725
1.2799193
1.276592625
1.2632862
1.2419959475
1.253526725
1.2584066
1.2428823
1.249534935
1.2475390125
1.25929375
1.2300184875
1.264838025
1.246429305
1.2422167725
1.2526403725
1.246652275
1.25286249
1.252196715
1.262619875
1.2317934475
1.231127975
1.228244765
1.2102809125
1.21161062
1.18433315
1.161046425
1.21471647
1.113141535
1.028643055
0.966767065
0.8259371175
0.7660565825
0.7143820475
0.60127474
0.470425065
0.33425266875
0.2921144325
0.1920922597
0.057028588375
0.03906468775
0.030637025155
0.03374184484
0.03662495111


0.051040505065
0.06634330857
0.06235142815
0.0882995234
0.07077898795
0.06811773848
0.05680680918
0.06013357823
0.05946839305
0.031524044585
0.05702868578
0.05614164655
0.05303661308
0.03440736321
0.05769399295
0.10204984878
0.20584246375
0.3156231925
0.3941329425
0.41320598
0.491494245
0.5713345
0.5881896075
0.621013195
0.68887742
0.7383342175
0.75829435
0.8294854975
0.9095480075
0.96809746
0.9665451675
1.02221174
1.097395805
1.153284165
1.1730224
1.2065104425
1.287903375
1.325383675
1.40034565
1.44824955
1.45667555
1.460446075
1.47707945
1.466656125
1.4722004
1.45911645
1.485065175
1.501252775
1.485951225
1.514116725
1.4981494
1.4883902
1.49282595
1.49947985
1.47929705
1.493268425
1.4642166
1.45867205
1.467987675
1.497925825
1.48439885
1.4945997
1.471091875
1.47663615
1.454237125
1.340686875
1.2699392475
1.31052427
1.323830475
1.2721573975
1.2025183225
1.111367345
1.0505992475
1.070781745
0.9658797775
0.858982245
0.730572095
0.7057330225
0.7010755675
0.6119200175
0.5555883575
0.5087929
0.37683426
0.2344518935
0.10404574631
0.02398364441
0.05059715628
0.06212970445
0.066121703505
0.04549619151
0.0339636473


0.06146418443
0.071666098075
0.0698918924
0.058137555575
0.06723039048
0.06013361068
0.0483792144
0.14507500645
0.204733664575
0.2320122365
0.264170313
0.3282645575
0.3100786095
0.3264904775
0.396572605
0.491715785
0.5023613925
0.56712073
0.6232308775
0.631436795
0.6749054125
0.7077287525
0.774262555
0.8086384075
0.8112996925
0.85099806
0.91886256
0.9306168575
0.99559834
1.031082965
1.0781007875
1.2085059525
1.2637295
1.28125052
1.262843175
1.306975395
1.361755175
1.405667175
1.463994125
1.4857293
1.500588375
1.513007925
1.56246585
1.653617075
1.6968644
1.686884375
1.667589
1.6888795
1.69220645
1.535407775
1.546719075
1.733679475
1.718155725
1.719042875
1.719484525
1.706178925
1.661600875
1.4628867
1.4120997
1.33026245
1.25663241
1.1843324075
1.1109241275
1.02420769
0.9740857225
0.8720671575
0.845453565
0.776923785
0.6919824725
0.6212348725
0.5283095125
0.487501905
0.40943573
0.31429245925
0.24487553453
0.19497524475
0.14574044375
0.1073725752
0.039508281615
0.01666483995
0.039508080535
0.00646304296
0.02886268627


0.065456301405
0.063681934525
0.04926635186
0.06678692735
0.0432783736
0.06811763178
0.05348013649
0.06146427265
0.19608411625
0.305864768
0.3533256925
0.4043347825
0.4841753675
0.5833105575
0.6416384975
0.710390065
0.7292412875
0.7651694875
0.8230541
0.80021073
0.8616435025
0.908882645
0.932612945
0.9694282125
1.00934856
1.117355855
1.1266703525
1.1714701625
1.200078935
1.21050259
1.249757575
1.2881257125
1.289677675
1.3721785
1.408994675
1.411656675
1.461554325
1.5025846
1.602385125
1.600610275
1.622124625
1.65228635
1.708840375
1.692207275
1.716601425
1.7407764
1.723477525
1.7396665
1.7339003
1.726582275
1.753417325
1.74676425
1.7376711
1.740332275
1.743437575
1.753861725
1.7345658
1.7412186
1.77093675
1.762732125
1.747207
1.753860625
1.7660588
1.764062575
1.77204665
1.7631757
1.79023185
1.791119275
1.783357675
1.793115225
1.777590925
1.791341475
1.792892475
1.7940021
1.786462975
1.7869049
1.79311495
1.799769675
1.774487
1.778921925
1.756078775
1.7611792
1.75962655
1.771158675
1.7698285
1.753861175
1.7811387
1.774486725
1.7838007
1.767832
1.7895669
1.701077675
1.706843875
1.755191075
1.7578528
1.760513425
1.7064003
1.577102725
1.695089825
1.737005875
1.73855825
1.748093875
1.738558525
1.71283255
1.575107325
1.555811675
1.47796605
1.49083
1.4531286
1.3828243
1.310524325
1.2743757125
1.201852795
1.1075974525
1.055922505
0.9652143325
0.82748974
0.77958507
0.6706916975
0.58264536
0.416532545
0.3468939925
0.346893855
0.2876790565
0.226246009
0.1217881522
0.044830862725
0.045052537255
0.04749226548
0.04039518373
0.036403205355
0.040395201935
0.04350003108
0.03440730843
0.05969011785
0.03462895733
0.03928633863
0.059911810035
0.05348025958
0.072553174705
0.033076512865
0.039729869135
0.053923787775
0.05348020293
0.038399217835
0.05259305799


0.070779011325
0.08763413978
0.073218560305
0.07122257175
0.04904479668
0.071444268775
0.073440422055
0.0783195424
0.089851963355
0.087855997075
0.0949530065
0.08829950745
0.0798719075
0.05591984178
0.0741055832
0.06789596495
0.07033550326
0.040173482305
0.021765759565
0.0692265365
0.1716884675
0.310078505
0.3659671125
0.39701607
0.4440331775
0.4593359375
0.4688724425
0.50990181
0.5050226225
0.53429772
0.5374024425
0.570669165
0.60704094
0.6372030225
0.675792535
0.69952289
0.7214790275
0.748314325
0.78224663
0.7946660975
0.8115214525
0.848115125
0.8731760675
0.937491995
0.951242325
0.946806795
0.94813752
0.9545691375
0.962553185
0.978964635
0.956121595
0.9550126025
0.95146414
0.9363832225
0.9279555725
0.8696276325
0.7931137775
0.72657981
0.57820961
0.47330811
0.36995915
0.312296347
0.26261796
0.18255565075
0.155498607825
0.1069289144
0.070778970075
0.044830823895
0.02487077428
0.03019329489
0.027975579115
0.039729840095
0.03884274834
0.050596893105
0.051927784975
0.03152405201
0.050597310775
0.05969001808
0.055254238985


0.055254491325
0.05436733654
0.05614159188
0.038842843875
0.054811061525
0.03906458149
0.02243104886
0.042391374355
0.039286348915
0.035516184055
0.025092557655
0.05037538836
0.05725039628
0.029971716775
0.07543643503
0.096727265855
0.09517464528
0.1388652122
0.18521705125
0.237556924
0.26971498125
0.350664325
0.3766125275
0.38770138
0.430283095
0.4478034825
0.4646587275
0.4704251475
0.4965949725
0.4795180775
0.5493784175
0.568673105
0.60526686
0.62744473
0.651618715
0.6389771575
0.681559065
0.704180345
0.7154910125
0.7438786575
0.7711577225
0.7800287275
0.782689985
0.82571544
0.8405745425
0.8607565175
0.9066647975
0.9541258375
0.99271491
0.9995901025
1.0603576225
1.1082633925
1.1537279875
1.17169096
1.18455502
1.2233653575
1.237115165
1.306532425
1.324718175
1.3542144
1.386150975
1.423186875
1.4600036
1.51234215
1.5158913
1.55647745
1.5564769
1.603050625
1.6123657
1.634321425
1.659383
1.722811475
1.783134925
1.8368053
1.900900925
1.90866335
1.907774825
1.91975135
1.920195475
1.9051131
1.917755125
1.9153167
1.94281725
1.9126558
1.924630125
1.930619075
1.9312843
1.9303977
1.7645067
1.640752575
1.486616725
1.334920125
1.238890895
1.1670338625
1.0117881125
0.9330565475
0.8365823125
0.704623755
0.61325066
0.4943772625
0.3564305745
0.2127175512
0.07898482218
0.04216937714
0.03684671056
0.02974998906
0.0337418026


0.062573205255
0.06545624778
0.0636821944
0.052149523635
0.05747214715
0.0685611806
0.070113765755
0.067895872055
0.07388394728
0.072331578605
0.131324677
0.19253576925
0.199189067
0.207616695
0.2703800825
0.304534285
0.339575357
0.3719551275
0.400121095
0.4735300625
0.484397045
0.4979256425
0.54294691
0.57732235
0.65317087
0.676901335
0.675349015
0.7148255675
0.707285315
0.7549677025
0.7738188425
0.8314816675
0.8918055025
0.932834705000001
0.9439237225
1.0026950175
1.03995463
1.1009436075
1.15550226
1.1794531925
1.2996566
1.294112325
1.2945560925
1.3661912
1.396352925
1.398792175
1.408551375
1.46488155
1.5145603
1.5910741
1.638314425
1.596397275
1.596619475
1.617466125
1.657830625
1.674020425
1.741884375
1.835475675
1.8793885
1.8997924
1.877169525
1.90888445
1.9224128
1.9002357
1.906888775
1.911324525
1.9137646
1.91132425
1.9093283
1.91930805
1.906223
1.91154535
1.9166477
1.9206396
1.92751405
1.93616225
1.920639325
1.92374325
1.919308325
1.917534025
1.93217145
1.826382525
1.655613025
1.65539
1.593514175
1.5531505
1.4435916
1.384377225
1.2572970025
1.26883075
1.2297970025
1.1109230275
0.96188763
0.84833672
0.8241625975
0.8179531525
0.74099553
0.69397834
0.5666771825
0.3959071875
0.2351174815
0.1732408612
0.17834205895
0.13975219775
0.06346015423
0.073218541
0.046826716915
0.030858734665


0.051262426655
0.041725948
0.042834838035
0.03551622668
0.045717919115
0.037068451365
0.052814827285
0.023318342025
0.04216944039
0.04438722893
0.03595982159
0.03041521648
0.04305665001
0.07210960515
0.134207777
0.22735494903
0.3023164925
0.3027600235
0.37284225
0.4171980175
0.456009345
0.468429115
0.4810703975
0.51389382
0.56201992
0.57089109
0.593956055
0.6318803425
0.6296624125
0.670469965
0.6993009375
0.7205918775
0.732124415
0.7263580775
0.7472053325
0.8064205325
0.783577245
0.80664232
0.8682967975
0.8727326025
0.8716237475
0.954569275
0.9692063975
0.99692912
1.037958295
1.04394653
1.0705599575
1.110480305
1.131771245
1.111589105
1.1881039775
1.196973525
1.20695355
1.2062882975
1.241107395
1.30032265
1.2896776475
1.3038707
1.337138825
1.3704053
1.395022475
1.4140951
1.458892875
1.500366725
1.520326775
1.5449445
1.56956195
1.620571425
1.63609655
1.6522858
1.70329555
1.8099708
1.84545625
1.86563795
1.945256775
1.9452565
1.953239475
1.96255565
1.943703575
1.986286775
1.9700956
1.9328364
1.93616335
1.9299544
1.930618525
1.9459209
1.92396545
1.8836026
1.863641725
1.831704875
1.849892
1.81618085
1.671359525
1.528311125
1.46177735
1.378388
1.277923625
1.13642848
0.96521458
0.81440458
0.6216785025
0.41276224
0.3127399825
0.15926887075
0.050597168325
0.04815767715
0.039064534355
0.05015346666
0.04460901797
0.05259291488
0.03618139503


0.0696701654
0.056141547275
0.0410606196
0.05858111171
0.06989183245
0.04549607876
0.045496284405
0.04815747211
0.11291716095
0.12977207628
0.13154632953
0.12600177645
0.156607490325
0.14463149525
0.15483319775
0.18832197725
0.22846384
0.2382222062
0.29965496
0.30098574
0.31207474375
0.3289298925
0.38237881
0.40788341
0.394798305
0.42296419
0.4050002275
0.4471383675
0.495264495
0.496595055
0.5910729275
0.566011985
0.5642376575
0.5824235175
0.6822241525
0.7618428675
0.75940326
0.7709360175
0.82394114
0.88093852
0.9454763175
0.9834003575
0.9802954425
1.0406194425
1.1337678
1.2065101675
1.2333458225
1.277700875
1.2823591
1.296994875
1.349557
1.342240625
1.39812695
1.454013825
1.449356975
1.483734725
1.519440175
1.510790325
1.541840025
1.5642396
1.586639725
1.620350325
1.66403985
1.72480935
1.746762875
1.7873493
1.84523405
1.88293655
1.89890525
1.910657925
1.8749522
1.890034025
1.87428725
1.868966275
1.862976775
1.887815325
1.85743195
1.866304
1.8585413
1.870960025
1.858318825
1.849891175
1.864972175
1.835918425
1.851887125
1.842795075
1.82970975
1.857432775
1.8407983
1.84478965
1.834366325
1.828600125
1.7614014
1.744545825
1.627890825
1.47552735
1.3923612725
1.2615119
1.1315492925
0.95856134
0.8898096625
0.7716011325
0.612363455
0.4484689
0.270158405
0.1512847072
0.04882263936
0.07721041251
0.047935868035
0.037955641075
0.04593977256
0.053258340355


0.06656531618
0.04704857498
0.0752145735
0.058359356055
0.053923827925
0.06479101541
0.06833937253
0.056806727065
0.062351377165
0.063682146
0.065456342325
0.1657003887
0.19320095575
0.23112518
0.241327064
0.245097193275
0.31274001
0.34556335
0.362418485
0.4132058425
0.43161371
0.457340125
0.473973445
0.536737025
0.5422817125
0.6230091725
0.65028799
0.6910952125
0.73700363
0.755411195
0.817065865
0.82283212
0.85255071
0.8820474025
0.932391075
0.9585611475
0.9479155675
1.008461355
1.0281995075
1.0299739175
1.03906671
1.096508765
1.127113845
1.1304401075
1.190320835
1.247317225
1.2741525225
1.328266775
1.343569975
1.376837
1.40655405
1.4639944
1.51877385
1.61280955
1.646076575
1.70396105
1.7177116
1.71394135
1.71615785
1.721924875
1.693315525
1.679565525
1.69420295
1.6713587
1.651621125
1.68954445
1.68555365
1.666924325
1.678900025
1.660936475
1.657608975
1.637870025
1.659161075
1.64518915
1.652951025
1.653616525
1.63942295
1.633434
1.63387785
1.608595725
1.57754575
1.623232325
1.5793217
1.588858425
1.587969625
1.6046041
1.603273925
1.6232326
1.6034942
1.614804675
1.60016835
1.601720175
1.606378125
1.619018775
1.570449375
1.58353305
1.54782705
1.465547325
1.389922325
1.2333449975
1.0987260625
0.9831785425
0.9434800925
0.9064429275
0.839909235
0.76051228
0.6367593375
0.479739755
0.309413445
0.17989439325
0.07499282065
0.05591974091
0.04239127695
0.045939570105
0.041060504485
0.052149504825
0.04394374688
0.040395285425
0.03795582978
0.034407093985


0.051040596475
0.06013360518
0.05436733148
0.04128236739
0.04372195938
0.046826888075
0.06900464604
0.052371401775
0.0820896395
0.1271111215
0.1574947187
0.146405864275
0.1730191595
0.18410812475
0.21582252725
0.19187034625
0.3063084475
0.337801035
0.39546375
0.4249604425
0.452682835
0.5138939025
0.5287530875
0.5564753975
0.6110329225
0.64762665
0.7148257325
0.7622863875
0.797549335
0.8368042925
0.86120012
0.8483367475
0.867853305
0.9159795975
0.93815733
0.9829567
0.982734995
1.0763264325
1.1477387075
1.153061745
1.1617111275
1.188546205
1.2078408925
1.28124975
1.2819153325
1.301876235
1.33935582
1.3542144
1.38016395
1.413207675
1.41653435
1.45711995
1.4668786
1.488612125
1.5094607
1.547605125
1.588414025
1.623454525
1.603272825
1.61924015
1.5899664
1.587747975
1.600611375
1.570227725
1.56268695
1.568230675
1.5722245
1.58774825
1.5589178
1.587305225
1.571116525
1.567566
1.555812775
1.55936055
1.560912925
1.533190175
1.52476225
1.519439075
1.5360741
1.520993375
1.503028725
1.510123725
1.456454175
1.423631825
1.368186875
1.40633405
1.32848815
1.2120549375
1.1457429775
1.0035822225
0.8696275775
0.71149903
0.5822016475
0.4369364725
0.230238061075
0.1049330755
0.067895822225
0.063903809585
0.064790876975
0.07521466095
0.05081876041
0.03640324303
0.04305653913
0.03218957093
0.04882275431


1.889811


1.517219


1.561582


1.428515


1.49061


1.481733


1.508353


1.46399


1.428515


0.063682045735
0.033520122515
0.0392863394
0.044387289045
0.02841907299
0.063903967105
0.061686128405
0.075879914
0.14019578375
0.194753625
0.2526379845
0.2499764025
0.3271557575
0.4331662225
0.4600014375
0.46842906
0.53873303
0.60792798
0.67468368
0.6942002375
0.739664915
0.7755931975
0.850554595
0.85033278
0.898458935
0.9530165975
1.0044694825
1.0659023375
1.04283751
1.11425028
1.176348965
1.20850587
1.21249887
1.219152
1.29344765
1.381715225
1.43250305
1.460003325
1.5039145
1.50702035
1.5201043
1.516779
1.46133295
1.365081575
1.1683643675
0.98694893
0.9523513175
1.039067095
0.940597075
0.7387779575
0.5999442625
0.60216178
0.579540335
0.4875021525
0.3803827225
0.2690494675
0.15594210478
0.128219737855
0.11047752375
0.050818811505
0.05237130998
0.03595959675
0.11047764475
0.041282304085
0.032854900265
0.05525451261


0.05658520549
0.05968990093
0.060355417155
0.06856125023
0.04926645328
0.044830694205
0.033076529585
0.05791594798
0.04549610274
0.035737867935
0.04394363809
0.038620924265
0.0310804131
0.1040458342
0.16215197878
0.2202579445
0.26062194125
0.25729513425
0.25263788
0.27902962395
0.33824461
0.3950200925
0.429839465
0.4380453
0.4631060225
0.504357425
0.54339032
0.5917383725
0.6292188925
0.6265574975
0.68799027
0.7008535325
0.7447658075
0.80220668
0.7782544825
0.8310379275
0.868962435
0.8884789375
0.9075517
0.958117545
0.9818477625
1.0204374125
1.042393715
1.0623545075
1.104713995
1.148626105
1.1790100025
1.2089506
1.21693341
1.2819160475
1.2752615975
1.285908525
1.289233825
1.29211665
1.311189275
1.306754075
1.3054228
1.291229115
1.277034605
1.2912301325
1.290121525
1.24554375
1.1761274525
1.1098158775
1.0891890075
1.06634572
1.0588055225
1.0151147875
1.0279775825
1.0563662725
1.0898545075
1.0736648175
1.076104425
1.114694515
1.100056485
1.133323675
1.1246740175
1.1377593425
1.0849753475
1.0517083775
0.89402346
0.836138875
0.7815813225
0.7620647375
0.7139388025
0.68333298
0.58464131
0.59151642
0.68333309
0.666477845
0.5873025675
0.4733081375
0.336248605
0.277698938
0.1519502545
0.066343340525
0.04039519077
0.0559197969
0.09362223101
0.069448330325
0.104932916
0.0654563547
0.190539668
0.09694900028
0.071000913555
0.06412563828
0.170136054825
0.08408575703
0.0678959292
0.06723050488
0.037290313225
0.05192793881
0.045939768985
0.045274396805
0.06811768029
0.04904463388
0.053258641975
0.03640329913
0.052149554875
0.02243105788
0.05325840806
0.03595970114


0.019769725085
0.037512066405
0.062794898925
0.038399213105
0.04616162243
0.044165547305
0.0281973428
0.0878558967
0.1674747415
0.22846418925
0.2901187905
0.3517730975
0.4107664825
0.404556625
0.4670984175
0.4826229925
0.5085711675
0.5174421175
0.5431685875
0.5511527725
0.5635723225
0.616355575
0.6686955275
0.700188225
0.70905945
0.7192613175
0.756963625
0.766500185
0.7689397925
0.8008759275
0.817731255
0.8297072025
0.8370259975
0.861421715
0.911543765
0.936604735
0.9632183825
1.0370713375
1.0969519825
1.10959365
1.1499572425
1.15306213
1.1790104975
1.1925384625
1.1781221925
1.19697336
1.2118328475
1.222256255
1.23046165
1.20628794
1.2011874325
1.21693418
1.130884645
0.981404215
0.9270685325
0.8259370075
0.7667220825
0.7565201875
0.7185959
0.70661976
0.6620423425
0.52431742
0.430061225
0.3000987825
0.22047997125
0.2038466045
0.14418770795
0.08475088468
0.045496190685
0.107372537525
0.08630360145
0.055476340975
0.05059717773
0.052371401445


0.053923793
0.03817746141
0.03352009276
0.03307658398
0.04771403131
0.01733024436
0.03507259074
0.03374178918
0.1133605022
0.10559841325
0.12644545331
0.246649687075
0.30697381
0.2898967775
0.2930016925
0.3260469575
0.3854836975
0.42318617
0.48306643
0.56246344
0.5937341575
0.585528515
0.5316361875
0.5529269625
0.5742177925
0.619460545
0.67734502
0.73855617
0.812408575
0.85055476
0.90666466
0.93527412
0.9337217725
0.9734201675
1.01688884
1.06457175
1.1271144775
1.14175116
1.202517415
1.24576518
1.269495975
1.247761185
1.2464309275
1.246873705
1.25042225
1.13775915
1.08874612
1.07987484
1.0891892
1.1177986325
1.1322146
1.1353199825
1.1353192125
1.119352685
1.1395329275
1.1914299925
1.0652372225
0.932613
0.8882572325
0.8687405375
0.8840431325
0.808195025
0.667143125
0.55536646
0.5121197125
0.47397361
0.3930240875
0.319615307
0.2898967225
0.263061601
0.18898714725
0.12932866375
0.058137669535
0.047935631865
0.02553619695
0.076545403605
0.05148427328
0.1282198632
0.0745491274
0.1446315134
0.1031588085
0.118461327325
0.1696925164
0.026866838405


0.032854704685
0.032411325485
0.029971583565
0.026422939235
0.045274429915
0.022209185075
0.061464387325
0.10582018898
0.11779610953
0.12178852125
0.14352236965
0.21094331775
0.235117245
0.30364708
0.29610657725
0.3167321025
0.3602009125
0.36241865
0.365079935
0.3996774375
0.4209683775
0.4333879825
0.474638835
0.464658755
0.49548631
0.494377235
0.5234302425
0.5739959775
0.6023834575
0.6123636475
0.669139295
0.6711352175
0.678232005
0.70462392
0.7529718075
0.776702025
0.807307765
0.8248282625
0.8168440225
0.8802729925
0.9186408275
0.9390444525
1.000920745
0.98739245
0.9924933425
0.989388345
1.0206596675
1.036183885
1.0539265275
1.0956208175
1.116690575
1.1193514475
1.150844695
1.1386461075
1.1601593025
1.192537555
1.2215912225
1.21782155
1.1978605375
1.15572402
1.1144729475
1.0563658875
0.976303405
0.935274175
0.9687628775
0.9115439025
0.81019092
0.6924260475
0.597282895
0.63742492
0.61857345
0.591072955
0.5680078525
0.513450135
0.51367206
0.5050226775
0.535406575
0.4735300075
0.5061314225
0.52586985
0.4588925275
0.363749155
0.2992114125
0.219149084
0.143078892055
0.059911948855
0.058581103515
0.04704882633
0.04505267921
0.045939792305
0.042834774675
0.04682676141
0.004466919765
0.036625040045
0.047048613645
0.048379292005
0.010233244505
0.03950815055
0.05015354091


0.03751212861
0.036846634385
0.033298309055
0.040395211285
0.047048640705
0.023540078705
0.043056508715
0.034185404935
0.01910449431
0.03063690718
0.06545624701
0.09761429678
0.09340045
0.13442966625
0.18033780325
0.21005618975
0.24798027375
0.28013832
0.3012075275
0.321167561
0.350220695
0.3440108045
0.365967085
0.3637495125
0.4251820925
0.41631106
0.442259015
0.42052472
0.51123259
0.5456081125
0.5538139475
0.573330615
0.58796804
0.59994396
0.64762665
0.660046035
0.6837765275
0.696861495
0.7374472325
0.766278535
0.768939765
0.789343555
0.83702586
0.844566525
0.8765026875
0.896684745
0.90422508
0.951242435
0.9887230375
1.024429725
1.0230988625
1.01644543
1.041728655
1.041284695
1.0474944975
1.0736648725
1.0627976975
1.1315493475
1.1062663975
1.020881345
0.9536818775
0.9199714975
0.8838213175
0.9448107625
0.9496898125
0.851219655
0.7243622925
0.674462085
0.6811154075
0.71793062
0.685107225
0.5799838825
0.462441045
0.3637493475
0.255521013
0.237113393
0.25263783875
0.1699141752
0.09295681648
0.038621013585
0.089630090275
0.1468493455
0.1093685945
0.21693141525
0.055476177625
0.0579157271
0.048601035505
0.065900043
0.082976935525
0.070778942025
0.037733894605
0.033741808815
0.027753886875
0.03241126856


0.04527454701
0.02087869795
0.01511243756
0.06257320201
0.048379312355
0.057472211225
0.09805796825
0.10094095825
0.1716886325
0.218927368
0.229794587
0.23134708575
0.2584041097
0.2907838175
0.31296166
0.3289298925
0.3080826012
0.31806269
0.3362486325
0.3564304975
0.34844634
0.402117045
0.4855060925
0.5025831525
0.5351846775
0.5673424075
0.6307712675
0.72547101
0.67268773
0.66625614
0.7181523525
0.773597165
0.8383568325
0.8190621175
0.8625308175
0.91819739
0.9583392225
0.9574521825
1.010679065
1.0195504825
1.0321916825
1.0581403525
1.084753615
1.1260047975
1.165259425
1.2022968925
1.17745705
1.2182644375
1.25197435
1.2661692725
1.2615119825
1.282136955
1.316734375
1.28147206
1.311189275
1.2927827
1.30653215
1.294335075
1.296109375
1.2734875725
1.23645082
1.21405031
1.24665211
1.2442125575
1.2639523875
1.2810274675
1.30431345
1.310745425
1.24864817
1.1182425925
1.0428372625
0.963661902500001
0.929729735
0.98628365
1.00491292
0.87916411
0.7638388175
0.6820023375
0.6072626175
0.4883893025
0.4384887925
0.4562312425
0.452683
0.5500437525
0.612142025
0.6604900775
0.5808711425
0.48750207
0.39723794
0.285904619
0.2138265195
0.14152657475
0.047714036425
0.043943783235
0.040838806415
0.08142437435
0.07432753801
0.03995180475
0.01710841363
0.023540077


0.06723041435
0.07743230781
0.06634342605
0.0612425902
0.1951971065
0.6764579525
1.48373401
1.63165915
1.60039
1.642527425
1.635873525
1.619905925
1.6325485
1.63055145
1.6225671
1.597062775
1.6039386
1.5986157
1.606599225
1.6145833
1.598836525
1.594844625
1.593291425
1.59351445
1.599502575
1.592184275
1.61436165
1.602386225
1.5779907
1.575550075
1.58952255
1.5944016
1.54073095
1.417200675
1.4471402
1.423631825
1.402562975
1.43072875
1.4657698
1.48062805
1.48328895
1.48373225
1.497261975
1.4786321
1.4480268
1.4103243
1.35310505
1.389921225
1.42429705
1.48617205
1.4600025
1.464216325
1.4360511
1.28457725
1.21272008
1.19564335
1.2730441075
1.334476825
1.385486025
1.377058375
1.381716325
1.396131275
1.409659625
1.4160916
1.415426375
1.389477925
1.391474425
1.4147606
1.4269585
1.41276465
1.42008295
1.3899215
1.3830465
1.349778925
1.282359595
1.338690375
1.337138385
1.3220571925
1.190319955
1.2198170875
1.297660925
1.359094825
1.3533280475
1.352662685
1.424741175
1.403228475
1.313629075
1.298326975
1.32915475
1.33758075
1.411876675
1.394134775
1.36929705
1.383489525
1.39457835
1.377057825
1.383489525
1.397905575
1.391694975
1.3845986
1.38593015
1.374397475
1.396575125
1.365524875
1.381050275
1.401896375
1.3921391
1.395022475
1.365969275
1.395909075
1.40211885
1.389255725
1.4058891
1.427180975
1.422522475
1.304314
1.2435467
1.219373925
1.25840726
1.237780225
1.2373378875
1.221591745
1.122456445
1.0927372775
1.04638556
0.9763033775
0.8560992825
0.7181524625
0.6491789975
0.5143374225
0.30475597625
0.15195023525
0.13642562725
0.071887956305
0.05747212471
0.05281482426
0.044387312805
0.038842976975
0.04261306115
0.03130235086
0.044830850735
0.0494881816
0.050375321205
0.04416554241
0.040173417295
0.045052604685
0.05946835719
0.177233078
0.06567811591
0.233786575
0.12444949825
0.083642065705
0.057915824505
0.07499282978
0.043278504225
0.046161471015
0.03551604166
0.05614163368
0.03928646623


0.00823731931
0.017995560605
0.00779385013
0.0328548561
0.04904464378
0.19386641175
0.317619335
0.7562985375
1.170360675
1.489055975
1.42917555
1.4409296
1.4176448
1.426736575
1.46532595
1.474640475
1.460446625
1.469982525
1.45468015
1.43893475
1.4398208
1.433832675
1.429841875
1.450467425
1.439156125
1.43094985
1.43139315
1.4171993
1.410324575
1.3943567
1.365304875
1.401231975
1.373509885
1.4032282
1.40744175
1.385264375
1.378167175
1.389256275
1.3936923
1.37306565
1.3743966225
1.377058925
1.37794525
1.3023186
1.270160265
1.293003525
1.312742475
1.298548075
1.28169294
1.284354225
1.2657251475
1.26018112
1.30076595
1.331372625
1.300100725
1.2686093475
1.252196825
1.207397675
1.32582725
1.323831575
1.309415085
1.3457884
1.41719985
1.431837825
1.4152039
1.398127775
1.40433645
1.38992205
1.399457675
1.385929875
1.393025975
1.403893975
1.39901465
1.393691475
1.3839331
1.4001229
1.3923613
1.412764375
1.401231425
1.4163138
1.4147606
1.43937695
1.44070795
1.462441475
1.46089075
1.4364944
1.422967425
1.442704175
1.44580865
1.454903175
1.4504666
1.4635511
1.436051375
1.4531286
1.4431483
1.436273575
1.46199955
1.444477925
1.462885875
1.437602925
1.461999275
1.469761425
1.456011425
1.4668786
1.473087
1.410103475
1.367744125
1.28391076
1.148404235
1.05348265
1.09207274
1.00247334
0.8356954925
0.8975717025
0.7831336425
0.513893875
0.402338805
0.3218330995
0.24864590245
0.15194992703
0.05148407275
0.05214958529
0.04727051153
0.0468267437
0.03995156121
0.0383992972
0.057472308245
0.048157518805
0.049931810555
0.038177391505
0.04948820184
0.03152408325
0.029971603805


0.02620141106
0.027975684715
0.05436718551
0.04017338578
0.03130240278
0.08253316973
0.213161133075
0.35177329
0.44403337
0.5354063825
0.7319027375
0.9153141525
0.9547907325
1.0319701975
1.0792093675
1.1348764075
1.215603235
1.2907862
1.313407425
1.395465225
1.474861575
1.476857525
1.3868162
1.459781125
1.554037375
1.4841761
1.4855071
1.50968125
1.46577035
1.550267675
1.558473125
1.51456085
1.573554675
1.5043589
1.559581375
1.480628875
1.596619475
1.59927955
1.631881625
1.625894325
1.539179125
1.505023575
1.5176645
1.496818675
1.489055975
1.490385875
1.5232107
1.521435575
1.526314625
1.553594075
1.55647635
1.437603475
1.35532375
1.3216125725
1.3160691225
1.285464125
1.222699885
1.137093375
1.0692292875
0.9787429575
0.8747285525
0.8368041825
0.7123859875
0.6724658325
0.570003995
0.49681687
0.444698595
0.3686284745
0.31939336
0.2949975765
0.18943077945
0.129772387855
0.053701873555
0.041725907905
0.1428572475
0.10936857998
0.08075919995
0.07987198428
0.06989197303
0.06479089606


0.0408388728
0.02864093177
0.059246518925
0.17723306975
0.26638804225
0.3173974595
0.46221934
0.5174422275
0.5278658825
0.6150250975
0.6704698825
0.70440205
0.7403304425
0.84988926
0.8640831375
0.87827685
0.8980154975
0.9264030325
0.9705371775
0.9920497675
1.047050455
1.061245075
1.0829798925
1.1104799475
1.20185274
1.252640235
1.35487935
1.3865951
1.450245225
1.3704053
1.43094985
1.5981713
1.5138959
1.476636425
1.5329688
1.471980125
1.612365425
1.4977061
1.43538615
1.543613775
1.56290915
1.4737525
1.462664775
1.4588948
1.454458775
1.599502575
1.603937775
1.52343235
1.5637963
1.541840025
1.553594075
1.518330275
1.4442571
1.557586525
1.6653714
1.643858975
1.639201575
1.6598274
1.641639725
1.570892675
1.61746695
1.647185375
1.66049125
1.668476975
1.667587625
1.656942375
1.567566
1.50835025
1.511899675
1.499036275
1.54649715
1.500811125
1.42673795
1.387038125
1.458893975
1.405444975
1.4258497
1.3695176
1.3402422
1.24199416
1.126005375
1.0013642925
0.891583935
0.6981924125
0.5702256175
0.450464905
0.30741733
0.116465556075
0.03950807916
0.034407297155
0.03906448018
0.027975593085
0.032633073
0.02420543488
0.017108490575
0.01023324621


0.0355161059
0.04993173471
0.054589094615
0.08031541276
0.160377817325
0.2490895187
0.113804391855
0.053036667035
0.17634571075
0.314736092
0.437379745
0.57754433
0.678232225
0.7004101225
0.7083940875
0.79289221
0.84412317
0.8403527825
0.84434471
0.90289463
0.97031528
0.97475125
1.0168890325
1.0676765825
1.0610233975
1.10582274
1.1932041275
1.218042815
1.258406985
1.2881253
1.33026311
1.329375575
1.355545125
1.4515754
1.423409075
1.552485275
1.535851625
1.453793
1.50702035
1.558916975
1.58708275
1.5582512
1.5362952
1.409659625
1.440486575
1.603272825
1.55736515
1.574219625
1.548271725
1.58819155
1.5407304
1.557807625
1.5325255
1.592627025
1.490830275
1.5731111
1.567344075
1.542947725
1.5879699
1.56379685
1.580650225
1.581094625
1.571558175
1.570227725
1.55270665
1.5227674
1.559360275
1.5484931
1.550710975
1.5453878
1.496154
1.4972617
1.49326925
1.50458055
1.525206925
1.53962105
1.54228415
1.54294855
1.558029825
1.540287925
1.536960425
1.53385595
1.5342987
1.5272026
1.441374
1.3790542975
1.480849975
1.4912733
1.48794745
1.4930487
1.495487125
1.467543
1.50458055
1.4846205
1.467764925
1.498148575
1.495488225
1.489499275
1.457120225
1.419418275
1.36596977
1.3692954
1.31252055
1.3313718
1.3040928725
1.315626125
1.2391110875
1.1900995975
1.1586055525
1.1040486325
1.03285688
0.9672105025
0.8248283175
0.685994265
0.5602457025
0.44092833125
0.35066427
0.28191278775
0.15084131425
0.09961033225
0.079206613805
0.07410548783
0.029306325235
0.02531419891
0.01999162451
0.02686674199
0.017330266305
0.04172602841
0.030858768655


0.05680690928
0.059690055975
0.087190732475
0.15061945525
0.21360475125
0.2009635045
0.258182331
0.4356058025
0.512563095
0.5957303825
0.6068194
0.6811152425
0.7294632125
0.752084685
0.78446445
0.84878046
0.90089857
0.9516859275
0.979630190000001
1.03307875
1.091629055
1.1401989775
1.208949225
1.2521965775
1.379719275
1.44603085
1.525649675
1.565791975
1.595066825
1.5640174
1.634100325
1.6026076
1.53385485
1.5848657
1.54871585
1.639644875
1.58885705
1.691097925
1.568010675
1.6764594
1.67756875
1.6939802
1.691541225
1.63432115
1.518108625
1.594844625
1.55847285
1.528310575
1.46887455
1.53052845
1.72325615
1.709949175
1.58774825
1.585530925
1.6465196
1.713053375
1.67779095
1.693980475
1.526757925
1.644968325
1.691541225
1.7117232
1.697530175
1.702851975
1.62123665
1.607043075
1.682890275
1.6915415
1.685553375
1.6913193
1.699081175
1.680008825
1.60238595
1.66581415
1.71416245
1.625451025
1.6817834
1.6784559
1.6915415
1.6944246
1.665371675
1.694202675
1.629442925
1.56579225
1.6864397
1.68400045
1.70329555
1.69087545
1.684222925
1.694645975
1.6571665
1.69264975
1.697751
1.6618228
1.568896175
1.6564988
1.696641925
1.688213725
1.685775025
1.66537085
1.68777125
1.675573075
1.67246915
1.6835577
1.6746862
1.684887875
1.69664165
1.661156475
1.46199845
1.38637235
1.367965775
1.43183755
1.34556576
1.264394395
1.179230965
1.04261586
0.92906462
0.83613882
0.72768872
0.6263357375
0.52631348
0.3131834365
0.15793807645
0.017330187875
0.019104323865
0.03263292142
0.01400353284


0.03595963261
0.03839941446
0.048822981075
0.08497286666
0.23822216
0.3630837925
0.49038528
0.605488455
0.72436221
0.80930366
0.92019334
1.00180817
1.110701845
1.1900982775
1.2843540325
1.388812425
1.453571625
1.44736185
1.5402871
1.4764156
1.585309825
1.506133475
1.55115455
1.618353
1.52875415
1.614139175
1.55115455
1.548271725
1.5952893
1.5382906
1.6580531
1.54871475
1.417865075
1.5569202
1.5345209
1.511234175
1.59040915
1.6542823
1.64407925
1.6467418
1.616357325
1.6227893
1.59950175
1.525428025
1.564239875
1.574441275
1.599502025
1.6270034
1.61414055
1.614139725
1.60682005
1.602385125
1.596397825
1.613918075
1.60238595
1.58752605
1.6114791
1.574884575
1.601497975
1.600611925
1.585752025
1.5864178
1.556699375
1.593958025
1.591740425
1.61014755
1.608817375
1.608817375
1.57998555
1.60482575
1.610591675
1.60238595
1.552928575
1.47863265
1.37949735
1.37661436
1.4132085
1.363308375
1.34889205
1.3799412
1.3457873
1.321834855
1.2284661675
1.1896549775
1.114029125
1.03995419
0.900676755
0.81085609
0.7733754875
0.752528205
0.60216189
0.423851615
0.3710680325
0.236669906
0.11912671045
0.07321860403


0.05680697858
0.04239126067
0.104711109305
0.284130495
0.3329220675
0.422964135
0.538289345
0.5622418725
0.6079280075
0.6613768975
0.779585235
0.937935405
0.932391185
0.9993684525
0.99537647
1.0998352475
1.0996127725
1.1694736625
1.2777010125
1.35953752
1.43959915
1.516334325
1.4639955
1.53895665
1.565126475
1.55802955
1.568897275
1.540952325
1.50591155
1.555146725
1.5112339
1.544944775
1.534742
1.463551375
1.5518195
1.5575857
1.553150225
1.5513762
1.5125649
1.552929125
1.558251475
1.56512675
1.575327875
1.575327325
1.549157775
1.54405845
1.4422606
1.5087952
1.563130525
1.536517125
1.49437915
1.47308865
1.486616175
1.5445001
1.5316378
1.544279275
1.537182075
1.48617315
1.4214134
1.4724226
1.45822875
1.3526623
1.324275425
1.304094
1.35332835
1.38104945
1.2914522225
1.1918735125
1.2446555825
1.245765125
1.20118735
1.10160897
0.917753925
0.80220657
0.7241404225
0.58685913
0.5367370525
0.388145065
0.27703341325
0.2078387135
0.0807590256
0.03174572973
0.03041534001
0.03795562133
0.03839923373
0.038620895885


0.033298138115
0.02775388341
0.056141493375
0.080315447575
0.138865216325
0.15283732475
0.22247594875
0.2442101695
0.3331437725
0.409657545
0.5617979125
0.61258527
0.72746707
0.7525281225
0.862308865
0.9226327275
0.98273505
1.05525739
1.1100367575
1.1495135575
1.2224789225
1.2954437375
1.433611575
1.486172325
1.478411
1.511678025
1.470205
1.564017125
1.5496019
1.6545034
1.5932928
1.61613595
1.54139535
1.6720242
1.660270425
1.675573075
1.683335225
1.66891945
1.66426315
1.70085685
1.69309415
1.650733425
1.66204445
1.676238025
1.681339
1.703516925
1.623455075
1.64519025
1.66758955
1.6631538
1.63676205
1.663596825
1.6376481
1.677347925
1.665148925
1.6660358
1.6777904
1.677790675
1.68200505
1.65450285
1.65672155
1.65938355
1.63210355
1.661157575
1.653172675
1.564239325
1.569340575
1.63498775
1.654503675
1.653616525
1.652951025
1.607264725
1.61236625
1.621681325
1.5981713
1.5759931
1.6214594
1.620349225
1.5950671
1.64097505
1.643857325
1.64385815
1.649181325
1.62944265
1.6307731
1.6516203
1.6321041
1.624119475
1.6327696
1.64740675
1.577989875
1.540066
1.561134575
1.558029825
1.5547026
1.48461995
1.459781675
1.4981483
1.51478195
1.57022745
1.542948275
1.500810575
1.53585135
1.593735825
1.571557625
1.5081297
1.507685575
1.47818935
1.461332675
1.3517759475
1.358206575
1.358206575
1.2799193
1.0747740575
0.9532384675
0.762286415
0.5280877525
0.5096799675
0.5138936825
0.4812921575
0.4003427175
0.3639711625
0.30342534475
0.251307309


0.04527442645
0.034185489855
0.0559198024
0.05458915407
0.1683617705
0.242436095
0.257738767
0.29610645075
0.3506643987
0.401008245
0.53784599
0.5943996575
0.6922041775
0.73367701
0.80664232
0.8596475525
0.9596703325
1.1295535075
1.168143185
1.2493133675
1.28479736
1.29854835
1.360425275
1.41099035
1.455789225
1.464216325
1.50657705
1.533633475
1.568010125
1.625008275
1.68200505
1.663152975
1.633655925
1.72259065
1.701300425
1.742107125
1.635875175
1.784243725
1.66825395
1.65228635
1.674020425
1.73390085
1.63343455
1.75408255
1.7538609
1.7467637
1.620793075
1.679342775
1.694646525
1.707953225
1.74498995
1.752529625
1.721037175
1.74742975
1.736340375
1.739445125
1.675351425
1.57022745
1.544944775
1.55536865
1.5586956
1.5096818
1.57599365
1.4693184
1.47796605
1.331594
1.236672195
1.2173777275
1.147960715
0.9794084575
0.7006319375
0.5203252725
0.391249925
0.27437224375
0.090517256665
0.0639038972
0.04216933798
0.037733953455
0.05414556268


0.04083888721
0.027975646655
0.03285473554
0.165256759855
0.26638811375
0.384153055
0.4642153725
0.570225755
0.6731311125
0.7483143525
0.857651465
0.946806905
1.0492690725
1.150400185
1.28657265
1.381494125
1.43826815
1.50635485
1.62789055
1.642527975
1.76561495
1.8279349
1.845233225
1.78291355
1.836584475
1.90577915
1.897796175
1.91598165
1.901343675
1.887150375
1.86630345
1.841020225
1.854992975
1.867413075
1.86275485
1.835475675
1.844123875
1.86408585
1.82815655
1.82327805
1.813074725
1.830374975
1.811080425
1.79910445
1.8039824
1.7993261
1.787570125
1.8097486
1.817511575
1.833923025
1.819729175
1.82527345
1.78380125
1.7964419
1.737449725
1.72148185
1.73456635
1.74898075
1.7687197
1.68222725
1.706843875
1.733457275
1.6449675
1.463995225
1.451131
1.441817575
1.429399125
1.305644725
1.23334585
1.2213694625
1.1273351375
0.98783597
0.7350076525
0.6030489575
0.4996998325
0.323385425
0.12999397928
0.079206497095
0.05702864123


0.129994148075
0.098501260825
0.14906719575
0.1887653295
0.259069327
0.2579606095
0.302538214
0.3218330225
0.37749976
0.4564530575
0.4812922125
0.6327674375
0.653614775
0.7638389275
0.7997672375
0.87251076
1.025316655
1.04816008
1.106710275
1.1772358125
1.2521966325
1.326714675
1.3739528
1.451131275
1.54339185
1.699968875
1.777811475
1.866746475
1.94570035
1.995379375
1.998483575
1.92108345
1.9501361
1.984069175
1.85255235
2.04084375
2.026872925
2.015118325
2.021771125
1.98584265
1.996487625
2.0270943
2.013787325
2.0213281
1.999593475
1.98961345
1.917756225
1.8767276
1.896465175
1.984512475
1.991386375
1.92263445
1.87251295
1.963443075
1.938381225
2.003584825
1.8796107
1.98029645
1.96588205
1.9776361
1.993383425
1.9483618
1.848560725
1.7891236
1.8501131
1.8093064
1.792671925
1.6811179
1.65783035
1.668032025
1.5924051
1.42540475
1.15439269
1.175239395
1.226692115
1.1532839725
1.0439458425
0.9272901
0.6467395275
0.4690945325
0.568673325
0.54915663
0.416089135
0.221367039025
0.09340047123
0.06434741148


0.047270443935
0.045274394385
0.141748211055
0.33491794853
0.40655274
0.5209907175
0.6023836225
0.71305135
0.7547460525
0.869849365
1.44869296
2.1728025
2.12600685
2.106047625
2.060581875
2.0344126
2.0117911
2.01445145
2.047719025
2.0650179
2.035300025
2.03773955
1.992718475
1.95390635
1.977635825
1.9805203
2.0124566
1.981406625
1.9789671
1.9953791
1.9949358
1.9960446
2.01046065
1.9889474
2.021106175
1.973422275
1.94370495
1.980297825
1.989169875
2.008465525
1.99471415
1.9716488
1.996265975
1.9896118
2.002698775
1.96987395
1.97985315
1.9949358
2.02554165
1.9967101
2.015117775
1.958785125
1.8694082
1.733235625
1.695311475
1.71194485
1.68555365
1.704182425
1.67135925
1.570006075
1.5691181
1.48772525
1.26461643
1.07610404
1.1009438825
0.966544975
0.713051405
0.55647537
0.461332245
0.29610647825
0.085860034975
0.020213312295
0.021987609545
-0.000190289879999994
0.108925014385
0.08208968823
-0.002186455865


0.04793586248
0.058137653035
0.170357913
0.1927576255
0.26705349
0.38082631125
0.4928247775
0.530305325
0.57887511
0.6986357125
0.8042026025
0.9177535125
1.004469785
1.1501790025
1.244656435
1.3608678875
1.396354025
1.579764725
1.7396676
1.767832275
1.815293975
1.838359325
1.806866875
1.890921175
1.80775265
1.819507525
1.9193075
1.92551755
1.845012675
1.918198975
1.91620275
1.940599375
1.934610975
1.87340065
1.86896435
1.850335575
1.85698865
1.855214075
1.864307775
1.83170515
1.8452335
1.82372135
1.8490043
1.8383585
1.85698865
1.889146875
1.880054
1.8487821
1.847230275
1.83414605
1.7709373
1.734788
1.67047265
1.62877715
1.67690435
1.692206725
1.6145822
1.459115625
1.4954874
1.487948
1.380606425
1.1614892575
1.0446115625
0.9246286225
0.689986385
0.628997105
0.532523255
0.332256771
0.241327144575
0.2442101607
0.097614319825
0.083863912605
0.075436436075
0.039508086585


0.050153461765
0.04860117878
0.082089778705
0.258847842
0.371289765
0.5402857075
0.519660075
0.6456305625
0.729463075
0.8769465925
1.0033603525
1.141529125
1.3040923775
1.4274018
1.48994285
1.557807625
1.6542823
1.71527125
1.793116325
1.83636255
1.835032375
1.83924565
1.85144355
1.86031615
1.82483015
1.846786425
1.804425975
1.861645775
1.8516652
1.842128475
1.884267275
1.903339625
1.867411975
1.868742975
1.8689649
1.882714625
1.88737175
1.83591925
1.818176525
1.735453775
1.669141375
1.64341485
1.66803175
1.71261035
1.67069375
1.540287375
1.511233625
1.518996875
1.4639955
1.3045373
1.2519747625
1.105379495
0.9585611475
0.786016715
0.6984142275
0.6525057825
0.6254485875
0.4923812575
0.34401092
0.242435930825
0.09317866283
-0.003516988145
0.0572505505
0.04128235716
0.04305658731
0.05525448555
0.03640317978


0.06523443575
0.0916262094
0.18322093625
0.235339027
0.36463648375
0.495929885
0.6003877
0.577987905
0.6773449375
0.75918161
0.8370261075
1.0046909125
1.1304403825
1.2169346475
1.398570525
1.520104575
1.578433175
1.57821235
1.604381625
1.610370575
1.616357325
1.60083385
1.620348675
1.6205706
1.62234545
1.614581925
1.596840575
1.6139178
1.600389725
1.58863485
1.585973675
1.5995034
1.58752605
1.563574925
1.551155375
1.5511551
1.554037375
1.573332475
1.547162925
1.55448095
1.527203425
1.5311945
1.536294925
1.540509575
1.53962215
1.53052845
1.50702035
1.5076853
1.5402882
1.54538835
1.5156691
1.557585975
1.54317075
1.530528175
1.491052475
1.5136726
1.505689625
1.4693173
1.488390475
1.505023575
1.472200125
1.40256215
1.39324845
1.37994131
1.3284881225
1.274817665
1.2546353325
1.187882245
1.124452285
1.05414837
0.9616661175
0.91553605
0.801984975
0.70462392
0.6338763475
0.5291963875
0.4948207
0.407883355
0.328264442
0.28368693375
0.19896752095
0.139308862
0.098057616855
0.09317862345
0.07587975648
0.06124235238
0.034407135455


0.026423198835
0.03019328543
0.16791823103
0.2830216785
0.49459916
0.527865855
0.6471831575
0.93239102
0.9647707025
1.1477382125
1.2714910725
1.310302125
1.336029475
1.367078075
1.3910303
1.4360511
1.3806067
1.397462825
1.412322175
1.396575125
1.369074025
1.38947765
1.422966875
1.39546605
1.37661425
1.425183925
1.429175825
1.42961995
1.403449575
1.388368575
1.390807825
1.391694975
1.40544635
1.39613155
1.402340775
1.40478085
1.427846475
1.402785175
1.397238975
1.411212825
1.3914736
1.39369175
1.3945789
1.3624214725
1.378611575
1.40012345
1.36619175
1.3826032
1.37417555
1.3943567
1.3544355
1.3579852
1.358206575
1.33602865
1.355101275
1.3327028275
1.33336775
1.337581575
1.351331575
1.328045125
1.352662025
1.34135155
1.339578075
1.3289322475
1.34467795
1.350887725
1.343568875
1.27149154
1.2459865825
1.2876809
1.3023186
1.30076694
1.3103029225
1.3269355
1.284355105
1.2912303525
1.2863499
1.3145160875
1.22292203
1.2972179825
1.303870975
1.245765455
1.279919355
1.2666128475
1.25507998
1.2189302125
1.251753635
1.2162689825
1.11181026
1.088745625
1.086749675
0.936604955
0.8729543075
0.68643784
0.5185513025
0.53252353
0.4012299115
0.34112799875
0.22713314503
0.1951971087
0.20650783945
0.08940851975
0.04616144863
0.04017348038
0.04948819183
